6 0.09453125 0.640625 0.075 0.13359375
5 0.04453125 0.84921875 0.05625 0.03046875
6 0.24296875 0.590625 0.0484375 0.08515625
6 0.3453125 0.57265625 0.04375 0.08046875
5 0.325 0.7109375 0.0296875 0.03046875
8 0.19765625 0.75546875 0.07890625 0.11640625
6 0.4875 0.56875 0.0421875 0.08515625
3 0.5109375 0.69765625 0.06015625 0.11953125
0 0.53828125 0.80859375 0.04140625 0.05546875
6 0.60703125 0.578125 0.046875 0.0890625
6 0.7 0.60546875 0.0609375 0.10703125
5 0.69453125 0.81875 0.03671875 0.03515625
3 0.84296875 0.6609375 0.0640625 0.11953125
2 0.8859375 0.8265625 0.096875 0.05390625
1 0.21875 0.74453125 0.14921875 0.1984375
10 0.10625 0.70546875 0.13359375 0.26484375
10 0.24765625 0.62890625 0.08671875 0.1640625
10 0.34609375 0.6265625 0.08828125 0.16953125
10 0.4921875 0.61640625 0.09921875 0.16640625
1 0.5328125 0.7359375 0.1375 0.20390625
10 0.60703125 0.61796875 0.1 0.175
10 0.709375 0.690625 0.1296875 0.26171875
10 0.85390625 0.70703125 0.13515625 0.225