3 0.15078125 0.65625 0.0375 0.08125
0 0.12578125 0.7203125 0.05390625 0.0390625
8 0.2265625 0.69296875 0.05546875 0.08125
8 0.30390625 0.6890625 0.053125 0.0890625
3 0.396875 0.61875 0.0453125 0.08125
7 0.37265625 0.72421875 0.06640625 0.05625
3 0.56953125 0.6515625 0.03828125 0.07421875
0 0.56640625 0.71953125 0.040625 0.03671875
3 0.75703125 0.61640625 0.04453125 0.0890625
0 0.7671875 0.6984375 0.05 0.0546875
8 0.875 0.77265625 0.075 0.13046875
3 0.6890625 0.68828125 0.05859375 0.13046875
0 0.69609375 0.83359375 0.0828125 0.06484375
1 0.23125 0.68359375 0.10234375 0.1234375
1 0.31328125 0.6890625 0.08671875 0.09921875
1 0.55859375 0.68046875 0.10078125 0.11953125
1 0.865625 0.775 0.16015625 0.18359375
1 0.15 0.678125 0.1015625 0.13515625
10 0.3984375 0.659375 0.0921875 0.15390625
10 0.68828125 0.746875 0.16328125 0.24453125
10 0.75390625 0.6515625 0.09765625 0.16328125