3 0.05859375 0.5859375 0.0421875 0.04375
3 0.0421875 0.64375 0.05859375 0.10703125
0 0.0234375 0.778125 0.04609375 0.059375
3 0.14765625 0.6203125 0.05625 0.1015625
2 0.1234375 0.78671875 0.08515625 0.05625
3 0.26171875 0.58203125 0.0390625 0.07421875
7 0.26015625 0.665625 0.07265625 0.04609375
3 0.45078125 0.5609375 0.03515625 0.06953125
0 0.45625 0.63203125 0.0296875 0.03359375
9 0.40078125 0.58046875 0.053125 0.10625
7 0.3765625 0.75625 0.1 0.06640625
5 0.315625 0.76875 0.0265625 0.03359375
3 0.61484375 0.521875 0.0296875 0.06953125
3 0.70078125 0.503125 0.03515625 0.0796875
3 0.7828125 0.48046875 0.03984375 0.07421875
3 0.64453125 0.546875 0.04375 0.11953125
3 0.76953125 0.57578125 0.0625 0.11953125
3 0.91640625 0.53125 0.06484375 0.1203125
0 0.9265625 0.6859375 0.05546875 0.05625
7 0.7953125 0.71796875 0.09765625 0.0796875
5 0.734375 0.74296875 0.0328125 0.040625
10 0.059375 0.69375 0.1171875 0.2109375
10 0.159375 0.6734375 0.13046875 0.2046875
10 0.275 0.6140625 0.115625 0.1265625
10 0.38515625 0.64296875 0.13984375 0.2390625
10 0.4640625 0.5890625 0.08984375 0.1359375
10 0.60390625 0.5625 0.04921875 0.14375
10 0.64375 0.61796875 0.1265625 0.253125
10 0.703125 0.5421875 0.07265625 0.1546875
10 0.7953125 0.51484375 0.084375 0.13671875
10 0.771875 0.61796875 0.14765625 0.22578125
10 0.9171875 0.59375 0.15 0.24453125