3 0.03515625 0.46640625 0.0625 0.11875
2 0.04140625 0.58125 0.08125 0.078125
3 0.19609375 0.48828125 0.0578125 0.11328125
0 0.18046875 0.60078125 0.0515625 0.05546875
6 0.3296875 0.440625 0.05 0.1109375
0 0.284375 0.59375 0.0421875 0.05546875
2 0.2859375 0.64375 0.121875 0.0390625
6 0.37109375 0.44375 0.0328125 0.059375
6 0.5546875 0.44375 0.034375 0.07421875
9 0.6484375 0.47890625 0.04453125 0.07578125
6 0.69765625 0.5046875 0.04609375 0.1015625
2 0.69140625 0.67890625 0.08359375 0.05
10 0.20703125 0.53203125 0.1234375 0.1953125
10 0.33984375 0.5140625 0.14765625 0.25
10 0.390625 0.49140625 0.07265625 0.15703125
10 0.546875 0.4984375 0.0953125 0.17109375
10 0.63671875 0.5171875 0.078125 0.14140625
10 0.68515625 0.56640625 0.12890625 0.2203125
10 0.7421875 0.53046875 0.053125 0.14921875
1 0.07421875 0.5125 0.13984375 0.203125