10 0.0640625 0.24375 0.07890625 0.1203125
10 0.0578125 0.18828125 0.06953125 0.09921875
10 0.1390625 0.1484375 0.04921875 0.07421875
10 0.15078125 0.33671875 0.13671875 0.18046875
10 0.27890625 0.35859375 0.11328125 0.15546875
1 0.25 0.25546875 0.07265625 0.1046875
10 0.3203125 0.29765625 0.08046875 0.1640625
10 0.30703125 0.18203125 0.040625 0.07421875
10 0.37421875 0.1390625 0.0484375 0.06953125
1 0.39765625 0.22578125 0.06328125 0.0890625
10 0.42109375 0.15859375 0.05703125 0.0859375
10 0.44453125 0.13046875 0.02890625 0.078125
10 0.478125 0.159375 0.0390625 0.1
10 0.46875 0.225 0.0640625 0.1203125
1 0.44765625 0.28046875 0.07265625 0.103125
10 0.44609375 0.3484375 0.08984375 0.18046875
10 0.53515625 0.346875 0.09140625 0.18828125
10 0.51953125 0.18828125 0.05078125 0.0953125
1 0.565625 0.178125 0.05625 0.07109375
10 0.56328125 0.20703125 0.04609375 0.0765625
10 0.65 0.23203125 0.0578125 0.10625
1 0.59765625 0.2875 0.06875 0.09375
10 0.63828125 0.37109375 0.13359375 0.16640625
0 0.64375 0.43046875 0.05234375 0.0390625
1 0.73125 0.19296875 0.0546875 0.08203125
1 0.79765625 0.18828125 0.0375 0.06875
10 0.76640625 0.21640625 0.05234375 0.09296875
10 0.815625 0.21875 0.04921875 0.08359375
10 0.8859375 0.203125 0.04921875 0.0703125
10 0.83515625 0.29609375 0.06953125 0.1140625
10 0.8984375 0.33828125 0.0875 0.15859375
10 0.9609375 0.29375 0.06171875 0.1015625
2 0.26015625 0.4265625 0.06953125 0.03515625
2 0.515625 0.44296875 0.03828125 0.03203125
2 0.978125 0.46875 0.04375 0.03125
10 0.346875 0.24140625 0.0703125 0.14921875
10 0.70234375 0.171875 0.0453125 0.09921875
3 0.0625 0.2203125 0.034375 0.071875
3 0.04375 0.171875 0.03046875 0.0609375
3 0.1328125 0.1390625 0.025 0.05546875
6 0.175 0.2953125 0.04453125 0.09609375
3 0.2671875 0.32578125 0.04453125 0.084375
3 0.30625 0.26640625 0.03984375 0.09375
3 0.2671875 0.24140625 0.03359375 0.07421875
3 0.31015625 0.1765625 0.02578125 0.05625
6 0.33828125 0.1984375 0.03203125 0.06328125
3 0.32578125 0.13828125 0.021875 0.05625
9 0.36015625 0.13125 0.01875 0.0515625
3 0.396875 0.2171875 0.0296875 0.06796875
3 0.42421875 0.146875 0.0234375 0.05546875
6 0.44140625 0.11796875 0.02109375 0.04609375
6 0.471875 0.1359375 0.02265625 0.05
3 0.46875 0.1953125 0.02890625 0.06484375
3 0.4390625 0.26328125 0.03203125 0.06796875
6 0.4546875 0.30390625 0.03671875 0.0890625
6 0.540625 0.2984375 0.0390625 0.09296875
3 0.52109375 0.16875 0.02421875 0.05625
3 0.571875 0.16640625 0.02421875 0.0453125
6 0.56875 0.19453125 0.0234375 0.04609375
3 0.65 0.2140625 0.028125 0.06484375
3 0.64375 0.340625 0.04609375 0.1015625
6 0.709375 0.14140625 0.01796875 0.03671875
3 0.74453125 0.178125 0.02421875 0.0515625
3 0.7703125 0.196875 0.02265625 0.05078125
3 0.8015625 0.18203125 0.025 0.05078125
3 0.82421875 0.20390625 0.0234375 0.05078125
3 0.84765625 0.271875 0.03046875 0.06875
3 0.896875 0.19453125 0.0265625 0.05078125
6 0.90703125 0.296875 0.03828125 0.075
3 0.97578125 0.27890625 0.03046875 0.06484375