10 0.06875 0.24296875 0.0859375 0.13046875
10 0.140625 0.14453125 0.04921875 0.08359375
10 0.3765625 0.13671875 0.03828125 0.06796875
10 0.30703125 0.1765625 0.040625 0.09375
10 0.275 0.2453125 0.07265625 0.12578125
10 0.3453125 0.2484375 0.04765625 0.13984375
10 0.275 0.34609375 0.10859375 0.1765625
10 0.16484375 0.33671875 0.10078125 0.18046875
10 0.4234375 0.15703125 0.046875 0.08359375
10 0.39765625 0.2140625 0.06796875 0.11171875
1 0.44921875 0.265625 0.07421875 0.128125
10 0.446875 0.34609375 0.10078125 0.18359375
2 0.51484375 0.44296875 0.03984375 0.03828125
10 0.571875 0.20546875 0.0515625 0.078125
10 0.54765625 0.34921875 0.090625 0.19453125
10 0.63125 0.228125 0.05390625 0.10625
10 0.6484375 0.371875 0.13359375 0.17421875
1 0.7109375 0.178125 0.0375 0.05390625
1 0.73203125 0.19453125 0.05859375 0.08203125
10 0.76328125 0.215625 0.04765625 0.09296875
10 0.81171875 0.21875 0.04609375 0.090625
10 0.884375 0.18984375 0.0421875 0.0890625
10 0.83828125 0.3 0.07421875 0.128125
10 0.89765625 0.33828125 0.08203125 0.16171875
10 0.034375 0.159375 0.046875 0.08046875
10 0.34375 0.14296875 0.06640625 0.0984375
10 0.47734375 0.22421875 0.05546875 0.11953125
10 0.21171875 0.30078125 0.0875 0.15078125
10 0.5203125 0.18671875 0.04921875 0.1
2 0.25625 0.41875 0.0734375 0.03359375
10 0.3265625 0.30546875 0.07109375 0.15703125
1 0.59765625 0.2890625 0.06328125 0.09453125
1 0.79296875 0.18984375 0.03203125 0.071875
3 0.06328125 0.221875 0.03515625 0.07578125
3 0.04375 0.1515625 0.02421875 0.05625
3 0.134375 0.13515625 0.02578125 0.05703125
9 0.34453125 0.12421875 0.02734375 0.05390625
3 0.36640625 0.13203125 0.01875 0.05078125
6 0.3 0.15859375 0.02578125 0.05625
6 0.3375 0.2109375 0.03046875 0.0609375
3 0.32421875 0.27421875 0.04140625 0.08984375
6 0.28359375 0.22578125 0.034375 0.08046875
6 0.27578125 0.30234375 0.04453125 0.0859375
3 0.19140625 0.27421875 0.04453125 0.09375
6 0.15546875 0.29453125 0.04453125 0.09375
6 0.39609375 0.19453125 0.02890625 0.065625
3 0.42265625 0.146875 0.02265625 0.059375
6 0.44296875 0.1203125 0.01953125 0.0484375
10 0.4515625 0.13046875 0.0390625 0.06875
6 0.49140625 0.14453125 0.02265625 0.046875
6 0.51640625 0.16484375 0.025 0.05546875
3 0.4640625 0.196875 0.028125 0.06171875
6 0.44453125 0.23984375 0.03203125 0.07421875
6 0.45234375 0.29453125 0.03984375 0.078125
6 0.55078125 0.3 0.03984375 0.08671875
6 0.571875 0.19296875 0.0234375 0.0515625
6 0.62421875 0.20625 0.02421875 0.06015625
3 0.61171875 0.28046875 0.03203125 0.07109375
3 0.64609375 0.3390625 0.046875 0.10390625
0 0.6515625 0.4328125 0.046875 0.03984375
3 0.7171875 0.17421875 0.01953125 0.04296875
3 0.74765625 0.184375 0.025 0.05078125
3 0.79375 0.18359375 0.02578125 0.0546875
9 0.77109375 0.19609375 0.02421875 0.053125
9 0.8140625 0.20078125 0.02421875 0.0515625
3 0.89296875 0.171875 0.025 0.053125
9 0.8578125 0.27109375 0.02734375 0.06796875
7 0.84375 0.34140625 0.0421875 0.025
6 0.90859375 0.29296875 0.0390625 0.07109375
10 0.9578125 0.3703125 0.084375 0.209375
6 0.984375 0.315625 0.03125 0.09375