6 0.184375 0.58828125 0.065625 0.10546875
5 0.1390625 0.76484375 0.03515625 0.040625
3 0.2859375 0.57421875 0.03515625 0.08125
0 0.27890625 0.63359375 0.03515625 0.040625
6 0.3328125 0.5703125 0.05234375 0.11484375
5 0.29140625 0.75859375 0.0375 0.04609375
3 0.3984375 0.56171875 0.04609375 0.090625
0 0.3921875 0.64609375 0.03359375 0.0515625
6 0.5734375 0.55859375 0.0375 0.08359375
3 0.59921875 0.61875 0.05546875 0.12578125
0 0.59765625 0.76875 0.06875 0.0703125
3 0.7203125 0.57890625 0.05 0.13125
0 0.7296875 0.68359375 0.05703125 0.059375
3 0.7625 0.56484375 0.0421875 0.078125
9 0.83203125 0.628125 0.06953125 0.11484375
2 0.9078125 0.80390625 0.15 0.06640625
1 0.28203125 0.6015625 0.07109375 0.128125
1 0.4109375 0.5984375 0.0859375 0.16328125
10 0.56015625 0.596875 0.07734375 0.146875
10 0.76875 0.58203125 0.05703125 0.10546875
10 0.18671875 0.6484375 0.13984375 0.2234375
10 0.3328125 0.6421875 0.121875 0.2546875
10 0.59375 0.67890625 0.140625 0.2484375
10 0.7265625 0.653125 0.13515625 0.26796875
10 0.8546875 0.68046875 0.140625 0.22578125