3 0.11796875 0.5296875 0.0671875 0.10390625
7 0.0921875 0.63828125 0.10859375 0.07578125
3 0.25078125 0.5203125 0.05859375 0.1109375
0 0.2234375 0.6453125 0.04609375 0.04609375
6 0.378125 0.49375 0.0546875 0.1109375
0 0.32578125 0.66640625 0.03984375 0.059375
6 0.43203125 0.4890625 0.0375 0.07421875
6 0.603125 0.48984375 0.0390625 0.08671875
6 0.70703125 0.51875 0.03828125 0.07578125
6 0.78828125 0.5234375 0.04140625 0.08125
3 0.74140625 0.58046875 0.053125 0.11875
2 0.73828125 0.74375 0.08359375 0.05703125
10 0.13828125 0.56953125 0.1234375 0.18203125
10 0.26328125 0.57890625 0.12265625 0.2
10 0.38671875 0.56953125 0.153125 0.2484375
10 0.4453125 0.5390625 0.07421875 0.15625
10 0.58984375 0.54375 0.09921875 0.16875
10 0.6859375 0.55625 0.084375 0.1359375
10 0.7296875 0.6296875 0.1359375 0.2203125
10 0.79375 0.56640625 0.0703125 0.16796875