10 0.065625 0.24375 0.0796875 0.1203125
10 0.0953125 0.16328125 0.05390625 0.10546875
10 0.1375 0.1484375 0.05078125 0.06953125
10 0.14609375 0.340625 0.1265625 0.17578125
10 0.278125 0.35703125 0.1140625 0.15546875
1 0.25078125 0.25546875 0.07265625 0.10078125
10 0.31875 0.29375 0.0796875 0.171875
10 0.30625 0.18046875 0.0390625 0.07890625
10 0.3765625 0.13515625 0.046875 0.06875
1 0.396875 0.22421875 0.0671875 0.09453125
10 0.42109375 0.1578125 0.05546875 0.0859375
10 0.44453125 0.13046875 0.02890625 0.0796875
10 0.46640625 0.21796875 0.06640625 0.134375
1 0.44765625 0.28125 0.07265625 0.103125
10 0.446875 0.34375 0.08984375 0.18046875
10 0.53515625 0.34609375 0.09140625 0.18828125
10 0.51875 0.20078125 0.0484375 0.075
10 0.565625 0.17578125 0.05625 0.07578125
10 0.5640625 0.20625 0.04609375 0.07890625
10 0.63671875 0.23046875 0.0578125 0.10625
1 0.596875 0.2890625 0.0671875 0.0890625
10 0.63828125 0.36953125 0.13125 0.16640625
0 0.64375 0.43046875 0.0515625 0.040625
1 0.73671875 0.19296875 0.0484375 0.0734375
10 0.765625 0.21640625 0.053125 0.09453125
10 0.81640625 0.2109375 0.05625 0.10625
10 0.8859375 0.20078125 0.04921875 0.075
1 0.83515625 0.30625 0.075 0.10390625
10 0.89609375 0.3359375 0.08203125 0.15703125
10 0.95 0.2890625 0.04609375 0.1109375
2 0.26015625 0.4265625 0.06953125 0.03515625
2 0.515625 0.44296875 0.03828125 0.03203125
2 0.978125 0.46875 0.04375 0.03125
10 0.33828125 0.246875 0.04921875 0.14453125
10 0.9484375 0.3671875 0.10234375 0.196875
10 0.703125 0.17890625 0.04453125 0.10390625
3 0.06328125 0.22109375 0.03359375 0.075
9 0.084375 0.14375 0.0296875 0.0609375
3 0.12578125 0.14296875 0.025 0.05625
6 0.15 0.2984375 0.04296875 0.09375
3 0.26796875 0.3265625 0.0453125 0.0890625
3 0.3015625 0.25546875 0.03984375 0.0890625
3 0.26640625 0.24375 0.03359375 0.07578125
6 0.3328125 0.20625 0.03046875 0.05859375
6 0.31953125 0.13125 0.02109375 0.05078125
3 0.309375 0.16796875 0.02578125 0.0546875
3 0.33671875 0.11953125 0.0171875 0.05078125
10 0.34296875 0.13671875 0.0328125 0.08046875
9 0.3640625 0.1265625 0.01953125 0.05
3 0.396875 0.2171875 0.03046875 0.06796875
3 0.42265625 0.14375 0.021875 0.05546875
6 0.440625 0.11640625 0.0203125 0.04609375
6 0.46484375 0.18046875 0.02734375 0.05625
6 0.45546875 0.296875 0.0390625 0.08125
6 0.5375 0.29453125 0.0390625 0.08828125
3 0.51953125 0.19375 0.02421875 0.05703125
6 0.56875 0.19375 0.0234375 0.0515625
3 0.57265625 0.15703125 0.025 0.046875
6 0.6359375 0.20625 0.02734375 0.06015625
3 0.64453125 0.34140625 0.04609375 0.10078125
3 0.7109375 0.14765625 0.01953125 0.04375
3 0.746875 0.18203125 0.02421875 0.05
3 0.76953125 0.19375 0.021875 0.05
9 0.8046875 0.1859375 0.02421875 0.0546875
3 0.89453125 0.1859375 0.02734375 0.04453125
3 0.8546875 0.29140625 0.03046875 0.06796875
0 0.84765625 0.3390625 0.03359375 0.0265625
6 0.90625 0.29609375 0.03828125 0.0765625
6 0.95703125 0.265625 0.03125 0.0640625
6 0.98359375 0.3109375 0.0328125 0.09375
1 0.2125 0.31953125 0.0828125 0.11484375
3 0.19140625 0.31015625 0.0375 0.0796875