8 0.11328125 0.76875 0.07890625 0.1296875
5 0.0578125 0.834375 0.03828125 0.04375
6 0.23359375 0.60078125 0.0421875 0.08671875
0 0.215625 0.68046875 0.04375 0.04296875
8 0.2421875 0.73984375 0.06328125 0.128125
3 0.35078125 0.59296875 0.04921875 0.09375
0 0.3359375 0.68125 0.03984375 0.05546875
3 0.521875 0.6234375 0.0390625 0.08046875
5 0.52890625 0.69921875 0.03125 0.03046875
3 0.63203125 0.61484375 0.04453125 0.0890625
7 0.63203125 0.69375 0.07890625 0.05703125
3 0.75390625 0.59375 0.05859375 0.109375
5 0.7515625 0.81953125 0.0375 0.04375
6 0.86953125 0.61875 0.05546875 0.1015625
2 0.93828125 0.84375 0.11640625 0.06328125
10 0.22265625 0.628125 0.08984375 0.1484375
10 0.35390625 0.63125 0.09765625 0.16875
10 0.51484375 0.64296875 0.10546875 0.1453125
10 0.62578125 0.64375 0.10234375 0.14453125
10 0.7359375 0.6859375 0.18125 0.26875
10 0.878125 0.6984375 0.13046875 0.26953125
1 0.10859375 0.73125 0.1640625 0.203125
1 0.2609375 0.74609375 0.14453125 0.20546875