6 0.1921875 0.59453125 0.06875 0.1109375
5 0.1390625 0.76875 0.03984375 0.040625
3 0.28828125 0.575 0.04140625 0.0796875
6 0.33984375 0.56796875 0.0546875 0.109375
6 0.40703125 0.53203125 0.04609375 0.08671875
3 0.56640625 0.58046875 0.03359375 0.06640625
3 0.60078125 0.609375 0.05 0.12578125
0 0.58203125 0.78046875 0.053125 0.06640625
3 0.76640625 0.5640625 0.04140625 0.0609375
6 0.80703125 0.56875 0.05546875 0.10703125
3 0.96796875 0.640625 0.0609375 0.12578125
1 0.55703125 0.60625 0.08046875 0.13671875
1 0.746875 0.6109375 0.0859375 0.14296875
10 0.1875 0.65078125 0.13046875 0.2265625
10 0.290625 0.60390625 0.06328125 0.125
10 0.340625 0.64140625 0.12890625 0.253125
10 0.4140625 0.58671875 0.0796875 0.1765625
10 0.59609375 0.6703125 0.13828125 0.23671875
10 0.79921875 0.65703125 0.14609375 0.27890625
10 0.9421875 0.69140625 0.11484375 0.21953125