8 0.08828125 0.76875 0.07578125 0.11875
5 0.046875 0.9 0.0515625 0.03359375
6 0.25703125 0.696875 0.05390625 0.10546875
6 0.24296875 0.63125 0.0390625 0.06640625
2 0.18828125 0.88671875 0.12109375 0.06640625
6 0.3484375 0.61953125 0.04375 0.071875
5 0.32578125 0.75546875 0.021875 0.0296875
2 0.35703125 0.75546875 0.03515625 0.028125
6 0.48046875 0.6234375 0.04453125 0.0796875
6 0.6 0.61484375 0.0421875 0.0890625
5 0.61328125 0.7453125 0.02265625 0.02421875
3 0.5265625 0.728125 0.059375 0.1296875
0 0.53125 0.85703125 0.0546875 0.059375
6 0.70390625 0.65390625 0.053125 0.11484375
5 0.69765625 0.8640625 0.03359375 0.0390625
3 0.8390625 0.72109375 0.06875 0.11328125
2 0.88828125 0.8609375 0.1 0.059375
10 0.85703125 0.76328125 0.12578125 0.18046875
10 0.71015625 0.728125 0.12421875 0.26015625
10 0.6 0.66328125 0.08203125 0.16640625
10 0.53125 0.77890625 0.1359375 0.21015625
10 0.48984375 0.66953125 0.07421875 0.15625
10 0.34609375 0.6734375 0.08125 0.165625
10 0.2546875 0.76015625 0.12734375 0.22578125
10 0.23828125 0.67734375 0.05546875 0.153125
1 0.11328125 0.790625 0.14921875 0.20390625