6 0.0859375 0.55078125 0.04609375 0.06875
3 0.05703125 0.60390625 0.06171875 0.1109375
6 0.18125 0.5703125 0.0546875 0.11484375
7 0.146875 0.7609375 0.090625 0.06875
3 0.29765625 0.54609375 0.04765625 0.0890625
7 0.2796875 0.640625 0.065625 0.059375
3 0.48203125 0.52578125 0.03671875 0.0890625
0 0.47578125 0.61640625 0.03359375 0.0484375
3 0.38203125 0.58359375 0.0625 0.13359375
0 0.3640625 0.734375 0.06015625 0.05
6 0.65078125 0.48359375 0.02890625 0.06640625
3 0.6765625 0.53046875 0.0625 0.12578125
6 0.73359375 0.45546875 0.04296875 0.08125
3 0.84140625 0.45703125 0.0375 0.0890625
6 0.80390625 0.48046875 0.05625 0.13359375
6 0.9546875 0.490625 0.06640625 0.1296875
2 0.82578125 0.728125 0.06875 0.0703125
10 0.08359375 0.65703125 0.1140625 0.2140625
10 0.1875 0.6484375 0.13671875 0.25
10 0.10625 0.58828125 0.0828125 0.13125
10 0.303125 0.58515625 0.0953125 0.14453125
10 0.39453125 0.64140625 0.15625 0.234375
10 0.48828125 0.5640625 0.09453125 0.15078125
10 0.64375 0.5328125 0.05390625 0.14921875
10 0.67734375 0.60546875 0.14609375 0.26875
10 0.73828125 0.515625 0.07265625 0.196875
10 0.80625 0.56953125 0.140625 0.28984375
10 0.85390625 0.5046875 0.07421875 0.18515625
10 0.93671875 0.5640625 0.1265625 0.26015625