3 0.115625 0.41328125 0.0265625 0.053125
3 0.1671875 0.384375 0.02421875 0.0453125
3 0.2078125 0.43046875 0.02890625 0.05703125
6 0.2625 0.39609375 0.0234375 0.04375
3 0.24453125 0.35625 0.01796875 0.03828125
3 0.30390625 0.34921875 0.01953125 0.040625
3 0.271875 0.34140625 0.0171875 0.028125
6 0.3296875 0.45625 0.02890625 0.065625
6 0.4 0.45625 0.03125 0.0640625
6 0.5109375 0.44296875 0.03203125 0.06015625
8 0.3609375 0.45546875 0.02890625 0.0515625
3 0.421875 0.43046875 0.0265625 0.059375
6 0.3984375 0.39296875 0.02265625 0.0453125
6 0.415625 0.3546875 0.0203125 0.0390625
6 0.45703125 0.39375 0.02265625 0.04453125
6 0.47109375 0.321875 0.0140625 0.03046875
3 0.44609375 0.34375 0.0171875 0.0296875
6 0.4921875 0.38125 0.02109375 0.04375
3 0.50703125 0.340625 0.01875 0.03671875
6 0.53828125 0.33125 0.01796875 0.03046875
6 0.52265625 0.40078125 0.02578125 0.05078125
3 0.5328125 0.36875 0.01875 0.04453125
9 0.596875 0.334375 0.0171875 0.03046875
6 0.590625 0.390625 0.0234375 0.04609375
6 0.5859375 0.48046875 0.03125 0.0703125
3 0.66875 0.49140625 0.03359375 0.06796875
6 0.64296875 0.4421875 0.0234375 0.04375
6 0.6171875 0.36640625 0.01796875 0.034375
9 0.65546875 0.3734375 0.02109375 0.04453125
9 0.72890625 0.32421875 0.01484375 0.0296875
3 0.734375 0.35625 0.01640625 0.0359375
6 0.75390625 0.36796875 0.01796875 0.0359375
3 0.7765625 0.353125 0.01875 0.040625
3 0.80546875 0.3734375 0.0203125 0.034375
3 0.853125 0.35546875 0.0171875 0.0390625
3 0.83203125 0.3859375 0.01953125 0.04375
3 0.86015625 0.41640625 0.02421875 0.046875
3 0.87890625 0.45390625 0.02734375 0.05859375
6 0.925 0.45390625 0.03359375 0.06640625
3 0.959375 0.42421875 0.0234375 0.04375
6 0.990625 0.48046875 0.01875 0.06484375
10 0.91953125 0.49296875 0.08203125 0.1546875
10 0.8125 0.43046875 0.04921875 0.09296875
10 0.86328125 0.47421875 0.05546875 0.10546875
10 0.84765625 0.36015625 0.03828125 0.05546875
10 0.75234375 0.38125 0.0359375 0.0640625
10 0.7296875 0.365625 0.03359375 0.05390625
10 0.6671875 0.50390625 0.07265625 0.10078125
10 0.58828125 0.496875 0.06953125 0.10546875
10 0.63515625 0.4671875 0.04140625 0.10078125
10 0.5140625 0.48046875 0.06484375 0.1390625
10 0.58125 0.415625 0.0515625 0.10390625
10 0.65703125 0.3890625 0.04453125 0.0765625
10 0.62109375 0.3765625 0.0359375 0.06171875
10 0.59609375 0.34140625 0.0296875 0.04609375
10 0.50625 0.3484375 0.03515625 0.05546875
10 0.4890625 0.39296875 0.040625 0.07109375
10 0.4734375 0.33046875 0.03359375 0.05390625
10 0.4125 0.48828125 0.08515625 0.12578125
10 0.4578125 0.41640625 0.03828125 0.09140625
1 0.36640625 0.46640625 0.04453125 0.084375
10 0.31953125 0.48046875 0.09296875 0.12421875
10 0.2703125 0.4171875 0.04609375 0.0859375
10 0.21015625 0.45390625 0.06953125 0.10625
1 0.11875 0.41875 0.05546875 0.06640625
10 0.16796875 0.39140625 0.0484375 0.06328125
1 0.309375 0.3546875 0.03671875 0.0515625
2 0.16328125 0.54375 0.03984375 0.0203125
2 0.26875 0.45625 0.02421875 0.021875
3 0.44375 0.37890625 0.01953125 0.04375
10 0.4375 0.45390625 0.0546875 0.109375
10 0.42109375 0.36640625 0.03203125 0.065625
10 0.71953125 0.34296875 0.03671875 0.065625
10 0.7765625 0.35625 0.03125 0.05390625
6 0.81328125 0.40625 0.021875 0.04375
10 0.95546875 0.43828125 0.0390625 0.07578125
10 0.7953125 0.384375 0.040625 0.05625