3 0.15 0.65546875 0.0421875 0.07421875
0 0.125 0.71875 0.053125 0.040625
8 0.228125 0.68125 0.0578125 0.08515625
8 0.30703125 0.690625 0.05859375 0.0703125
3 0.39609375 0.61875 0.0421875 0.09453125
7 0.378125 0.728125 0.0734375 0.05546875
3 0.571875 0.65546875 0.05 0.06640625
0 0.56640625 0.7203125 0.03671875 0.03671875
8 0.76953125 0.65546875 0.05625 0.0984375
8 0.8765625 0.7734375 0.08203125 0.13125
3 0.6890625 0.6890625 0.05703125 0.12578125
0 0.69375 0.83125 0.0859375 0.0703125
10 0.3953125 0.65859375 0.09296875 0.1609375
10 0.6875 0.74375 0.1609375 0.23828125
1 0.15 0.68125 0.0953125 0.121875
1 0.234375 0.68125 0.0984375 0.11953125
1 0.31015625 0.69453125 0.084375 0.0796875
1 0.559375 0.67890625 0.09765625 0.11640625
1 0.76640625 0.6640625 0.09140625 0.14453125
1 0.8625 0.7703125 0.15703125 0.18515625