3 0.08359375 0.63125 0.0328125 0.03671875
3 0.06953125 0.6890625 0.0625 0.1109375
0 0.04375 0.8296875 0.0546875 0.059375
3 0.18203125 0.69140625 0.05625 0.11640625
2 0.178125 0.83046875 0.075 0.05390625
3 0.29453125 0.6109375 0.04375 0.08125
7 0.2828125 0.70546875 0.075 0.0515625
3 0.47265625 0.60390625 0.0375 0.078125
0 0.4734375 0.66875 0.04609375 0.04296875
3 0.40390625 0.6515625 0.05859375 0.12578125
5 0.340625 0.8234375 0.0359375 0.05390625
2 0.40859375 0.81328125 0.0953125 0.05546875
3 0.6359375 0.56484375 0.03828125 0.07421875
3 0.7203125 0.55 0.04140625 0.08125
3 0.81640625 0.53125 0.04765625 0.0890625
3 0.6734375 0.59921875 0.05625 0.11875
3 0.79609375 0.6203125 0.06640625 0.13359375
3 0.94140625 0.590625 0.06640625 0.13359375
0 0.80703125 0.75546875 0.0625 0.06484375
0 0.94140625 0.753125 0.05859375 0.05390625
10 0.078125 0.7484375 0.121875 0.21796875
10 0.10859375 0.678125 0.08359375 0.12109375
1 0.19296875 0.734375 0.13515625 0.1890625
10 0.30390625 0.64921875 0.08984375 0.1453125
10 0.4046875 0.703125 0.13359375 0.2015625
10 0.48515625 0.63203125 0.09765625 0.12421875
10 0.62890625 0.59765625 0.05546875 0.1359375
10 0.6671875 0.671875 0.13046875 0.2546875
10 0.72734375 0.5859375 0.0671875 0.14375
10 0.81953125 0.57578125 0.096875 0.15546875
1 0.79453125 0.68359375 0.14609375 0.21171875
10 0.934375 0.65546875 0.13125 0.2453125