10 0.06875 0.24296875 0.0859375 0.13046875
1 0.1359375 0.14921875 0.04765625 0.07421875
10 0.3828125 0.13984375 0.03828125 0.06640625
10 0.30625 0.1765625 0.0390625 0.09375
10 0.26875 0.246875 0.0765625 0.1265625
10 0.3390625 0.25 0.05625 0.140625
10 0.2765625 0.35234375 0.10859375 0.16796875
10 0.165625 0.3359375 0.09609375 0.18046875
10 0.421875 0.15546875 0.05078125 0.08359375
10 0.4 0.21875 0.065625 0.10390625
10 0.4484375 0.26640625 0.07265625 0.128125
10 0.44765625 0.3484375 0.10234375 0.18515625
2 0.51484375 0.44296875 0.03984375 0.03828125
10 0.571875 0.20546875 0.0515625 0.078125
10 0.54140625 0.35390625 0.09296875 0.19296875
10 0.6328125 0.2296875 0.0578125 0.109375
10 0.64765625 0.37421875 0.13671875 0.17421875
1 0.7109375 0.178125 0.0375 0.05390625
1 0.73359375 0.1921875 0.05625 0.0859375
1 0.79453125 0.190625 0.04140625 0.0734375
10 0.76328125 0.215625 0.04765625 0.09296875
10 0.81640625 0.215625 0.05546875 0.0890625
10 0.884375 0.18984375 0.0421875 0.0890625
10 0.840625 0.29296875 0.0671875 0.1234375
10 0.89765625 0.34140625 0.08828125 0.1640625
10 0.96015625 0.36875 0.07890625 0.21328125
10 0.0375 0.16171875 0.0421875 0.08671875
10 0.34296875 0.14375 0.06484375 0.10078125
10 0.4765625 0.225 0.05703125 0.12421875
1 0.21328125 0.315625 0.06953125 0.11640625
10 0.52265625 0.19140625 0.04921875 0.0984375
2 0.25625 0.41875 0.0734375 0.03359375
1 0.3125 0.31640625 0.06484375 0.15625
10 0.55703125 0.159375 0.03828125 0.096875
10 0.60625 0.3390625 0.06796875 0.13515625
1 0.596875 0.28828125 0.0640625 0.09375
3 0.06328125 0.21953125 0.03203125 0.0734375
3 0.0390625 0.15390625 0.02890625 0.05703125
9 0.1265625 0.14140625 0.02578125 0.05625
9 0.3484375 0.1234375 0.02578125 0.05
3 0.378125 0.134375 0.0203125 0.05
6 0.3 0.159375 0.025 0.05546875
6 0.28984375 0.221875 0.03359375 0.0734375
3 0.26640625 0.32109375 0.046875 0.090625
3 0.196875 0.3015625 0.0375 0.08203125
6 0.1609375 0.29453125 0.04296875 0.0984375
8 0.30703125 0.31171875 0.0390625 0.08359375
6 0.3375 0.21015625 0.02890625 0.059375
3 0.4015625 0.2015625 0.03046875 0.06796875
3 0.4640625 0.19765625 0.02890625 0.06796875
6 0.55703125 0.13671875 0.02265625 0.0515625
9 0.52890625 0.171875 0.028125 0.0609375
6 0.57421875 0.19296875 0.0234375 0.05
3 0.54921875 0.309375 0.04375 0.1046875
6 0.45703125 0.29765625 0.03984375 0.08203125
3 0.44609375 0.23671875 0.03203125 0.06796875
6 0.6328125 0.2078125 0.02578125 0.06171875
3 0.621875 0.31484375 0.03515625 0.078125
3 0.64921875 0.33984375 0.04921875 0.1015625
0 0.65234375 0.43046875 0.04765625 0.0390625
3 0.715625 0.171875 0.01953125 0.040625
3 0.7453125 0.1765625 0.025 0.05390625
3 0.796875 0.18203125 0.02578125 0.0546875
3 0.76796875 0.1984375 0.02421875 0.053125
3 0.82421875 0.20390625 0.025 0.05703125
3 0.8921875 0.171875 0.02421875 0.0515625
3 0.8515625 0.271875 0.03203125 0.0703125
7 0.8453125 0.334375 0.04296875 0.0390625
9 0.92109375 0.30078125 0.04140625 0.08203125
6 0.978125 0.31328125 0.04375 0.09453125