8 0.11796875 0.75546875 0.0734375 0.11328125
5 0.059375 0.840625 0.03828125 0.03671875
3 0.22890625 0.60546875 0.04375 0.09296875
0 0.21328125 0.68046875 0.03359375 0.03671875
8 0.24453125 0.73984375 0.0625 0.12421875
3 0.3484375 0.59375 0.04609375 0.1
0 0.34140625 0.68046875 0.03359375 0.0515625
3 0.525 0.6234375 0.0421875 0.08046875
5 0.52890625 0.69921875 0.03203125 0.03046875
3 0.62890625 0.61875 0.04296875 0.08359375
7 0.6203125 0.69375 0.06015625 0.05390625
6 0.753125 0.60390625 0.0609375 0.1109375
6 0.87578125 0.61875 0.05859375 0.10390625
5 0.7515625 0.821875 0.03515625 0.04375
2 0.94140625 0.840625 0.11484375 0.06640625
10 0.23515625 0.62265625 0.09140625 0.10625
10 0.353125 0.63515625 0.09296875 0.1609375
10 0.51640625 0.653125 0.10234375 0.1296875
10 0.62578125 0.6515625 0.10078125 0.121875
10 0.7375 0.69375 0.17734375 0.28125
10 0.878125 0.696875 0.1265625 0.25546875
1 0.11015625 0.73046875 0.16328125 0.18515625
1 0.2578125 0.74609375 0.15078125 0.20546875