6 0.21953125 0.58046875 0.05546875 0.09609375
5 0.13828125 0.76875 0.03359375 0.03671875
3 0.2765625 0.57421875 0.0375 0.08125
0 0.27578125 0.64140625 0.03515625 0.03515625
3 0.3171875 0.60546875 0.05859375 0.13359375
0 0.29140625 0.74609375 0.06171875 0.06953125
3 0.4 0.5609375 0.046875 0.09609375
0 0.390625 0.65 0.0359375 0.05546875
3 0.56953125 0.584375 0.0375 0.0609375
3 0.59609375 0.61875 0.0578125 0.121875
0 0.596875 0.7734375 0.0703125 0.06875
6 0.73828125 0.571875 0.0625 0.1109375
9 0.8625 0.625 0.06875 0.1203125
2 0.9078125 0.80390625 0.14375 0.06640625
10 0.20859375 0.64921875 0.11796875 0.22890625
10 0.31640625 0.66328125 0.14296875 0.240625
10 0.59375 0.6765625 0.1375 0.2390625
10 0.73671875 0.65 0.13984375 0.271875
10 0.8640625 0.6796875 0.1375 0.22421875
1 0.27734375 0.5984375 0.05078125 0.13046875
1 0.409375 0.59765625 0.0875 0.165625
1 0.56015625 0.61484375 0.08828125 0.1296875
1 0.7875 0.615625 0.05859375 0.14140625