3 0.13203125 0.48828125 0.0625 0.11328125
2 0.0828125 0.60859375 0.115625 0.08359375
3 0.246875 0.51875 0.0578125 0.11640625
0 0.22578125 0.628125 0.05 0.059375
6 0.3765625 0.46875 0.05390625 0.10546875
0 0.32578125 0.63671875 0.053125 0.08125
6 0.41640625 0.47421875 0.03671875 0.078125
6 0.6046875 0.48046875 0.04140625 0.0890625
6 0.690625 0.49609375 0.0421875 0.06953125
6 0.7796875 0.50625 0.04375 0.0796875
6 0.740625 0.53828125 0.0546875 0.10546875
2 0.734375 0.71171875 0.090625 0.05546875
10 0.1328125 0.540625 0.1359375 0.196875
10 0.25625 0.56484375 0.1109375 0.18671875
10 0.3828125 0.53828125 0.14453125 0.234375
10 0.4359375 0.51796875 0.06640625 0.1515625
10 0.5890625 0.5265625 0.10390625 0.16015625
10 0.68125 0.54140625 0.0765625 0.14375
10 0.7296875 0.59921875 0.13828125 0.22890625
10 0.7921875 0.54765625 0.05859375 0.16171875