3 0.08203125 0.56171875 0.0375 0.05546875
5 0.01484375 0.66640625 0.02890625 0.0296875
3 0.06015625 0.6109375 0.05859375 0.10703125
3 0.16015625 0.62109375 0.06484375 0.10625
7 0.140625 0.7609375 0.08125 0.05546875
3 0.2984375 0.5390625 0.04375 0.08515625
7 0.27734375 0.64140625 0.0703125 0.05390625
3 0.3765625 0.59375 0.0625 0.13515625
5 0.3171875 0.75546875 0.03359375 0.04609375
7 0.3765625 0.74375 0.08984375 0.08359375
3 0.4734375 0.52109375 0.0375 0.08046875
0 0.471875 0.61875 0.040625 0.03671875
3 0.67265625 0.54296875 0.05625 0.140625
3 0.73828125 0.48046875 0.04140625 0.0890625
3 0.8296875 0.4484375 0.04296875 0.08125
3 0.8046875 0.5265625 0.06640625 0.15
0 0.81953125 0.7046875 0.06171875 0.08671875
3 0.96953125 0.509375 0.06015625 0.13125
10 0.07265625 0.653125 0.103125 0.21796875
10 0.09140625 0.5765625 0.06640625 0.096875
10 0.16875 0.67734375 0.1421875 0.21171875
10 0.2984375 0.56953125 0.08515625 0.1546875
10 0.396875 0.6484375 0.15546875 0.23046875
10 0.48359375 0.56171875 0.09765625 0.16875
10 0.66953125 0.603125 0.13359375 0.28046875
10 0.74140625 0.50390625 0.075 0.16875
10 0.815625 0.59765625 0.16015625 0.27109375
10 0.853125 0.48046875 0.1015625 0.14453125
10 0.946875 0.57109375 0.10625 0.26484375