6 0.18046875 0.59375 0.0640625 0.1203125
5 0.140625 0.76640625 0.0359375 0.03671875
3 0.27578125 0.57109375 0.03984375 0.0890625
0 0.271875 0.64296875 0.0265625 0.03671875
6 0.31953125 0.578125 0.06328125 0.12578125
0 0.28828125 0.75859375 0.05390625 0.06875
3 0.403125 0.55546875 0.0421875 0.090625
0 0.3921875 0.65546875 0.03125 0.0515625
3 0.5734375 0.57265625 0.02890625 0.08046875
6 0.60078125 0.59296875 0.05390625 0.10703125
0 0.5953125 0.78046875 0.06015625 0.0515625
9 0.76875 0.58046875 0.065625 0.13359375
0 0.76328125 0.76796875 0.05 0.05390625
2 0.91953125 0.80546875 0.1375 0.05703125
10 0.178125 0.65 0.13515625 0.228125
10 0.31875 0.653125 0.13671875 0.26015625
10 0.26796875 0.59921875 0.0640625 0.13046875
10 0.59453125 0.6734375 0.13984375 0.26953125
10 0.753125 0.65703125 0.12578125 0.28984375
10 0.87265625 0.6734375 0.125 0.24140625
1 0.4078125 0.59609375 0.08828125 0.16640625
1 0.55546875 0.6046875 0.07421875 0.1390625
6 0.87265625 0.61796875 0.06171875 0.11953125