8 0.0859375 0.73671875 0.07890625 0.10625
5 0.0484375 0.846875 0.053125 0.04375
6 0.23515625 0.5796875 0.03984375 0.05546875
6 0.23984375 0.66171875 0.0609375 0.10859375
2 0.18828125 0.84375 0.109375 0.0609375
6 0.3484375 0.58046875 0.0375 0.07421875
5 0.32578125 0.709375 0.02421875 0.03046875
2 0.35390625 0.71171875 0.034375 0.04375
6 0.48203125 0.5734375 0.04140625 0.08046875
6 0.59921875 0.58203125 0.04296875 0.08671875
3 0.5265625 0.6875 0.06015625 0.11953125
5 0.6125 0.70390625 0.0296875 0.0296875
0 0.53515625 0.809375 0.06484375 0.06953125
6 0.70078125 0.6109375 0.05078125 0.10625
5 0.70078125 0.81875 0.03359375 0.03671875
3 0.84140625 0.678125 0.06015625 0.1109375
2 0.88828125 0.828125 0.1 0.05546875
1 0.10703125 0.7359375 0.140625 0.20625
10 0.2375 0.72265625 0.12265625 0.21953125
10 0.24453125 0.62421875 0.08203125 0.134375
10 0.34765625 0.63046875 0.08359375 0.15546875
10 0.4828125 0.6203125 0.1 0.1609375
10 0.53359375 0.73125 0.13828125 0.19921875
10 0.6 0.621875 0.078125 0.15625
10 0.70703125 0.69140625 0.12109375 0.2546875
10 0.8546875 0.72421875 0.12421875 0.18515625