10 0.06875 0.2390625 0.08671875 0.13046875
10 0.09453125 0.16640625 0.05078125 0.11484375
10 0.13515625 0.14375 0.05546875 0.0796875
10 0.38125 0.14140625 0.04296875 0.06484375
10 0.30625 0.1734375 0.03984375 0.09140625
10 0.340625 0.2515625 0.0484375 0.13671875
10 0.2921875 0.34609375 0.1125 0.17421875
10 0.16640625 0.33671875 0.09765625 0.184375
10 0.4203125 0.15546875 0.05390625 0.08359375
1 0.3953125 0.22734375 0.05859375 0.08046875
10 0.45078125 0.26640625 0.078125 0.1265625
10 0.4421875 0.34609375 0.10390625 0.18671875
2 0.51484375 0.44296875 0.03984375 0.03828125
10 0.56875 0.20390625 0.04453125 0.0765625
10 0.5265625 0.27109375 0.07109375 0.11796875
10 0.53984375 0.35859375 0.09453125 0.17421875
10 0.63125 0.22890625 0.0578125 0.109375
10 0.634375 0.36953125 0.10078125 0.15703125
1 0.7109375 0.178125 0.0375 0.05390625
1 0.7296875 0.1953125 0.05546875 0.071875
1 0.7921875 0.18828125 0.040625 0.0703125
10 0.76484375 0.215625 0.0484375 0.0953125
10 0.81640625 0.21875 0.05546875 0.09296875
10 0.884375 0.190625 0.04296875 0.08671875
10 0.8375 0.296875 0.0734375 0.1234375
10 0.90390625 0.34140625 0.08359375 0.16328125
10 0.9609375 0.3671875 0.078125 0.2140625
10 0.55078125 0.165625 0.04375 0.09609375
10 0.03515625 0.15546875 0.04296875 0.09453125
10 0.33125 0.1453125 0.04296875 0.08671875
10 0.47734375 0.22265625 0.0515625 0.125
10 0.21484375 0.30703125 0.07265625 0.13046875
10 0.51328125 0.1859375 0.05234375 0.10390625
10 0.32578125 0.30625 0.084375 0.16171875
6 0.0578125 0.2078125 0.03359375 0.06953125
9 0.04140625 0.1453125 0.02890625 0.06328125
9 0.084375 0.140625 0.02734375 0.065625
3 0.128125 0.134375 0.02578125 0.05625
6 0.328125 0.13359375 0.0234375 0.05859375
6 0.3 0.15625 0.0265625 0.05078125
6 0.334375 0.2140625 0.02890625 0.05703125
6 0.29296875 0.3078125 0.040625 0.0953125
0 0.2734375 0.41796875 0.028125 0.04921875
3 0.203125 0.28828125 0.04140625 0.09140625
6 0.159375 0.290625 0.04140625 0.08984375
3 0.37890625 0.13359375 0.02109375 0.04921875
3 0.4234375 0.146875 0.02265625 0.05859375
3 0.3875 0.225 0.03046875 0.06875
3 0.4671875 0.19609375 0.02734375 0.065625
3 0.53203125 0.25390625 0.03125 0.08046875
6 0.50546875 0.16640625 0.02578125 0.05859375
6 0.44375 0.24609375 0.0328125 0.08046875
6 0.434375 0.2953125 0.0421875 0.08125
6 0.465625 0.11640625 0.0203125 0.046875
10 0.45625 0.12734375 0.0421875 0.075
6 0.48359375 0.14375 0.0234375 0.05
6 0.56875 0.1875 0.02265625 0.04375
6 0.6328125 0.20703125 0.028125 0.06484375
6 0.55 0.14375 0.0234375 0.053125
3 0.54140625 0.32578125 0.04296875 0.10078125
3 0.63671875 0.33984375 0.0453125 0.0984375
3 0.71640625 0.17421875 0.01875 0.04453125
3 0.74453125 0.18671875 0.02265625 0.0515625
3 0.79765625 0.18125 0.02578125 0.05390625
3 0.76640625 0.1953125 0.02421875 0.0515625
3 0.8921875 0.17109375 0.025 0.05078125
9 0.8546875 0.26875 0.03515625 0.06484375
9 0.90390625 0.27578125 0.03046875 0.06953125
6 0.8234375 0.1984375 0.02421875 0.05
6 0.92109375 0.296875 0.0375 0.07421875
6 0.98203125 0.31640625 0.03515625 0.103125
9 0.27421875 0.2234375 0.03515625 0.07421875