10 0.06640625 0.24375 0.08515625 0.11484375
10 0.09453125 0.15703125 0.05625 0.1140625
10 0.1484375 0.14375 0.071875 0.071875
10 0.1453125 0.340625 0.12734375 0.17578125
10 0.278125 0.34921875 0.1140625 0.16953125
1 0.25 0.25546875 0.0734375 0.10546875
10 0.31953125 0.29765625 0.08359375 0.16796875
10 0.30390625 0.17421875 0.03828125 0.090625
10 0.38125 0.13359375 0.0453125 0.075
10 0.396875 0.221875 0.06796875 0.09453125
10 0.41875 0.15859375 0.05234375 0.0859375
10 0.44453125 0.13046875 0.02890625 0.078125
10 0.465625 0.21796875 0.0671875 0.12890625
1 0.44765625 0.28125 0.07265625 0.103125
10 0.44453125 0.34609375 0.090625 0.190625
10 0.53359375 0.346875 0.0921875 0.18828125
1 0.51796875 0.1859375 0.0484375 0.10390625
10 0.56640625 0.17578125 0.06015625 0.07421875
10 0.56328125 0.19921875 0.046875 0.0953125
10 0.6328125 0.2234375 0.08671875 0.11953125
1 0.59765625 0.290625 0.06875 0.09453125
10 0.63828125 0.37265625 0.13359375 0.16953125
0 0.64453125 0.43125 0.05546875 0.03984375
1 0.7421875 0.18203125 0.05 0.09375
10 0.76875 0.21875 0.0578125 0.08671875
10 0.8140625 0.215625 0.05078125 0.09453125
10 0.8875 0.19375 0.0515625 0.07421875
10 0.83125 0.30078125 0.078125 0.11875
10 0.896875 0.340625 0.08359375 0.1546875
10 0.96171875 0.2859375 0.0515625 0.109375
2 0.26015625 0.4265625 0.06953125 0.03515625
2 0.515625 0.44296875 0.03828125 0.03203125
2 0.978125 0.46875 0.04375 0.03125
10 0.340625 0.24921875 0.05546875 0.14375
10 0.95234375 0.3734375 0.0953125 0.18125
10 0.7015625 0.17734375 0.04296875 0.09921875
10 0.32734375 0.14453125 0.03984375 0.08203125
10 0.34140625 0.1359375 0.03125 0.08046875
10 0.05859375 0.19296875 0.07421875 0.09609375
1 0.21015625 0.321875 0.06640625 0.11875
3 0.07421875 0.22890625 0.03359375 0.0734375
3 0.05234375 0.1765625 0.03046875 0.0609375
9 0.08125 0.13203125 0.02734375 0.06328125
6 0.13046875 0.13671875 0.0234375 0.05546875
6 0.15546875 0.2984375 0.04296875 0.09453125
3 0.271875 0.31640625 0.04453125 0.09453125
3 0.26484375 0.2421875 0.0359375 0.075
3 0.3015625 0.26328125 0.03984375 0.09375
6 0.33046875 0.21171875 0.0296875 0.059375
6 0.303125 0.159375 0.02421875 0.05625
3 0.31953125 0.13203125 0.021875 0.05390625
3 0.33671875 0.121875 0.01953125 0.05
9 0.38515625 0.121875 0.01953125 0.04921875
6 0.440625 0.11796875 0.0203125 0.0484375
3 0.42265625 0.14453125 0.02265625 0.05859375
3 0.3984375 0.2109375 0.02890625 0.06875
6 0.46484375 0.18125 0.0296875 0.05625
6 0.515625 0.16640625 0.02421875 0.059375
6 0.44375 0.29375 0.03671875 0.08046875
6 0.5328125 0.29609375 0.03828125 0.0890625
3 0.578125 0.1640625 0.02421875 0.0484375
6 0.559375 0.17578125 0.02265625 0.0453125
6 0.6265625 0.19375 0.02734375 0.05703125
3 0.615625 0.28125 0.03046875 0.0734375
3 0.6453125 0.340625 0.046875 0.10078125
3 0.71171875 0.1484375 0.01953125 0.04375
9 0.753125 0.165625 0.02421875 0.0515625
6 0.79375 0.16640625 0.0234375 0.053125
9 0.78515625 0.2046875 0.02421875 0.05
3 0.8140625 0.1953125 0.02421875 0.05390625
3 0.89765625 0.1828125 0.028125 0.04921875
3 0.853125 0.278125 0.02890625 0.06953125
6 0.9125 0.3015625 0.0390625 0.078125
6 0.95390625 0.2609375 0.02890625 0.05546875