3 0.059375 0.6109375 0.0609375 0.11875
5 0.0171875 0.6734375 0.03203125 0.03125
3 0.16875 0.59453125 0.0671875 0.1109375
7 0.1375 0.753125 0.0859375 0.06484375
3 0.29375 0.5484375 0.0453125 0.08125
7 0.27890625 0.64453125 0.075 0.0515625
3 0.378125 0.59375 0.0625 0.121875
5 0.31640625 0.75546875 0.03046875 0.04453125
7 0.378125 0.74375 0.0953125 0.078125
3 0.47265625 0.52109375 0.04140625 0.08046875
0 0.47265625 0.61875 0.03984375 0.04375
3 0.67578125 0.5234375 0.059375 0.13125
3 0.73671875 0.48125 0.0484375 0.0890625
9 0.81640625 0.51875 0.071875 0.140625
3 0.96640625 0.5140625 0.05703125 0.1390625
7 0.834375 0.68046875 0.090625 0.13359375
3 0.8296875 0.44140625 0.0375 0.06875
10 0.08203125 0.6546875 0.11328125 0.21484375
10 0.17421875 0.665625 0.14296875 0.22890625
10 0.30078125 0.58359375 0.09296875 0.146875
10 0.3984375 0.64609375 0.15078125 0.228125
10 0.48046875 0.5609375 0.103125 0.15703125
10 0.66953125 0.5984375 0.13671875 0.275
10 0.75078125 0.51796875 0.09453125 0.1703125
10 0.8140625 0.59453125 0.1546875 0.26875
10 0.8359375 0.44453125 0.071875 0.10703125
10 0.94375 0.571875 0.11015625 0.24921875