6 0.14609375 0.49921875 0.0578125 0.10546875
2 0.090625 0.64921875 0.1109375 0.05546875
6 0.25703125 0.51171875 0.065625 0.109375
0 0.2046875 0.653125 0.04375 0.05703125
6 0.38828125 0.48984375 0.05 0.1015625
5 0.31875 0.68046875 0.03515625 0.03671875
6 0.4390625 0.4890625 0.03515625 0.07421875
6 0.60078125 0.484375 0.04140625 0.08125
6 0.68828125 0.51875 0.04296875 0.06640625
6 0.815625 0.5359375 0.04375 0.08125
6 0.77890625 0.58125 0.05859375 0.10390625
2 0.74296875 0.74375 0.1015625 0.05
10 0.1546875 0.5578125 0.11015625 0.20859375
10 0.25 0.56796875 0.12890625 0.2140625
10 0.3859375 0.56875 0.11796875 0.25078125
10 0.44921875 0.53203125 0.06640625 0.1515625
10 0.596875 0.5390625 0.1 0.171875
10 0.6875 0.55859375 0.08203125 0.146875
10 0.7390625 0.63984375 0.14921875 0.21640625
10 0.81640625 0.58125 0.04921875 0.15546875