3 0.0625 0.60390625 0.0671875 0.1109375
3 0.17265625 0.60546875 0.06015625 0.11875
7 0.1390625 0.76171875 0.09765625 0.05625
3 0.29609375 0.55390625 0.0453125 0.09609375
7 0.27578125 0.64375 0.06875 0.05546875
3 0.484375 0.53125 0.0421875 0.071875
3 0.3984375 0.56640625 0.05546875 0.12578125
0 0.3296875 0.740625 0.040625 0.059375
7 0.38515625 0.740625 0.06953125 0.07421875
3 0.6734375 0.54296875 0.0625 0.13671875
3 0.7375 0.48984375 0.0421875 0.1015625
3 0.83125 0.446875 0.0453125 0.08046875
3 0.8046875 0.51484375 0.07109375 0.13359375
7 0.8328125 0.6875 0.11796875 0.13046875
3 0.9703125 0.51328125 0.05625 0.13671875
10 0.08359375 0.65625 0.1171875 0.22109375
10 0.17578125 0.66875 0.153125 0.23125
10 0.30078125 0.58359375 0.10234375 0.146875
10 0.3953125 0.63671875 0.16171875 0.25625
10 0.4953125 0.565625 0.09296875 0.128125
10 0.671875 0.60625 0.13828125 0.26484375
10 0.73828125 0.5234375 0.08203125 0.16796875
10 0.81484375 0.59375 0.16171875 0.28203125
10 0.846875 0.503125 0.0859375 0.1890625
10 0.94765625 0.58046875 0.10390625 0.27109375