9 0.15078125 0.603125 0.03984375 0.071875
0 0.13828125 0.69375 0.05 0.040625
3 0.2390625 0.590625 0.04375 0.08515625
0 0.21953125 0.68828125 0.053125 0.05
9 0.309375 0.61875 0.05 0.08125
5 0.3 0.71875 0.0359375 0.0296875
3 0.3984375 0.6046875 0.04609375 0.09453125
7 0.3875 0.70546875 0.0796875 0.05546875
3 0.57265625 0.5984375 0.0375 0.09296875
0 0.57578125 0.68671875 0.04296875 0.04453125
3 0.67421875 0.58203125 0.0484375 0.1015625
0 0.68046875 0.69375 0.0609375 0.04453125
3 0.7921875 0.59453125 0.05 0.1
0 0.79453125 0.68203125 0.053125 0.0390625
3 0.878125 0.65703125 0.078125 0.14453125
0 0.8859375 0.82578125 0.07265625 0.0515625
10 0.153125 0.64375 0.10703125 0.1515625
10 0.2375 0.6296875 0.1078125 0.17578125
10 0.32421875 0.64296875 0.07265625 0.12890625
10 0.396875 0.63828125 0.09921875 0.159375
10 0.571875 0.64140625 0.109375 0.153125
10 0.67265625 0.63046875 0.10078125 0.17890625
10 0.78046875 0.63046875 0.1078125 0.159375
10 0.8671875 0.72578125 0.19453125 0.25625