6 0.1796875 0.59375 0.06640625 0.11484375
5 0.1390625 0.76796875 0.0375 0.0390625
3 0.2765625 0.5734375 0.0375 0.08125
0 0.275 0.64375 0.0296875 0.03125
6 0.31953125 0.58125 0.06015625 0.12578125
0 0.29140625 0.75546875 0.05703125 0.071875
3 0.40078125 0.553125 0.04375 0.0984375
0 0.3921875 0.6515625 0.03359375 0.0515625
3 0.57578125 0.56796875 0.03203125 0.06875
3 0.59765625 0.61640625 0.05078125 0.121875
0 0.59765625 0.7703125 0.05390625 0.0703125
6 0.746875 0.546875 0.0390625 0.06875
9 0.78984375 0.590625 0.0640625 0.13671875
3 0.89453125 0.60546875 0.06484375 0.1296875
0 0.81015625 0.75390625 0.0625 0.059375
7 0.91484375 0.790625 0.1453125 0.08125
10 0.1796875 0.65078125 0.13828125 0.228125
10 0.27109375 0.59375 0.0640625 0.12890625
10 0.31875 0.65703125 0.13515625 0.25859375
10 0.5953125 0.68046875 0.13828125 0.2390625
10 0.76171875 0.6578125 0.1328125 0.26953125
10 0.8796875 0.6734375 0.12421875 0.259375
1 0.4078125 0.59375 0.08828125 0.171875
1 0.565625 0.6046875 0.09296875 0.14453125