10 0.06953125 0.2484375 0.09296875 0.13125
10 0.05625 0.18125 0.0796875 0.1
10 0.09140625 0.16796875 0.05859375 0.103125
10 0.13515625 0.14453125 0.04921875 0.07421875
10 0.165625 0.340625 0.09921875 0.18125
10 0.27734375 0.35546875 0.11640625 0.159375
1 0.209375 0.31875 0.06484375 0.11640625
10 0.31875 0.29453125 0.08984375 0.16953125
1 0.2515625 0.25390625 0.06953125 0.11171875
10 0.3453125 0.2484375 0.05859375 0.14453125
10 0.30546875 0.18125 0.0421875 0.084375
1 0.3984375 0.21796875 0.06015625 0.08984375
10 0.33828125 0.14296875 0.05078125 0.10078125
10 0.3796875 0.14296875 0.04296875 0.065625
10 0.421875 0.15625 0.05625 0.08671875
10 0.475 0.16796875 0.0453125 0.103125
10 0.4703125 0.21796875 0.06640625 0.134375
10 0.44765625 0.26796875 0.07578125 0.1265625
10 0.5234375 0.19140625 0.05078125 0.09375
10 0.628125 0.22890625 0.0578125 0.10546875
1 0.56953125 0.17265625 0.05546875 0.06953125
1 0.56796875 0.2109375 0.04765625 0.06875
10 0.44296875 0.34296875 0.1046875 0.19375
10 0.53828125 0.35625 0.096875 0.17890625
10 0.64609375 0.36875 0.13828125 0.171875
10 0.60625 0.33125 0.0703125 0.13046875
1 0.515625 0.28359375 0.0578125 0.09453125
2 0.259375 0.4265625 0.06953125 0.03515625
2 0.51328125 0.44296875 0.0375 0.03203125
1 0.71015625 0.1765625 0.03671875 0.053125
1 0.73203125 0.19375 0.05546875 0.07421875
10 0.76328125 0.2140625 0.05 0.0890625
10 0.81640625 0.21875 0.053125 0.08359375
10 0.88203125 0.19140625 0.05 0.08828125
10 0.8359375 0.29765625 0.075 0.11953125
10 0.89375 0.35546875 0.09296875 0.134375
10 0.95703125 0.3640625 0.08515625 0.22421875
1 0.59765625 0.29140625 0.06640625 0.0953125
10 0.79140625 0.190625 0.03671875 0.065625
10 0.89609375 0.29140625 0.05390625 0.10390625
3 0.059375 0.22265625 0.03671875 0.06953125
3 0.04453125 0.16796875 0.03125 0.0640625
3 0.078125 0.15078125 0.0296875 0.06953125
3 0.128125 0.14140625 0.02578125 0.05625
9 0.346875 0.11875 0.0265625 0.0515625
3 0.37265625 0.134375 0.02109375 0.05625
3 0.26328125 0.2328125 0.03671875 0.075
3 0.2015625 0.30546875 0.0375 0.08359375
3 0.26953125 0.321875 0.04765625 0.09453125
3 0.30234375 0.26328125 0.03984375 0.09375
3 0.30546875 0.16796875 0.0265625 0.05859375
3 0.38984375 0.2109375 0.03046875 0.06875
3 0.42890625 0.14453125 0.02421875 0.06015625
6 0.42265625 0.11328125 0.02421875 0.04921875
3 0.46875 0.14375 0.0234375 0.05546875
3 0.5265625 0.2796875 0.03203125 0.08359375
3 0.6484375 0.340625 0.04296875 0.103125
3 0.62421875 0.30703125 0.0328125 0.084375
3 0.52421875 0.17734375 0.0265625 0.06171875
3 0.54453125 0.153125 0.02265625 0.0515625
6 0.46640625 0.1890625 0.02890625 0.06328125
6 0.43984375 0.24296875 0.0359375 0.07890625
6 0.46171875 0.29296875 0.0390625 0.08203125
6 0.54140625 0.31640625 0.03828125 0.09453125
6 0.625 0.20625 0.028125 0.0640625
3 0.5796875 0.17890625 0.025 0.05546875
3 0.565625 0.20546875 0.02578125 0.05390625
6 0.340625 0.2171875 0.03125 0.06953125
6 0.153125 0.29921875 0.0484375 0.09453125
3 0.71640625 0.17109375 0.01875 0.04375
3 0.746875 0.1859375 0.0234375 0.05625
3 0.76640625 0.19375 0.02421875 0.0515625
3 0.8234375 0.20546875 0.02734375 0.059375
3 0.79375 0.18046875 0.02421875 0.0515625
3 0.89296875 0.1734375 0.02578125 0.05625
3 0.85703125 0.275 0.02890625 0.06875
3 0.9046875 0.2734375 0.03515625 0.06953125
3 0.91953125 0.33046875 0.040625 0.08203125
6 0.96953125 0.29765625 0.05 0.09375
7 0.853125 0.34140625 0.0421875 0.0296875
0 0.65390625 0.43046875 0.05234375 0.040625
0 0.42890625 0.41796875 0.02890625 0.03671875
2 0.97890625 0.46796875 0.040625 0.03046875