10 0.06953125 0.2484375 0.08984375 0.1296875
10 0.05625 0.1890625 0.07890625 0.103125
10 0.13515625 0.1453125 0.05 0.078125
10 0.33828125 0.14375 0.05390625 0.09453125
10 0.38125 0.14140625 0.03984375 0.06640625
10 0.41953125 0.15625 0.05390625 0.08203125
10 0.47578125 0.22265625 0.05546875 0.125
10 0.52265625 0.19140625 0.05 0.09453125
1 0.5484375 0.15546875 0.03046875 0.06015625
1 0.57421875 0.2171875 0.05078125 0.06015625
10 0.63125 0.22890625 0.05390625 0.10625
10 0.64609375 0.371875 0.13671875 0.17578125
10 0.60546875 0.33125 0.06953125 0.121875
1 0.59765625 0.2890625 0.06640625 0.09453125
10 0.53828125 0.3546875 0.09453125 0.17578125
10 0.44453125 0.35390625 0.1 0.17578125
10 0.44765625 0.27421875 0.07421875 0.11640625
1 0.39921875 0.21796875 0.0609375 0.096875
10 0.32265625 0.30390625 0.07421875 0.15078125
10 0.3453125 0.25546875 0.06953125 0.121875
10 0.284375 0.34375 0.12578125 0.17890625
10 0.2171875 0.30546875 0.07421875 0.1453125
10 0.16640625 0.33515625 0.09453125 0.1796875
1 0.71015625 0.1796875 0.0375 0.05703125
1 0.73203125 0.19453125 0.05390625 0.078125
10 0.76484375 0.21875 0.0484375 0.09609375
10 0.809375 0.21953125 0.04453125 0.08671875
10 0.8875 0.20078125 0.05390625 0.075
10 0.8390625 0.3015625 0.08046875 0.12421875
10 0.896875 0.3515625 0.1015625 0.15390625
10 0.96484375 0.37421875 0.0703125 0.18515625
10 0.090625 0.16640625 0.06171875 0.10625
2 0.515625 0.44375 0.03828125 0.03515625
2 0.2546875 0.40546875 0.075 0.05
3 0.06015625 0.22109375 0.03515625 0.07578125
3 0.046875 0.1734375 0.0328125 0.06875
3 0.07578125 0.1484375 0.02890625 0.06875
3 0.128125 0.14140625 0.0234375 0.05859375
3 0.353125 0.12890625 0.02421875 0.05546875
3 0.37734375 0.1328125 0.0203125 0.05078125
3 0.3015625 0.16328125 0.02578125 0.05625
10 0.30625 0.17734375 0.04375 0.0859375
3 0.34296875 0.2328125 0.0296875 0.075
3 0.30625 0.278125 0.03984375 0.09296875
3 0.26328125 0.23359375 0.03515625 0.0734375
3 0.20234375 0.28125 0.0390625 0.09375
6 0.26875 0.30703125 0.04453125 0.103125
6 0.165625 0.296875 0.0453125 0.09921875
3 0.390625 0.20546875 0.0296875 0.06640625
3 0.42265625 0.1453125 0.02265625 0.05703125
9 0.4703125 0.13828125 0.02578125 0.05546875
3 0.46484375 0.196875 0.02734375 0.06875
3 0.440625 0.25078125 0.03515625 0.06875
3 0.4515625 0.3125 0.03984375 0.09140625
6 0.54375 0.315625 0.04140625 0.0953125
3 0.52578125 0.178125 0.02421875 0.0609375
3 0.54453125 0.15390625 0.01953125 0.05078125
3 0.578125 0.16953125 0.02578125 0.046875
1 0.56953125 0.1765625 0.053125 0.0640625
3 0.57890625 0.21171875 0.025 0.05390625
6 0.62578125 0.20546875 0.02578125 0.0609375
3 0.62265625 0.31171875 0.03203125 0.0796875
3 0.65078125 0.3375 0.04765625 0.10625
0 0.653125 0.43046875 0.05390625 0.04296875
3 0.71640625 0.1734375 0.01875 0.04453125
3 0.74453125 0.1859375 0.02578125 0.05546875
9 0.771875 0.19375 0.0234375 0.04921875
9 0.80703125 0.20390625 0.025 0.05078125
3 0.90078125 0.18828125 0.02578125 0.05078125
3 0.86328125 0.27890625 0.02890625 0.07421875
3 0.9171875 0.31796875 0.04140625 0.084375
7 0.84609375 0.3421875 0.04921875 0.02890625
6 0.98828125 0.33046875 0.02265625 0.09609375
2 0.9796875 0.46875 0.03984375 0.028125