8 0.11953125 0.75546875 0.071875 0.11875
5 0.06015625 0.83046875 0.034375 0.040625
6 0.23203125 0.59765625 0.04140625 0.08046875
0 0.2125 0.68046875 0.0421875 0.04609375
3 0.35 0.59375 0.0484375 0.0890625
0 0.33828125 0.68046875 0.0375 0.059375
8 0.24453125 0.74140625 0.06640625 0.109375
3 0.52578125 0.61875 0.04375 0.078125
5 0.52890625 0.69765625 0.03359375 0.03203125
3 0.63515625 0.60859375 0.04375 0.08125
7 0.63203125 0.70078125 0.075 0.05
6 0.7515625 0.59375 0.05859375 0.1109375
5 0.75390625 0.8265625 0.03828125 0.0390625
6 0.875 0.621875 0.0625 0.10625
2 0.93828125 0.84375 0.11640625 0.059375
1 0.11328125 0.7421875 0.16640625 0.16953125
1 0.26015625 0.74375 0.14765625 0.20078125
10 0.22265625 0.63046875 0.08984375 0.14609375
10 0.35078125 0.634375 0.09375 0.16328125
10 0.5171875 0.64375 0.10625 0.12890625
10 0.625 0.63828125 0.10625 0.14453125
10 0.734375 0.684375 0.17265625 0.28125
10 0.88125 0.70390625 0.13359375 0.24921875