6 0.178125 0.59140625 0.06875 0.11640625
5 0.1390625 0.76875 0.0375 0.040625
3 0.2765625 0.57421875 0.0375 0.08125
0 0.2734375 0.640625 0.03046875 0.03671875
6 0.321875 0.578125 0.059375 0.12578125
0 0.28828125 0.75546875 0.05 0.07421875
3 0.40390625 0.55546875 0.04453125 0.09296875
0 0.3921875 0.65390625 0.03359375 0.05546875
6 0.584375 0.60390625 0.059375 0.1109375
0 0.60234375 0.77421875 0.0453125 0.06875
9 0.803125 0.59375 0.0640625 0.13125
0 0.81640625 0.75546875 0.05703125 0.059375
3 0.8921875 0.61875 0.06796875 0.13671875
2 0.92265625 0.80625 0.13984375 0.05703125
1 0.409375 0.59765625 0.08984375 0.16953125
1 0.571875 0.60390625 0.10078125 0.13203125
10 0.1765625 0.653125 0.13671875 0.2296875
10 0.31796875 0.65703125 0.13671875 0.25859375
10 0.2703125 0.596875 0.06484375 0.13125
10 0.5953125 0.67578125 0.140625 0.24375
10 0.7640625 0.659375 0.14453125 0.2703125
10 0.88203125 0.6703125 0.11796875 0.240625