6 0.15 0.49375 0.0625 0.10390625
2 0.09296875 0.64609375 0.1140625 0.0515625
6 0.25703125 0.50078125 0.053125 0.10546875
0 0.20703125 0.6515625 0.04453125 0.059375
6 0.3921875 0.48828125 0.05 0.09453125
5 0.31953125 0.6796875 0.02890625 0.03359375
6 0.4390625 0.49296875 0.03515625 0.08125
6 0.59765625 0.48046875 0.03984375 0.08671875
6 0.684375 0.51640625 0.0421875 0.08125
6 0.80234375 0.52109375 0.0453125 0.08046875
6 0.77265625 0.58046875 0.05859375 0.1109375
2 0.74453125 0.74375 0.09609375 0.05
10 0.15390625 0.5515625 0.10625 0.2203125
10 0.24921875 0.5609375 0.12421875 0.225
10 0.38671875 0.5703125 0.11953125 0.26328125
10 0.45 0.53515625 0.0640625 0.15
10 0.59921875 0.5375 0.1015625 0.17109375
10 0.690625 0.55625 0.0828125 0.14453125
10 0.81015625 0.56953125 0.0625 0.16875
10 0.73828125 0.6375 0.15 0.21953125