10 0.06875 0.24375 0.0859375 0.13046875
10 0.14140625 0.14453125 0.05078125 0.07578125
10 0.38046875 0.14296875 0.04296875 0.065625
10 0.30703125 0.17421875 0.03984375 0.09453125
10 0.2703125 0.24296875 0.06640625 0.12578125
10 0.34140625 0.2484375 0.04453125 0.134375
10 0.275 0.34296875 0.10859375 0.1765625
10 0.16328125 0.3390625 0.096875 0.18515625
10 0.41953125 0.15625 0.05 0.084375
1 0.39609375 0.228125 0.06640625 0.09296875
1 0.44765625 0.26796875 0.071875 0.13125
10 0.446875 0.34453125 0.1015625 0.1859375
2 0.51484375 0.44296875 0.03984375 0.03828125
10 0.56953125 0.20546875 0.05 0.071875
10 0.53671875 0.35703125 0.09765625 0.16796875
10 0.63125 0.22578125 0.0546875 0.10546875
10 0.64765625 0.36796875 0.13359375 0.18046875
1 0.7109375 0.178125 0.0375 0.05390625
1 0.73203125 0.19296875 0.05546875 0.0734375
10 0.76328125 0.215625 0.04765625 0.09296875
10 0.8140625 0.21875 0.05078125 0.090625
10 0.884375 0.18984375 0.0421875 0.0890625
10 0.8421875 0.30234375 0.07578125 0.115625
10 0.903125 0.3421875 0.0796875 0.15625
10 0.05625 0.1796875 0.075 0.11328125
10 0.328125 0.14375 0.0359375 0.0890625
10 0.47734375 0.21796875 0.0546875 0.1234375
10 0.21328125 0.30390625 0.08125 0.1453125
10 0.525 0.18203125 0.04921875 0.1
2 0.25625 0.41875 0.0734375 0.03359375
10 0.328125 0.30546875 0.0703125 0.14609375
1 0.596875 0.290625 0.06328125 0.0953125
10 0.96015625 0.36796875 0.07890625 0.203125
3 0.0625 0.2265625 0.03359375 0.078125
3 0.04765625 0.15625 0.03359375 0.0640625
3 0.13515625 0.13671875 0.02734375 0.05546875
3 0.375 0.13203125 0.02109375 0.05
3 0.30078125 0.15703125 0.02578125 0.0609375
6 0.33125 0.13046875 0.02421875 0.053125
6 0.3359375 0.21484375 0.03046875 0.0609375
3 0.39140625 0.215625 0.02890625 0.06640625
3 0.4234375 0.14375 0.02421875 0.059375
3 0.32265625 0.28046875 0.04140625 0.090625
6 0.27265625 0.2953125 0.04453125 0.08671875
3 0.19453125 0.27890625 0.03828125 0.090625
6 0.146875 0.29375 0.0453125 0.090625
6 0.2859375 0.21640625 0.03359375 0.06796875
6 0.44609375 0.1140625 0.0203125 0.0484375
10 0.446875 0.13125 0.02578125 0.07890625
6 0.47109375 0.13203125 0.0234375 0.0453125
10 0.478125 0.16171875 0.0359375 0.10546875
3 0.4625 0.19609375 0.0265625 0.06953125
6 0.44375 0.24296875 0.0328125 0.075
6 0.45390625 0.29296875 0.040625 0.08046875
6 0.521875 0.159375 0.02578125 0.05625
6 0.5546875 0.12890625 0.02109375 0.0484375
0 0.56015625 0.14296875 0.01328125 0.03046875
10 0.55078125 0.14296875 0.03515625 0.0765625
3 0.571875 0.19921875 0.0234375 0.05546875
3 0.52890625 0.26328125 0.03046875 0.08046875
1 0.5234375 0.278125 0.04296875 0.10390625
3 0.5421875 0.33125 0.040625 0.10078125
6 0.6265625 0.20546875 0.02578125 0.0609375
3 0.6109375 0.27890625 0.03203125 0.06875
3 0.621875 0.3078125 0.0328125 0.0765625
3 0.65078125 0.33125 0.04921875 0.10390625
10 0.603125 0.33671875 0.0671875 0.13125
0 0.65625 0.428125 0.05390625 0.0484375
3 0.71640625 0.17421875 0.01953125 0.04453125
3 0.746875 0.18828125 0.02421875 0.05546875
3 0.7953125 0.19375 0.02421875 0.05546875
3 0.89296875 0.1703125 0.0234375 0.0515625
3 0.8609375 0.28046875 0.02890625 0.0703125
9 0.7734375 0.19453125 0.025 0.05546875
9 0.815625 0.20078125 0.02734375 0.0515625
6 0.91953125 0.30625 0.03984375 0.08046875
6 0.9796875 0.3140625 0.03984375 0.09453125
7 0.846875 0.34296875 0.04296875 0.02578125
2 0.8953125 0.415625 0.0328125 0.028125
2 0.97890625 0.46796875 0.03984375 0.03046875