10 0.06953125 0.2484375 0.0875 0.13046875
10 0.13515625 0.14375 0.05546875 0.08046875
10 0.09140625 0.16484375 0.05546875 0.1109375
10 0.378125 0.13203125 0.03828125 0.06875
10 0.33359375 0.14296875 0.0453125 0.084375
10 0.30703125 0.17734375 0.03984375 0.096875
10 0.34140625 0.2515625 0.05859375 0.13828125
1 0.396875 0.2265625 0.06328125 0.08671875
10 0.41640625 0.15546875 0.05546875 0.08828125
10 0.47265625 0.21875 0.046875 0.11484375
10 0.45078125 0.25546875 0.084375 0.140625
10 0.521875 0.25546875 0.0578125 0.140625
10 0.56953125 0.20546875 0.04765625 0.08359375
10 0.64453125 0.228125 0.05859375 0.11015625
10 0.596875 0.28125 0.0609375 0.10078125
10 0.634375 0.3703125 0.10078125 0.15
10 0.54140625 0.34765625 0.09375 0.18046875
10 0.44375 0.34765625 0.0921875 0.18203125
1 0.26484375 0.365625 0.1234375 0.1359375
10 0.31796875 0.30703125 0.08515625 0.13828125
10 0.14375 0.33046875 0.13515625 0.190625
10 0.21484375 0.30390625 0.0671875 0.13671875
10 0.265625 0.24296875 0.0671875 0.13515625
1 0.70703125 0.175 0.03828125 0.05546875
1 0.73359375 0.19296875 0.05703125 0.08203125
10 0.79140625 0.18125 0.04140625 0.08203125
10 0.76328125 0.21875 0.05546875 0.09296875
10 0.81640625 0.21875 0.05546875 0.090625
10 0.88515625 0.1890625 0.04296875 0.08515625
10 0.83203125 0.29296875 0.075 0.13046875
1 0.909375 0.35546875 0.0828125 0.12890625
10 0.9625 0.3796875 0.075 0.19375
10 0.0328125 0.15625 0.05625 0.08828125
10 0.54453125 0.15546875 0.040625 0.0765625
2 0.3984375 0.43125 0.06015625 0.03046875
2 0.51328125 0.44296875 0.0375 0.03203125
10 0.51875 0.18359375 0.04609375 0.09921875
10 0.86953125 0.246875 0.0375 0.09375
1 0.971875 0.30078125 0.05625 0.0984375
9 0.03515625 0.14375 0.03125 0.05859375
3 0.078125 0.14375 0.0265625 0.06484375
3 0.0625 0.221875 0.03203125 0.06875
3 0.12734375 0.13203125 0.02421875 0.05546875
9 0.3375 0.13125 0.025 0.0546875
6 0.378125 0.1265625 0.0203125 0.05
6 0.30234375 0.15625 0.0265625 0.053125
6 0.26953125 0.21015625 0.03359375 0.06875
6 0.33828125 0.2125 0.03046875 0.05625
3 0.21484375 0.28046875 0.0390625 0.0859375
3 0.31484375 0.29296875 0.0390625 0.08828125
3 0.24375 0.35390625 0.04921875 0.09375
6 0.16328125 0.2875 0.04609375 0.09375
9 0.40390625 0.1421875 0.02578125 0.053125
3 0.38984375 0.21796875 0.03203125 0.06796875
6 0.4546875 0.12109375 0.01953125 0.04375
6 0.478125 0.13671875 0.02109375 0.04453125
6 0.46015625 0.1609375 0.028125 0.05625
6 0.4703125 0.19140625 0.02578125 0.05859375
3 0.45390625 0.2296875 0.03203125 0.07421875
6 0.44921875 0.29921875 0.0421875 0.08203125
6 0.51640625 0.16328125 0.025 0.05546875
6 0.55390625 0.14296875 0.02109375 0.05
6 0.56953125 0.190625 0.02421875 0.05
6 0.6484375 0.20625 0.02890625 0.065625
3 0.61015625 0.27109375 0.03359375 0.075
6 0.52265625 0.2296875 0.03203125 0.07578125
9 0.54375 0.30625 0.0484375 0.0984375
3 0.625 0.34453125 0.0453125 0.09296875
3 0.71640625 0.16953125 0.01875 0.04375
3 0.746875 0.1796875 0.0265625 0.0515625
3 0.78671875 0.16796875 0.02578125 0.0546875
6 0.76953125 0.1953125 0.021875 0.05
6 0.8234375 0.20078125 0.025 0.05078125
6 0.8671875 0.22890625 0.02578125 0.0546875
6 0.8453125 0.26640625 0.028125 0.06328125
6 0.90625 0.2703125 0.03828125 0.06328125
3 0.89140625 0.16953125 0.02578125 0.04921875
3 0.9296875 0.33125 0.03984375 0.08203125
3 0.9859375 0.28515625 0.02734375 0.06875
10 0.90078125 0.29375 0.05078125 0.109375