6 0.1796875 0.59296875 0.06484375 0.11875
5 0.1390625 0.765625 0.03203125 0.04609375
3 0.2765625 0.57421875 0.0375 0.08125
0 0.2734375 0.64453125 0.0375 0.04453125
6 0.32265625 0.58125 0.0625 0.13359375
0 0.290625 0.75859375 0.05625 0.07578125
3 0.40078125 0.55703125 0.04453125 0.09609375
0 0.39375 0.653125 0.0328125 0.05703125
3 0.57578125 0.56875 0.03359375 0.078125
3 0.60078125 0.6046875 0.053125 0.12421875
0 0.5953125 0.76875 0.05 0.07421875
9 0.78671875 0.58046875 0.0640625 0.12578125
0 0.81953125 0.7640625 0.06328125 0.05546875
3 0.87890625 0.61171875 0.06640625 0.13125
2 0.91953125 0.803125 0.13828125 0.0609375
1 0.4078125 0.596875 0.08671875 0.17109375
1 0.55703125 0.60390625 0.07421875 0.14375
10 0.17890625 0.65234375 0.13671875 0.23046875
10 0.32109375 0.65546875 0.134375 0.26171875
10 0.26875 0.59609375 0.06328125 0.125
10 0.596875 0.66953125 0.13515625 0.26015625
10 0.76015625 0.65546875 0.128125 0.26796875
10 0.875 0.66875 0.11875 0.2359375