3 0.12421875 0.51171875 0.0609375 0.11796875
7 0.09140625 0.63984375 0.11015625 0.071875
6 0.25625 0.51171875 0.05 0.1015625
0 0.209375 0.64375 0.0421875 0.06484375
6 0.39140625 0.49140625 0.04609375 0.1015625
2 0.33515625 0.69296875 0.1 0.0515625
6 0.4390625 0.490625 0.03125 0.07421875
3 0.60078125 0.50859375 0.040625 0.08046875
0 0.59453125 0.5984375 0.03046875 0.034375
3 0.68984375 0.54296875 0.03828125 0.0765625
6 0.78828125 0.515625 0.03671875 0.078125
3 0.74765625 0.59453125 0.05625 0.11328125
2 0.7453125 0.74375 0.09609375 0.05390625
10 0.14375 0.55859375 0.11015625 0.203125
10 0.2515625 0.56640625 0.11796875 0.21796875
10 0.384375 0.56875 0.1203125 0.24921875
10 0.45078125 0.534375 0.06015625 0.14921875
10 0.59375 0.54375 0.08828125 0.15546875
10 0.79453125 0.565625 0.06875 0.1703125
10 0.68515625 0.56328125 0.084375 0.13046875
1 0.74296875 0.640625 0.1359375 0.19609375