3 0.153125 0.65546875 0.0421875 0.08125
0 0.1296875 0.71875 0.05390625 0.040625
3 0.2171875 0.628125 0.04140625 0.09296875
9 0.309375 0.61640625 0.040625 0.078125
3 0.39453125 0.62578125 0.04453125 0.08125
0 0.22265625 0.71875 0.04609375 0.04453125
0 0.30703125 0.725 0.04453125 0.04453125
7 0.37265625 0.72890625 0.071875 0.04296875
6 0.57265625 0.62890625 0.04140625 0.0796875
3 0.76640625 0.615625 0.04296875 0.090625
6 0.85078125 0.67421875 0.06484375 0.13125
5 0.86328125 0.85546875 0.05859375 0.040625
9 0.6484375 0.63515625 0.06328125 0.11875
5 0.5734375 0.73046875 0.02890625 0.03359375
0 0.77578125 0.7 0.04453125 0.05546875
1 0.15234375 0.678125 0.0984375 0.12578125
10 0.2328125 0.66328125 0.090625 0.15390625
10 0.31015625 0.6625 0.07890625 0.153125
10 0.39453125 0.66640625 0.09453125 0.1453125
10 0.57109375 0.71171875 0.08203125 0.24296875
10 0.68203125 0.709375 0.10859375 0.2640625
10 0.765625 0.64921875 0.0984375 0.15859375
10 0.859375 0.73046875 0.1390625 0.23828125