6 0.21640625 0.58125 0.05 0.10703125
5 0.1390625 0.76875 0.03359375 0.03359375
3 0.27890625 0.5734375 0.04140625 0.08125
0 0.27578125 0.6390625 0.03359375 0.03125
6 0.3171875 0.58359375 0.0625 0.11953125
0 0.29453125 0.73671875 0.053125 0.08125
3 0.3984375 0.55546875 0.046875 0.1
0 0.3921875 0.64453125 0.04140625 0.0484375
3 0.5671875 0.58046875 0.03125 0.06640625
3 0.59765625 0.62109375 0.059375 0.11953125
0 0.59765625 0.7703125 0.06640625 0.0703125
6 0.73828125 0.56640625 0.059375 0.1109375
3 0.86328125 0.63984375 0.06640625 0.1203125
2 0.91015625 0.80546875 0.14375 0.059375
1 0.278125 0.59609375 0.04921875 0.13828125
1 0.40703125 0.59453125 0.0875 0.16953125
1 0.5609375 0.61171875 0.08984375 0.13046875
1 0.78828125 0.60859375 0.053125 0.13203125
10 0.21015625 0.64765625 0.12109375 0.2265625
10 0.31484375 0.6578125 0.14453125 0.25078125
10 0.59140625 0.6765625 0.13984375 0.228125
10 0.73671875 0.65234375 0.1375 0.28203125
10 0.85703125 0.6890625 0.13125 0.20546875