8 0.11328125 0.75390625 0.065625 0.121875
5 0.06015625 0.83046875 0.0375 0.03671875
3 0.23203125 0.60546875 0.0375 0.08515625
0 0.2109375 0.68046875 0.0375 0.04296875
8 0.24375 0.740625 0.0671875 0.11484375
3 0.35078125 0.59375 0.046875 0.08359375
0 0.33828125 0.68203125 0.0375 0.05546875
3 0.5234375 0.6265625 0.0375 0.08671875
0 0.52890625 0.7015625 0.03125 0.02578125
3 0.63515625 0.61015625 0.04375 0.08125
7 0.63203125 0.69296875 0.06875 0.059375
6 0.75234375 0.60546875 0.0546875 0.11875
5 0.75546875 0.82578125 0.0359375 0.0515625
6 0.87265625 0.61875 0.05625 0.1
2 0.9390625 0.84375 0.1125 0.059375
1 0.1046875 0.73203125 0.15859375 0.1984375
1 0.259375 0.74296875 0.14453125 0.20859375
10 0.22734375 0.62734375 0.08984375 0.134375
10 0.35390625 0.63515625 0.09765625 0.16875
10 0.52109375 0.6515625 0.1140625 0.1234375
10 0.62734375 0.64375 0.09765625 0.16953125
10 0.73125 0.68359375 0.1703125 0.28125
10 0.87734375 0.6984375 0.1234375 0.24609375