3 0.1234375 0.52578125 0.0625 0.11953125
7 0.09453125 0.63046875 0.1125 0.08125
9 0.25390625 0.515625 0.05390625 0.1109375
0 0.21328125 0.6484375 0.04296875 0.06953125
9 0.38125 0.47890625 0.0578125 0.109375
5 0.3171875 0.67890625 0.034375 0.03515625
9 0.43203125 0.48984375 0.04453125 0.071875
9 0.60625 0.49453125 0.04140625 0.07421875
9 0.690625 0.515625 0.03828125 0.0796875
9 0.79609375 0.528125 0.0421875 0.08046875
3 0.7421875 0.57109375 0.05625 0.12578125
2 0.73828125 0.7390625 0.08984375 0.06328125
10 0.1296875 0.56328125 0.15 0.18125
10 0.2546875 0.5703125 0.128125 0.21875
10 0.38125 0.56171875 0.12109375 0.2609375
10 0.44765625 0.53359375 0.06953125 0.159375
10 0.58359375 0.54296875 0.1078125 0.17109375
10 0.6890625 0.55625 0.08828125 0.14609375
10 0.7328125 0.63046875 0.13984375 0.22578125
10 0.79609375 0.56953125 0.06484375 0.159375