3 0.1546875 0.65546875 0.04140625 0.07421875
0 0.12890625 0.71875 0.04765625 0.040625
3 0.22578125 0.6390625 0.03984375 0.08515625
8 0.3046875 0.69375 0.05 0.078125
3 0.40546875 0.61875 0.0390625 0.09609375
7 0.37265625 0.71875 0.07578125 0.05390625
6 0.56640625 0.64375 0.040625 0.07578125
0 0.56640625 0.71796875 0.04140625 0.05
8 0.77265625 0.67890625 0.06015625 0.09453125
6 0.85078125 0.68046875 0.06484375 0.1203125
3 0.68828125 0.68046875 0.059375 0.13671875
0 0.69375 0.8296875 0.0578125 0.07421875
5 0.85703125 0.85546875 0.05546875 0.03515625
1 0.153125 0.68046875 0.09296875 0.11875
10 0.4046875 0.659375 0.0984375 0.16875
10 0.68515625 0.74140625 0.15625 0.2484375
10 0.5578125 0.71796875 0.09765625 0.221875
10 0.8625 0.74140625 0.15 0.240625
1 0.2328125 0.66796875 0.09921875 0.13203125
1 0.3140625 0.69453125 0.08671875 0.07890625
1 0.76328125 0.66328125 0.090625 0.12578125