6 0.17578125 0.58984375 0.06796875 0.109375
5 0.14140625 0.76328125 0.04609375 0.03125
3 0.27578125 0.56875 0.04140625 0.078125
0 0.27109375 0.6390625 0.0421875 0.04453125
6 0.32265625 0.58046875 0.05625 0.11875
0 0.29140625 0.7546875 0.05390625 0.08359375
3 0.403125 0.56015625 0.0453125 0.09453125
0 0.3953125 0.646875 0.03828125 0.04453125
3 0.56640625 0.5703125 0.0375 0.078125
3 0.603125 0.609375 0.0546875 0.1109375
0 0.6 0.7640625 0.0609375 0.05546875
6 0.74375 0.5359375 0.0578125 0.10546875
5 0.75390625 0.79375 0.04140625 0.0515625
6 0.871875 0.61875 0.0640625 0.13359375
2 0.92109375 0.80078125 0.1296875 0.06875
10 0.1796875 0.65234375 0.1390625 0.23046875
10 0.31796875 0.65703125 0.13046875 0.26484375
10 0.4109375 0.59375 0.0859375 0.16484375
10 0.59375 0.6734375 0.13984375 0.24140625
10 0.74140625 0.64375 0.13125 0.30625
10 0.875 0.66953125 0.13515625 0.23359375
1 0.5609375 0.60390625 0.07421875 0.1265625
1 0.2734375 0.60234375 0.07109375 0.1359375