3 0.15078125 0.65546875 0.04140625 0.08125
0 0.12578125 0.71953125 0.05 0.03671875
8 0.225 0.69375 0.05 0.08125
8 0.30703125 0.6890625 0.05390625 0.0890625
3 0.3921875 0.61796875 0.04140625 0.09453125
7 0.3765625 0.728125 0.07109375 0.06328125
3 0.56875 0.65546875 0.04375 0.07578125
0 0.56328125 0.72265625 0.04140625 0.04375
3 0.75703125 0.61484375 0.04609375 0.0890625
0 0.76640625 0.7046875 0.05078125 0.04609375
8 0.87578125 0.7796875 0.07578125 0.11875
3 0.68828125 0.690625 0.06015625 0.13671875
0 0.69765625 0.83046875 0.08125 0.06640625
1 0.15 0.68203125 0.10234375 0.13203125
10 0.39921875 0.6578125 0.0890625 0.15859375
10 0.68828125 0.746875 0.16171875 0.25546875
10 0.7609375 0.65 0.09453125 0.16875
1 0.2328125 0.68359375 0.096875 0.1234375
1 0.3125 0.69140625 0.09140625 0.103125
1 0.559375 0.68046875 0.1 0.11640625
1 0.86640625 0.77890625 0.153125 0.196875