3 0.15078125 0.65546875 0.04765625 0.07421875
0 0.12578125 0.71875 0.04609375 0.03671875
8 0.22578125 0.69375 0.05234375 0.08125
8 0.30703125 0.6984375 0.04765625 0.08125
3 0.39453125 0.61875 0.04453125 0.09296875
2 0.37265625 0.72421875 0.07109375 0.05546875
3 0.56953125 0.6546875 0.04375 0.071875
0 0.56796875 0.71875 0.0421875 0.03671875
8 0.76953125 0.65703125 0.05546875 0.0890625
8 0.8765625 0.77890625 0.07734375 0.11640625
3 0.68828125 0.690625 0.0625 0.140625
3 0.69453125 0.83046875 0.07734375 0.071875
1 0.15 0.68125 0.0984375 0.1265625
10 0.396875 0.65703125 0.0921875 0.1609375
10 0.68828125 0.746875 0.16171875 0.24375
1 0.23203125 0.68515625 0.10078125 0.11875
1 0.31171875 0.69453125 0.0828125 0.08671875
1 0.55859375 0.6796875 0.10078125 0.1203125
1 0.76875 0.66875 0.08984375 0.1484375
1 0.8625 0.77421875 0.15234375 0.19375
5 0.8578125 0.859375 0.0546875 0.05