10 0.06640625 0.24375 0.08359375 0.11875
10 0.0921875 0.1640625 0.05703125 0.1140625
10 0.140625 0.14765625 0.046875 0.06953125
10 0.16328125 0.35546875 0.09765625 0.14453125
10 0.27734375 0.35625 0.11484375 0.1546875
1 0.20625 0.31875 0.08828125 0.12421875
1 0.315625 0.31171875 0.0859375 0.14375
1 0.246875 0.25625 0.07109375 0.1046875
10 0.34453125 0.2484375 0.06171875 0.14140625
10 0.30703125 0.18203125 0.04375 0.0796875
1 0.39765625 0.225 0.06015625 0.08125
10 0.3359375 0.153125 0.04140625 0.0796875
10 0.378125 0.1421875 0.0453125 0.065625
10 0.421875 0.153125 0.05546875 0.09296875
10 0.475 0.1609375 0.04140625 0.10546875
10 0.62421875 0.22421875 0.06484375 0.10546875
1 0.57265625 0.1796875 0.06328125 0.06484375
1 0.56953125 0.21796875 0.05859375 0.0640625
10 0.44453125 0.3515625 0.090625 0.1859375
10 0.534375 0.35546875 0.08984375 0.1703125
10 0.63984375 0.36875 0.1296875 0.171875
1 0.52265625 0.2546875 0.06953125 0.1484375
2 0.259375 0.4265625 0.06953125 0.03515625
2 0.51328125 0.44296875 0.0375 0.03203125
1 0.71171875 0.178125 0.0328125 0.053125
1 0.73203125 0.19296875 0.053125 0.075
10 0.765625 0.21640625 0.046875 0.08671875
10 0.815625 0.21953125 0.0515625 0.08515625
10 0.87578125 0.19140625 0.05234375 0.0765625
10 0.83125 0.30390625 0.07734375 0.121875
10 0.89375 0.35546875 0.09140625 0.134375
10 0.95625 0.3890625 0.08671875 0.15625
1 0.59765625 0.28828125 0.065625 0.09453125
2 0.9796875 0.46875 0.040625 0.03359375
3 0.71796875 0.1734375 0.01796875 0.04296875
10 0.44375 0.1296875 0.03046875 0.08359375
10 0.465625 0.21796875 0.0671875 0.125
1 0.54375 0.15703125 0.0390625 0.0640625
3 0.06328125 0.22109375 0.03359375 0.071875
3 0.07890625 0.140625 0.03046875 0.06328125
3 0.134375 0.14296875 0.02578125 0.05625
3 0.14140625 0.32890625 0.04453125 0.08828125
3 0.18203125 0.3015625 0.040625 0.078125
3 0.265625 0.24296875 0.0328125 0.075
3 0.2671875 0.32578125 0.04296875 0.08828125
3 0.30234375 0.30546875 0.0421875 0.08359375
6 0.34140625 0.21015625 0.03125 0.06328125
3 0.3078125 0.17421875 0.02578125 0.05625
6 0.3328125 0.13984375 0.02109375 0.0515625
3 0.37734375 0.1359375 0.0203125 0.05390625
6 0.42109375 0.13359375 0.0234375 0.05546875
3 0.3890625 0.21953125 0.03046875 0.06640625
6 0.44140625 0.1125 0.02109375 0.0453125
6 0.47109375 0.13359375 0.02265625 0.05078125
6 0.4625 0.1890625 0.02890625 0.06328125
6 0.465625 0.30390625 0.03984375 0.08203125
3 0.44140625 0.2671875 0.03046875 0.07109375
1 0.4265625 0.28046875 0.07578125 0.1
3 0.54453125 0.1515625 0.02109375 0.0484375
6 0.5234375 0.21875 0.03125 0.08203125
6 0.53515625 0.31796875 0.03828125 0.09140625
3 0.57734375 0.16953125 0.0265625 0.04921875
3 0.5734375 0.21484375 0.025 0.0515625
6 0.621875 0.20390625 0.02578125 0.06015625
3 0.63984375 0.33359375 0.0453125 0.103125
0 0.64375 0.4265625 0.04921875 0.0484375
3 0.7421875 0.18046875 0.025 0.0515625
6 0.765625 0.1953125 0.02109375 0.04609375
3 0.79375 0.18671875 0.0234375 0.0546875
1 0.79140625 0.19296875 0.03515625 0.059375
3 0.8234375 0.20390625 0.02265625 0.053125
3 0.8875 0.17890625 0.0265625 0.05078125
3 0.85390625 0.27890625 0.03046875 0.0703125
7 0.84375 0.33671875 0.04140625 0.03125
3 0.91875 0.32890625 0.0390625 0.0796875
3 0.98515625 0.3546875 0.02890625 0.08515625
3 0.97734375 0.2859375 0.03203125 0.06875
10 0.96484375 0.2921875 0.0546875 0.084375
3 0.9125 0.2703125 0.0359375 0.071875