3 0.03515625 0.46875 0.06484375 0.1203125
2 0.0421875 0.58046875 0.08359375 0.07578125
3 0.196875 0.48046875 0.0578125 0.121875
0 0.18515625 0.60390625 0.06015625 0.0515625
3 0.32109375 0.45625 0.0578125 0.12578125
0 0.284375 0.57890625 0.04140625 0.0609375
2 0.28671875 0.6359375 0.1140625 0.04375
6 0.36953125 0.44375 0.03984375 0.06875
6 0.55546875 0.44375 0.0390625 0.08125
9 0.63984375 0.4765625 0.03984375 0.07578125
6 0.728125 0.48046875 0.0390625 0.08671875
6 0.6984375 0.51171875 0.05390625 0.10625
2 0.68828125 0.678125 0.084375 0.0515625
1 0.0734375 0.51171875 0.13984375 0.20390625
10 0.2078125 0.528125 0.12265625 0.18828125
10 0.33828125 0.5171875 0.14765625 0.23203125
10 0.390625 0.49140625 0.07578125 0.15078125
10 0.54453125 0.5015625 0.09453125 0.16875
10 0.63203125 0.51796875 0.07890625 0.14375
10 0.68515625 0.56875 0.13125 0.22109375
10 0.73984375 0.5296875 0.06015625 0.1484375