3 0.05078125 0.61875 0.0625 0.1109375
3 0.16796875 0.6046875 0.0546875 0.11328125
2 0.16328125 0.76875 0.11796875 0.03671875
3 0.0859375 0.56875 0.04609375 0.0484375
3 0.30390625 0.54375 0.04375 0.071875
7 0.2875 0.64296875 0.0703125 0.0484375
9 0.4609375 0.56875 0.0625 0.11875
0 0.38359375 0.71875 0.0671875 0.059375
2 0.37578125 0.76875 0.075 0.021875
6 0.49140625 0.4984375 0.03125 0.06875
3 0.6578125 0.496875 0.025 0.05546875
3 0.7484375 0.4796875 0.04453125 0.08515625
0 0.76484375 0.57109375 0.0453125 0.05625
3 0.6890625 0.528125 0.04375 0.13359375
3 0.8390625 0.46640625 0.04375 0.0890625
6 0.91796875 0.48125 0.06171875 0.13359375
2 0.96015625 0.70546875 0.07578125 0.0703125
3 0.95703125 0.44375 0.03046875 0.071875
10 0.07890625 0.6671875 0.12734375 0.18046875
10 0.1875 0.65078125 0.1296875 0.1984375
10 0.10859375 0.60078125 0.07890625 0.08828125
10 0.31171875 0.57890625 0.090625 0.1390625
10 0.4265625 0.63125 0.14140625 0.2390625
10 0.50546875 0.5484375 0.06328125 0.16953125
10 0.68359375 0.5984375 0.13828125 0.2703125
10 0.64453125 0.540625 0.053125 0.13515625
10 0.753125 0.51875 0.08359375 0.1609375
10 0.83984375 0.50546875 0.0890625 0.16328125
10 0.9140625 0.55859375 0.171875 0.3
10 0.96640625 0.490625 0.06484375 0.14609375