10 0.06953125 0.24609375 0.09140625 0.12890625
10 0.14140625 0.1453125 0.05078125 0.07578125
10 0.37734375 0.13828125 0.0421875 0.06875
10 0.30703125 0.17421875 0.03984375 0.090625
10 0.27265625 0.240625 0.07265625 0.11796875
10 0.34609375 0.24609375 0.04609375 0.140625
10 0.27578125 0.34921875 0.10703125 0.16875
10 0.1609375 0.33671875 0.096875 0.18359375
10 0.42265625 0.15625 0.04765625 0.08515625
10 0.39765625 0.21796875 0.065625 0.103125
1 0.44765625 0.26796875 0.071875 0.13125
10 0.446875 0.34609375 0.1015625 0.1859375
2 0.51484375 0.44296875 0.03984375 0.03828125
10 0.56953125 0.209375 0.04921875 0.07421875
10 0.53515625 0.35625 0.09765625 0.16953125
10 0.63203125 0.2265625 0.05546875 0.10625
10 0.64765625 0.36875 0.13359375 0.18046875
1 0.7109375 0.178125 0.0375 0.05390625
1 0.73203125 0.19296875 0.05546875 0.0734375
10 0.76328125 0.215625 0.04765625 0.09296875
10 0.81484375 0.21796875 0.05234375 0.08984375
10 0.884375 0.18984375 0.0421875 0.0890625
10 0.84140625 0.29765625 0.071875 0.11171875
10 0.90078125 0.3390625 0.07734375 0.16015625
10 0.034375 0.159375 0.04296875 0.08046875
10 0.32578125 0.14375 0.03515625 0.08671875
10 0.47734375 0.22109375 0.05546875 0.12421875
10 0.21484375 0.30390625 0.08203125 0.1484375
10 0.525 0.18359375 0.04921875 0.1
2 0.26015625 0.415625 0.07578125 0.0390625
10 0.32890625 0.30546875 0.075 0.15
1 0.596875 0.290625 0.06328125 0.0953125
10 0.96015625 0.3734375 0.07890625 0.2046875
3 0.03828125 0.15 0.02890625 0.05703125
3 0.0625 0.2234375 0.0328125 0.0796875
1 0.0921875 0.16796875 0.06328125 0.096875
3 0.13515625 0.13671875 0.02578125 0.05546875
6 0.33125 0.1296875 0.01953125 0.0515625
9 0.3671875 0.13125 0.01953125 0.0515625
3 0.3 0.159375 0.0265625 0.05625
6 0.3375 0.2078125 0.028125 0.06171875
3 0.31875 0.278125 0.04296875 0.09140625
6 0.2875 0.21875 0.0328125 0.07109375
3 0.27109375 0.315625 0.0453125 0.09609375
3 0.19453125 0.2796875 0.03828125 0.09296875
6 0.15703125 0.29296875 0.04453125 0.09140625
3 0.3953125 0.20625 0.03046875 0.0734375
3 0.421875 0.14375 0.02421875 0.05859375
6 0.44140625 0.109375 0.02109375 0.05078125
10 0.446875 0.12890625 0.03046875 0.08515625
6 0.471875 0.13046875 0.0234375 0.040625
3 0.46328125 0.1953125 0.028125 0.06640625
6 0.44296875 0.24296875 0.03359375 0.0765625
6 0.4546875 0.29453125 0.03984375 0.08125
3 0.5421875 0.32578125 0.04765625 0.10546875
3 0.6515625 0.33203125 0.04921875 0.1046875
3 0.621875 0.31328125 0.0328125 0.0796875
3 0.6125 0.27890625 0.03046875 0.06953125
3 0.52890625 0.27890625 0.02890625 0.07578125
3 0.52265625 0.16875 0.025 0.0609375
9 0.53828125 0.13125 0.021875 0.04453125
10 0.54375 0.14375 0.0296875 0.071875
3 0.57265625 0.203125 0.02265625 0.05
6 0.62734375 0.20546875 0.0265625 0.06328125
0 0.65703125 0.42734375 0.05546875 0.05078125
10 0.6046875 0.3359375 0.06328125 0.1203125
3 0.71640625 0.1734375 0.01953125 0.04375
3 0.74609375 0.1890625 0.0234375 0.053125
3 0.79453125 0.19296875 0.02421875 0.05546875
3 0.8921875 0.17109375 0.025 0.053125
3 0.8625 0.28125 0.0296875 0.0734375
3 0.81875 0.20390625 0.0234375 0.0515625
9 0.7734375 0.19375 0.02265625 0.05078125
6 0.91328125 0.29609375 0.03984375 0.071875
6 0.98125 0.32109375 0.0375 0.0953125
7 0.846875 0.3421875 0.0421875 0.025