8 0.08671875 0.79140625 0.0703125 0.109375
5 0.04921875 0.903125 0.0515625 0.04375
6 0.23828125 0.69375 0.059375 0.09609375
2 0.19453125 0.8890625 0.11484375 0.06328125
6 0.24296875 0.62734375 0.03671875 0.06171875
6 0.3484375 0.6265625 0.03984375 0.07578125
5 0.328125 0.76171875 0.0234375 0.02109375
2 0.35546875 0.76171875 0.03515625 0.02421875
6 0.4890625 0.61484375 0.0375 0.07421875
6 0.59765625 0.61875 0.03984375 0.084375
3 0.52890625 0.73046875 0.06015625 0.11484375
5 0.615625 0.7484375 0.021875 0.02890625
0 0.5421875 0.85546875 0.05703125 0.06640625
6 0.70390625 0.65078125 0.04921875 0.1046875
5 0.7015625 0.86328125 0.0265625 0.0390625
3 0.84140625 0.7015625 0.06640625 0.11484375
2 0.88828125 0.86796875 0.0875 0.05703125
10 0.85859375 0.7484375 0.1296875 0.20625
10 0.71171875 0.73359375 0.1203125 0.25078125
10 0.6 0.65859375 0.08046875 0.159375
10 0.5328125 0.778125 0.13828125 0.1953125
10 0.48515625 0.6640625 0.11015625 0.16015625
10 0.34765625 0.67265625 0.08203125 0.16015625
10 0.23984375 0.76640625 0.1203125 0.23125
10 0.24765625 0.67421875 0.08515625 0.14296875
1 0.1109375 0.7890625 0.14296875 0.196875