3 0.0625 0.60625 0.0671875 0.11640625
3 0.1921875 0.60546875 0.05703125 0.1109375
2 0.14140625 0.76875 0.09609375 0.06328125
3 0.2984375 0.55078125 0.04609375 0.08125
7 0.28046875 0.64296875 0.0609375 0.0484375
6 0.4734375 0.52578125 0.040625 0.08125
0 0.47578125 0.61875 0.0375 0.040625
3 0.39609375 0.578125 0.0578125 0.12578125
2 0.36953125 0.7609375 0.06953125 0.06875
3 0.67265625 0.54375 0.05703125 0.140625
6 0.7359375 0.46640625 0.04375 0.08125
6 0.81328125 0.44296875 0.04140625 0.078125
9 0.84140625 0.51875 0.08359375 0.13359375
3 0.96953125 0.50546875 0.05390625 0.13671875
2 0.8234375 0.725 0.07109375 0.05703125
10 0.0875 0.65546875 0.125 0.21875
10 0.2125 0.65546875 0.12109375 0.209375
10 0.30078125 0.58125 0.10234375 0.1453125
10 0.40625 0.62890625 0.146875 0.23046875
10 0.48828125 0.5640625 0.09765625 0.14453125
10 0.66796875 0.6140625 0.13359375 0.2640625
10 0.7390625 0.509375 0.08125 0.165625
10 0.81328125 0.46953125 0.07265625 0.13203125
10 0.81953125 0.584375 0.1671875 0.25390625
10 0.94921875 0.58046875 0.1015625 0.2828125