3 0.140625 0.49609375 0.0546875 0.1109375
7 0.08828125 0.628125 0.109375 0.09609375
3 0.2546875 0.521875 0.05859375 0.1109375
0 0.2390625 0.6453125 0.03984375 0.04609375
6 0.384375 0.4890625 0.0546875 0.10546875
5 0.321875 0.678125 0.040625 0.03671875
3 0.4296875 0.49453125 0.040625 0.0890625
6 0.60078125 0.4890625 0.04375 0.07421875
6 0.690625 0.51015625 0.0359375 0.07578125
6 0.77734375 0.5203125 0.0390625 0.078125
3 0.74765625 0.57890625 0.05390625 0.11640625
2 0.73671875 0.74375 0.0859375 0.0515625
10 0.146875 0.55546875 0.11484375 0.2140625
10 0.26640625 0.57734375 0.11328125 0.19921875
10 0.38828125 0.56640625 0.15078125 0.2515625
10 0.44140625 0.53046875 0.06328125 0.1515625
10 0.59296875 0.54140625 0.09609375 0.17109375
10 0.6875 0.5578125 0.08515625 0.14921875
10 0.73515625 0.6359375 0.13984375 0.21796875
10 0.7953125 0.56796875 0.06796875 0.16171875