9 0.04765625 0.59921875 0.06484375 0.10546875
3 0.08203125 0.56796875 0.0375 0.06875
9 0.18828125 0.5890625 0.05859375 0.1109375
2 0.14375 0.765625 0.0921875 0.0609375
6 0.303125 0.540625 0.0390625 0.0890625
7 0.28203125 0.64296875 0.065625 0.0484375
6 0.4875 0.49921875 0.0390625 0.071875
9 0.43515625 0.5765625 0.06640625 0.11875
0 0.384375 0.72109375 0.0703125 0.06484375
9 0.6796875 0.51015625 0.06796875 0.11875
3 0.7453125 0.478125 0.04609375 0.09609375
6 0.82578125 0.44609375 0.04609375 0.1
0 0.85625 0.578125 0.0546875 0.059375
0 0.7671875 0.57890625 0.05078125 0.04609375
7 0.95703125 0.70546875 0.07890625 0.08125
10 0.07265625 0.6515625 0.1125 0.20546875
10 0.10625 0.6 0.08515625 0.13125
10 0.18515625 0.64765625 0.1328125 0.225
10 0.31015625 0.5734375 0.09453125 0.15390625
10 0.41640625 0.63828125 0.146875 0.2359375
10 0.49453125 0.5484375 0.07890625 0.16796875
10 0.678125 0.59765625 0.13671875 0.28984375
10 0.753125 0.51875 0.0875 0.1765625
10 0.84140625 0.50234375 0.10546875 0.19921875
10 0.93515625 0.553125 0.128125 0.30078125