3 0.15078125 0.65546875 0.040625 0.078125
0 0.1234375 0.71875 0.04921875 0.03515625
8 0.22578125 0.69375 0.05234375 0.078125
8 0.30390625 0.69296875 0.04765625 0.06953125
3 0.39765625 0.61875 0.04765625 0.07421875
7 0.37578125 0.7296875 0.07265625 0.05546875
3 0.571875 0.65546875 0.04375 0.06875
0 0.56640625 0.71875 0.040625 0.0390625
8 0.76953125 0.659375 0.05 0.09375
8 0.87734375 0.7796875 0.0796875 0.11484375
3 0.69140625 0.69140625 0.0625 0.13125
0 0.69453125 0.834375 0.08046875 0.05625
1 0.15 0.68125 0.10390625 0.13203125
1 0.22890625 0.68125 0.10078125 0.12109375
1 0.31328125 0.69296875 0.08671875 0.084375
1 0.559375 0.68046875 0.10078125 0.11484375
1 0.7671875 0.66796875 0.09921875 0.14296875
1 0.86328125 0.77890625 0.15703125 0.19375
10 0.39609375 0.65625 0.0953125 0.1640625
10 0.68828125 0.74375 0.16484375 0.25703125
5 0.86015625 0.86015625 0.05546875 0.04296875