8 0.1171875 0.75625 0.075 0.12578125
5 0.0578125 0.8359375 0.040625 0.04375
3 0.2328125 0.60546875 0.04375 0.0890625
0 0.21171875 0.684375 0.0359375 0.03671875
8 0.24375 0.74140625 0.0703125 0.12421875
3 0.3484375 0.60390625 0.05 0.0890625
0 0.33515625 0.68359375 0.0375 0.05546875
3 0.52421875 0.6234375 0.0453125 0.084375
5 0.52890625 0.6984375 0.0375 0.03046875
3 0.62890625 0.61484375 0.04375 0.0890625
7 0.6265625 0.69375 0.065625 0.05546875
6 0.753125 0.60546875 0.0609375 0.121875
5 0.753125 0.82578125 0.0359375 0.0515625
6 0.87265625 0.61875 0.05546875 0.10546875
2 0.9390625 0.8484375 0.11484375 0.06953125
10 0.22890625 0.62890625 0.10078125 0.1265625
10 0.353125 0.6375 0.09140625 0.165625
10 0.51484375 0.6453125 0.10859375 0.12578125
10 0.62421875 0.64296875 0.103125 0.1453125
10 0.73203125 0.68125 0.17109375 0.2703125
10 0.87265625 0.69765625 0.12265625 0.2640625
1 0.1078125 0.7265625 0.165625 0.18046875
1 0.259375 0.74453125 0.1359375 0.2015625