8 0.0859375 0.79296875 0.06953125 0.10390625
5 0.0484375 0.9015625 0.05 0.03671875
6 0.2390625 0.69453125 0.05078125 0.109375
6 0.2421875 0.63046875 0.03671875 0.0640625
2 0.18828125 0.88203125 0.12109375 0.06640625
6 0.35 0.625 0.0375 0.06875
5 0.328125 0.759375 0.02109375 0.03046875
2 0.35546875 0.75546875 0.0359375 0.02578125
6 0.48046875 0.621875 0.034375 0.0765625
6 0.6015625 0.6140625 0.03671875 0.0796875
5 0.61328125 0.746875 0.025 0.03046875
3 0.51953125 0.7203125 0.05234375 0.109375
0 0.52578125 0.84765625 0.04140625 0.06953125
6 0.70078125 0.65 0.046875 0.1
5 0.69765625 0.86328125 0.03125 0.03671875
3 0.840625 0.71640625 0.0625 0.11484375
2 0.88828125 0.86484375 0.08984375 0.06328125
10 0.85703125 0.75703125 0.12421875 0.18359375
10 0.7109375 0.73046875 0.12421875 0.25390625
10 0.60078125 0.65703125 0.07890625 0.1640625
10 0.53125 0.77890625 0.13359375 0.20546875
10 0.48828125 0.66796875 0.07421875 0.16171875
10 0.346875 0.67421875 0.08515625 0.1640625
10 0.23828125 0.76484375 0.12421875 0.228125
10 0.2484375 0.675 0.08515625 0.14453125
1 0.10625 0.78671875 0.14140625 0.20546875