10 0.06875 0.24296875 0.0859375 0.13046875
1 0.13515625 0.1515625 0.05234375 0.075
10 0.38203125 0.134375 0.03515625 0.06953125
10 0.3046875 0.16953125 0.03984375 0.07890625
10 0.34453125 0.246875 0.046875 0.1390625
10 0.275 0.34609375 0.10859375 0.1765625
10 0.165625 0.33515625 0.10078125 0.18515625
10 0.4234375 0.15703125 0.046875 0.0796875
10 0.396875 0.215625 0.06640625 0.1109375
1 0.44921875 0.27109375 0.0734375 0.12421875
10 0.4484375 0.3484375 0.1046875 0.19375
2 0.51484375 0.44296875 0.03984375 0.03828125
10 0.571875 0.20703125 0.0515625 0.078125
10 0.546875 0.35546875 0.09609375 0.18984375
10 0.63046875 0.2265625 0.05546875 0.109375
10 0.64765625 0.3734375 0.13359375 0.18046875
1 0.7109375 0.178125 0.0375 0.05390625
1 0.7359375 0.1890625 0.05234375 0.084375
10 0.76328125 0.215625 0.04765625 0.09296875
10 0.8125 0.21875 0.04765625 0.090625
10 0.884375 0.18984375 0.0421875 0.0890625
10 0.8390625 0.29609375 0.0671875 0.11796875
10 0.9046875 0.34453125 0.08125 0.1546875
10 0.034375 0.15546875 0.0484375 0.08671875
10 0.34296875 0.14140625 0.065625 0.0984375
10 0.478125 0.2234375 0.05546875 0.11875
10 0.21171875 0.3015625 0.0890625 0.15546875
10 0.521875 0.18828125 0.04921875 0.1
2 0.25625 0.41875 0.0734375 0.03359375
1 0.325 0.29296875 0.0765625 0.1734375
1 0.5984375 0.2890625 0.06171875 0.0953125
10 0.553125 0.1640625 0.04296875 0.0984375
1 0.79609375 0.1890625 0.03828125 0.07421875
3 0.06328125 0.22109375 0.03125 0.078125
3 0.04296875 0.146875 0.025 0.05859375
3 0.12734375 0.14453125 0.02421875 0.05703125
3 0.06328125 0.16328125 0.03203125 0.05859375
3 0.346875 0.1203125 0.0234375 0.05390625
3 0.375 0.13046875 0.0203125 0.053125
3 0.42265625 0.14609375 0.02265625 0.0609375
6 0.44765625 0.1078125 0.021875 0.046875
10 0.45078125 0.128125 0.03671875 0.084375
6 0.39609375 0.19375 0.0296875 0.06328125
6 0.33671875 0.209375 0.03046875 0.06015625
6 0.3 0.15703125 0.02578125 0.0515625
6 0.30703125 0.2484375 0.0375 0.08125
6 0.27578125 0.30234375 0.040625 0.08828125
3 0.190625 0.2734375 0.04296875 0.09296875
6 0.15234375 0.29453125 0.04296875 0.09453125
6 0.47578125 0.1578125 0.02578125 0.05625
3 0.46484375 0.196875 0.02734375 0.0640625
3 0.44375 0.246875 0.03203125 0.06875
6 0.453125 0.29609375 0.03984375 0.08125
3 0.52734375 0.27578125 0.03125 0.08125
6 0.51640625 0.1640625 0.02421875 0.0515625
6 0.5578125 0.13828125 0.02421875 0.04921875
6 0.57265625 0.1921875 0.025 0.04921875
6 0.62421875 0.20625 0.02578125 0.05859375
3 0.61171875 0.2796875 0.03359375 0.071875
9 0.5515625 0.31015625 0.0484375 0.0984375
3 0.65078125 0.33671875 0.04765625 0.103125
0 0.653125 0.43359375 0.05078125 0.040625
3 0.71796875 0.1734375 0.01875 0.04296875
3 0.74453125 0.17578125 0.025 0.05390625
3 0.7921875 0.18203125 0.0265625 0.05625
9 0.7703125 0.19453125 0.0234375 0.04921875
9 0.81484375 0.20078125 0.025 0.05078125
3 0.8921875 0.171875 0.02421875 0.053125
3 0.853125 0.275 0.03203125 0.0703125
7 0.84375 0.340625 0.04296875 0.028125
3 0.92265625 0.31171875 0.040625 0.0859375