3 0.1546875 0.6546875 0.04140625 0.07578125
0 0.12578125 0.71640625 0.05 0.040625
8 0.22578125 0.69375 0.05 0.0796875
8 0.30625 0.69375 0.0453125 0.08515625
3 0.3984375 0.61875 0.04453125 0.08125
7 0.371875 0.7296875 0.065625 0.0515625
3 0.5671875 0.659375 0.03828125 0.05625
0 0.56640625 0.71875 0.040625 0.04453125
8 0.76953125 0.67421875 0.06015625 0.09375
8 0.87578125 0.77109375 0.07265625 0.1109375
5 0.8578125 0.85390625 0.05859375 0.03671875
3 0.69140625 0.68046875 0.05859375 0.1296875
0 0.6890625 0.8296875 0.0625 0.07421875
1 0.1515625 0.68125 0.09609375 0.12109375
10 0.39921875 0.659375 0.0890625 0.16171875
10 0.68515625 0.74140625 0.16171875 0.24140625
1 0.23203125 0.68203125 0.10546875 0.11328125
1 0.3109375 0.69375 0.08671875 0.08125
1 0.55859375 0.68359375 0.10546875 0.11171875
1 0.76328125 0.6609375 0.09375 0.13125
1 0.865625 0.77109375 0.15234375 0.17890625