3 0.13828125 0.50625 0.05 0.109375
6 0.26796875 0.50546875 0.0609375 0.121875
0 0.2390625 0.64375 0.05078125 0.059375
9 0.37265625 0.49375 0.06171875 0.121875
6 0.4390625 0.47890625 0.0375 0.08359375
6 0.6203125 0.48828125 0.04140625 0.08125
6 0.70859375 0.5109375 0.03828125 0.08125
6 0.79453125 0.5203125 0.04609375 0.09609375
6 0.75390625 0.56328125 0.05703125 0.11875
2 0.746875 0.73046875 0.08984375 0.0796875
10 0.146875 0.5515625 0.12578125 0.18984375
10 0.26875 0.56171875 0.11484375 0.21953125
10 0.38828125 0.559375 0.15703125 0.24609375
10 0.44609375 0.5140625 0.05859375 0.14375
10 0.603125 0.53515625 0.09765625 0.16875
10 0.7 0.546875 0.07421875 0.146875
10 0.740625 0.62578125 0.1484375 0.22890625
10 0.80078125 0.559375 0.06875 0.1640625