3 0.0453125 0.63828125 0.05859375 0.11796875
0 0.0234375 0.778125 0.04609375 0.059375
9 0.14140625 0.628125 0.065625 0.1109375
2 0.1234375 0.7859375 0.084375 0.0546875
3 0.26015625 0.58046875 0.046875 0.08359375
7 0.26015625 0.66875 0.07890625 0.05
3 0.44765625 0.55546875 0.0375 0.08125
9 0.39609375 0.58046875 0.0578125 0.1203125
7 0.38203125 0.76171875 0.10078125 0.05625
5 0.3171875 0.76640625 0.03359375 0.03671875
9 0.63125 0.534375 0.0578125 0.11953125
3 0.7 0.50546875 0.0453125 0.08125
3 0.78359375 0.48046875 0.0421875 0.07421875
9 0.75546875 0.55546875 0.0640625 0.12578125
3 0.91796875 0.5375 0.06171875 0.11953125
0 0.9265625 0.68828125 0.05546875 0.05625
7 0.79765625 0.71484375 0.09765625 0.0703125
5 0.73203125 0.740625 0.0375 0.04453125
0 0.45390625 0.63046875 0.03359375 0.040625
10 0.05625 0.6890625 0.1109375 0.22421875
10 0.15859375 0.6765625 0.1203125 0.1984375
10 0.2703125 0.60625 0.090625 0.13828125
10 0.3890625 0.65 0.13125 0.25703125
10 0.4640625 0.590625 0.08984375 0.13984375
10 0.6421875 0.60859375 0.12734375 0.26875
10 0.7 0.54296875 0.07265625 0.15859375
10 0.7734375 0.6109375 0.14453125 0.2296875
10 0.80078125 0.52890625 0.07734375 0.159375
10 0.91953125 0.5953125 0.14375 0.240625