6 0.11796875 0.49375 0.0578125 0.09453125
7 0.096875 0.6515625 0.1171875 0.059375
3 0.24453125 0.53203125 0.05859375 0.11328125
0 0.20390625 0.6515625 0.03515625 0.059375
3 0.38515625 0.5109375 0.05 0.11875
0 0.37265625 0.61015625 0.05390625 0.05
2 0.33125 0.69375 0.10546875 0.0515625
6 0.43828125 0.49140625 0.03515625 0.071875
6 0.6109375 0.49921875 0.04375 0.08125
0 0.60703125 0.60390625 0.0375 0.0515625
3 0.69140625 0.540625 0.04140625 0.08125
6 0.79375 0.5140625 0.0421875 0.08125
3 0.7515625 0.596875 0.05859375 0.11875
2 0.7453125 0.74375 0.09453125 0.05390625
10 0.13515625 0.55390625 0.14765625 0.203125
10 0.253125 0.57109375 0.11953125 0.19609375
10 0.3875 0.571875 0.1234375 0.23359375
10 0.44921875 0.62265625 0.0703125 0.33046875
10 0.60078125 0.54453125 0.09921875 0.16953125
10 0.79765625 0.56484375 0.07421875 0.171875
10 0.690625 0.56640625 0.09140625 0.1296875
1 0.74140625 0.64140625 0.13515625 0.209375