3 0.11953125 0.53203125 0.0625 0.11640625
7 0.090625 0.640625 0.1109375 0.08125
3 0.246875 0.53125 0.0578125 0.11875
0 0.2171875 0.6515625 0.04140625 0.059375
6 0.38828125 0.4859375 0.05390625 0.10546875
5 0.32109375 0.67578125 0.0328125 0.04453125
3 0.43515625 0.4953125 0.04140625 0.090625
6 0.60625 0.49375 0.0421875 0.08515625
6 0.69140625 0.51640625 0.03515625 0.078125
6 0.79453125 0.52578125 0.04609375 0.0890625
3 0.7359375 0.58359375 0.05625 0.11953125
2 0.73671875 0.74375 0.0953125 0.05
1 0.14296875 0.5734375 0.12109375 0.175
10 0.25546875 0.58359375 0.12109375 0.196875
10 0.3859375 0.56953125 0.15234375 0.25546875
10 0.44453125 0.53203125 0.06015625 0.14921875
10 0.5890625 0.540625 0.09765625 0.16953125
10 0.68046875 0.55625 0.0890625 0.146875
10 0.73046875 0.640625 0.14375 0.20546875
10 0.7984375 0.56796875 0.07109375 0.16484375