3 0.15390625 0.65546875 0.03984375 0.07421875
0 0.1296875 0.71875 0.04296875 0.04453125
3 0.22890625 0.62421875 0.04140625 0.08046875
8 0.30703125 0.690625 0.05234375 0.0890625
3 0.4109375 0.61171875 0.04609375 0.08046875
7 0.37265625 0.72578125 0.071875 0.0515625
6 0.56640625 0.64140625 0.040625 0.0796875
0 0.5671875 0.71640625 0.03828125 0.0484375
8 0.76875 0.678125 0.059375 0.0890625
6 0.846875 0.6703125 0.059375 0.12421875
3 0.68828125 0.678125 0.059375 0.140625
5 0.85703125 0.85546875 0.06015625 0.03515625
0 0.69453125 0.8296875 0.06328125 0.07421875
1 0.23359375 0.6625 0.09765625 0.1453125
1 0.3140625 0.69296875 0.08671875 0.0859375
1 0.76328125 0.66328125 0.09453125 0.12578125
1 0.15390625 0.67578125 0.09375 0.11875
10 0.40703125 0.66171875 0.09375 0.165625
10 0.559375 0.71640625 0.10078125 0.21953125
10 0.68671875 0.73671875 0.15078125 0.24375
10 0.859375 0.73046875 0.15234375 0.24375