5 0.0140625 0.66875 0.02734375 0.03671875
3 0.08203125 0.56171875 0.04296875 0.05546875
3 0.06171875 0.60703125 0.0609375 0.1109375
3 0.15703125 0.61875 0.05859375 0.10390625
7 0.14140625 0.75625 0.08359375 0.05390625
3 0.30078125 0.53515625 0.04296875 0.08125
7 0.27890625 0.64375 0.07421875 0.0484375
3 0.37578125 0.5890625 0.05390625 0.12578125
5 0.31796875 0.75546875 0.0359375 0.04609375
7 0.375 0.74140625 0.0875 0.0796875
3 0.4734375 0.521875 0.03828125 0.08125
0 0.471875 0.62109375 0.0359375 0.04375
3 0.67421875 0.54375 0.0609375 0.13671875
3 0.7359375 0.48046875 0.04609375 0.090625
3 0.83203125 0.4515625 0.04609375 0.0890625
3 0.8078125 0.53046875 0.07109375 0.14296875
0 0.8234375 0.69375 0.0625 0.090625
3 0.965625 0.50546875 0.0640625 0.13671875
10 0.075 0.65390625 0.09765625 0.20546875
10 0.10078125 0.57890625 0.07265625 0.10390625
10 0.16796875 0.6765625 0.1421875 0.209375
10 0.29765625 0.57578125 0.08828125 0.15546875
10 0.3984375 0.653125 0.1578125 0.23125
10 0.48125 0.56484375 0.09609375 0.16328125
10 0.67265625 0.61328125 0.14140625 0.25859375
10 0.74296875 0.49453125 0.0578125 0.1296875
10 0.81328125 0.59765625 0.1625 0.2765625
10 0.83671875 0.465625 0.0703125 0.11640625
10 0.94375 0.56953125 0.1109375 0.26484375