10 0.06640625 0.24296875 0.08984375 0.1203125
1 0.0921875 0.16875 0.065625 0.09453125
10 0.1375 0.153125 0.05 0.0734375
10 0.159375 0.34296875 0.09765625 0.14921875
10 0.2765625 0.35546875 0.11640625 0.159375
1 0.20859375 0.315625 0.0890625 0.1265625
1 0.31640625 0.30703125 0.08203125 0.14453125
1 0.24765625 0.25546875 0.06953125 0.10546875
10 0.34375 0.253125 0.0609375 0.1390625
10 0.30703125 0.18046875 0.04375 0.0796875
10 0.3984375 0.20546875 0.0625 0.11875
10 0.33125 0.1515625 0.03203125 0.08671875
10 0.38046875 0.1359375 0.0421875 0.06875
10 0.42421875 0.15625 0.0484375 0.084375
10 0.47421875 0.16484375 0.0421875 0.10390625
1 0.51328125 0.19375 0.04921875 0.075
10 0.63125 0.22890625 0.06484375 0.10546875
10 0.57265625 0.16796875 0.06328125 0.084375
10 0.56875 0.20625 0.05078125 0.07421875
10 0.44765625 0.35390625 0.090625 0.1859375
10 0.53515625 0.35546875 0.08984375 0.16875
10 0.646875 0.36875 0.13828125 0.171875
10 0.60625 0.33125 0.0703125 0.13125
10 0.52578125 0.2765625 0.06875 0.09609375
2 0.259375 0.4265625 0.06953125 0.03515625
2 0.51484375 0.4421875 0.03515625 0.034375
1 0.71015625 0.17734375 0.03671875 0.053125
1 0.73046875 0.19375 0.0578125 0.07421875
10 0.76796875 0.21484375 0.0484375 0.0890625
10 0.81640625 0.21875 0.05078125 0.08515625
10 0.8765625 0.190625 0.05234375 0.08046875
10 0.83203125 0.303125 0.07578125 0.1234375
10 0.89375 0.35625 0.0921875 0.13046875
10 0.95859375 0.36875 0.0828125 0.19609375
1 0.59765625 0.290625 0.065625 0.09140625
2 0.9796875 0.46875 0.040625 0.03359375
0 0.65390625 0.428125 0.053125 0.04140625
3 0.71640625 0.171875 0.02109375 0.04453125
10 0.4421875 0.13125 0.03046875 0.08828125
3 0.06328125 0.21875 0.03203125 0.07421875
3 0.075 0.15390625 0.02890625 0.05859375
3 0.12890625 0.14296875 0.02421875 0.0546875
3 0.14765625 0.31875 0.04375 0.090625
3 0.18203125 0.29375 0.040625 0.0796875
3 0.265625 0.24375 0.0328125 0.07421875
3 0.26875 0.31796875 0.04296875 0.08828125
3 0.303125 0.30390625 0.0390625 0.08203125
6 0.34140625 0.21484375 0.03359375 0.06328125
3 0.30625 0.171875 0.0265625 0.05546875
6 0.33125 0.13125 0.0234375 0.0515625
3 0.3796875 0.13125 0.01796875 0.04921875
6 0.440625 0.109375 0.0203125 0.04375
3 0.421875 0.14375 0.0234375 0.05625
3 0.3984375 0.190625 0.02734375 0.065625
6 0.46953125 0.1359375 0.02265625 0.04453125
10 0.46875 0.21796875 0.065625 0.125
9 0.4625 0.19296875 0.0296875 0.0640625
1 0.44765625 0.28046875 0.07421875 0.10703125
3 0.440625 0.2640625 0.03359375 0.07109375
6 0.45078125 0.30546875 0.0375 0.0890625
3 0.51328125 0.18671875 0.025 0.05625
3 0.5453125 0.15 0.02109375 0.05
10 0.54375 0.15625 0.0359375 0.06171875
3 0.57578125 0.15625 0.02421875 0.04921875
6 0.56953125 0.2 0.02265625 0.05
6 0.63203125 0.20546875 0.02734375 0.06328125
3 0.6125 0.28046875 0.03203125 0.0703125
3 0.5265625 0.2640625 0.03125 0.071875
6 0.534375 0.31875 0.04140625 0.09296875
3 0.625 0.30703125 0.03359375 0.08125
3 0.65234375 0.33671875 0.0453125 0.10625
3 0.746875 0.18359375 0.02421875 0.05546875
9 0.775 0.19375 0.02578125 0.0515625
3 0.79453125 0.1859375 0.02421875 0.05625
3 0.821875 0.2046875 0.02421875 0.05390625
3 0.853125 0.275 0.0296875 0.06875
7 0.84140625 0.3359375 0.04296875 0.03046875
3 0.8875 0.178125 0.0265625 0.0546875
3 0.91875 0.33125 0.03984375 0.08046875
3 0.91171875 0.27109375 0.03828125 0.06953125
3 0.98203125 0.321875 0.03359375 0.10625