10 0.06953125 0.24453125 0.08828125 0.12578125
10 0.14140625 0.14453125 0.05078125 0.07578125
10 0.3796875 0.14296875 0.04375 0.065625
10 0.30703125 0.17421875 0.03828125 0.09375
10 0.265625 0.2390625 0.065625 0.128125
10 0.34140625 0.24296875 0.04453125 0.125
10 0.275 0.34296875 0.10859375 0.1765625
10 0.16328125 0.33671875 0.096875 0.18203125
10 0.42109375 0.15703125 0.05078125 0.08359375
1 0.3953125 0.22421875 0.06328125 0.09453125
1 0.44765625 0.26796875 0.071875 0.13125
10 0.446875 0.34453125 0.1015625 0.1859375
2 0.51484375 0.44296875 0.03984375 0.03828125
10 0.57109375 0.20703125 0.05078125 0.07421875
10 0.5375 0.35859375 0.0984375 0.17421875
10 0.6296875 0.228125 0.05546875 0.10625
10 0.64609375 0.36875 0.13671875 0.17421875
1 0.7109375 0.178125 0.0375 0.05390625
1 0.73203125 0.19296875 0.05546875 0.0734375
10 0.76328125 0.215625 0.04765625 0.09296875
10 0.8140625 0.21875 0.05078125 0.090625
10 0.884375 0.18984375 0.0421875 0.0890625
10 0.84140625 0.30390625 0.07734375 0.11640625
10 0.9 0.33828125 0.0765625 0.15625
10 0.034375 0.159375 0.04296875 0.08125
10 0.33203125 0.14375 0.04453125 0.0890625
10 0.475 0.2234375 0.05703125 0.12109375
10 0.2140625 0.303125 0.08203125 0.1453125
10 0.525 0.18203125 0.04921875 0.1
2 0.25625 0.41875 0.0734375 0.03359375
10 0.328125 0.303125 0.07265625 0.1546875
1 0.59765625 0.2859375 0.06328125 0.09453125
10 0.96015625 0.36796875 0.07890625 0.203125
3 0.06328125 0.22578125 0.03125 0.075
3 0.05703125 0.165625 0.03359375 0.065625
3 0.0359375 0.153125 0.02890625 0.05859375
10 0.059375 0.18203125 0.07265625 0.1046875
3 0.13671875 0.13671875 0.0265625 0.05625
3 0.3015625 0.15703125 0.02578125 0.059375
3 0.4234375 0.14453125 0.02421875 0.059375
3 0.378125 0.1359375 0.0203125 0.04609375
3 0.3921875 0.215625 0.02890625 0.06484375
6 0.33515625 0.1296875 0.021875 0.05390625
6 0.3359375 0.2140625 0.02890625 0.06171875
3 0.3140625 0.27265625 0.0375 0.09375
6 0.27265625 0.29296875 0.04140625 0.0859375
3 0.19453125 0.28125 0.04296875 0.09140625
6 0.15078125 0.29375 0.04296875 0.09296875
9 0.278125 0.21484375 0.03515625 0.07578125
3 0.4625 0.19453125 0.028125 0.065625
6 0.4421875 0.24296875 0.03359375 0.075
6 0.453125 0.29453125 0.03828125 0.08359375
3 0.52890625 0.275 0.02890625 0.08125
1 0.52265625 0.28125 0.04140625 0.09375
3 0.540625 0.33046875 0.04609375 0.10546875
6 0.5234375 0.15625 0.02421875 0.05859375
6 0.44375 0.1109375 0.0203125 0.04453125
10 0.446875 0.128125 0.02734375 0.078125
6 0.471875 0.13046875 0.02265625 0.040625
6 0.54921875 0.1390625 0.0203125 0.04921875
10 0.54765625 0.146875 0.03046875 0.06875
3 0.57265625 0.2015625 0.02109375 0.05390625
6 0.6265625 0.20546875 0.02734375 0.06328125
3 0.6125 0.27578125 0.0296875 0.06953125
3 0.621875 0.3109375 0.03046875 0.08046875
10 0.603125 0.3375 0.0671875 0.13046875
3 0.6484375 0.33046875 0.04921875 0.10390625
0 0.653125 0.428125 0.05234375 0.0484375
3 0.71640625 0.17265625 0.01953125 0.04375
3 0.74765625 0.18671875 0.025 0.0546875
3 0.796875 0.19140625 0.0234375 0.053125
3 0.81953125 0.20546875 0.02265625 0.0546875
3 0.8921875 0.16953125 0.025 0.05078125
3 0.8625 0.28046875 0.0296875 0.071875
9 0.775 0.19296875 0.02265625 0.04921875
6 0.91328125 0.30078125 0.040625 0.075
6 0.98125 0.315625 0.03671875 0.09296875
7 0.84765625 0.34296875 0.04296875 0.0265625