8 0.1171875 0.75546875 0.07109375 0.121875
5 0.06015625 0.8375 0.0375 0.04375
3 0.23203125 0.60546875 0.04296875 0.09296875
0 0.21328125 0.69140625 0.03828125 0.04296875
8 0.2421875 0.734375 0.06875 0.11953125
3 0.3484375 0.60390625 0.046875 0.09609375
0 0.3359375 0.68828125 0.03671875 0.05625
3 0.5234375 0.62265625 0.03828125 0.08203125
0 0.52890625 0.7046875 0.03359375 0.028125
3 0.6265625 0.61875 0.04453125 0.078125
7 0.6265625 0.6953125 0.0625 0.0515625
6 0.75390625 0.60078125 0.05859375 0.10625
5 0.7546875 0.828125 0.03828125 0.040625
6 0.87578125 0.61875 0.05703125 0.1015625
2 0.94140625 0.846875 0.11640625 0.06953125
5 0.22890625 0.84296875 0.03359375 0.03359375
10 0.23125 0.63046875 0.09296875 0.13984375
10 0.3546875 0.634375 0.0890625 0.16796875
10 0.5171875 0.64375 0.10859375 0.13125
10 0.628125 0.640625 0.1078125 0.14453125
10 0.73125 0.6859375 0.16796875 0.28046875
10 0.87890625 0.703125 0.12265625 0.23515625
1 0.11015625 0.73359375 0.16640625 0.190625
1 0.2578125 0.74375 0.1453125 0.20390625