6 0.18203125 0.59375 0.0625 0.11640625
5 0.14140625 0.7640625 0.0375 0.0390625
3 0.27578125 0.56875 0.04765625 0.0890625
0 0.27265625 0.64140625 0.03515625 0.04609375
3 0.31953125 0.58359375 0.06171875 0.13359375
0 0.28828125 0.75546875 0.05625 0.07578125
3 0.40390625 0.55546875 0.05 0.0890625
0 0.39453125 0.64921875 0.034375 0.05546875
3 0.56640625 0.56953125 0.03671875 0.08671875
3 0.60078125 0.6109375 0.05078125 0.1234375
0 0.6 0.76875 0.0546875 0.0515625
6 0.73515625 0.53828125 0.05859375 0.10546875
5 0.75 0.79375 0.0453125 0.0390625
6 0.86640625 0.58125 0.05546875 0.1109375
2 0.91875 0.8046875 0.140625 0.05390625
10 0.17578125 0.65625 0.13515625 0.23046875
10 0.31953125 0.65546875 0.13359375 0.26328125
10 0.40703125 0.596875 0.08359375 0.16015625
10 0.5953125 0.67421875 0.1359375 0.25078125
10 0.7390625 0.64140625 0.12890625 0.3046875
10 0.8609375 0.65703125 0.125 0.2609375
1 0.271875 0.59921875 0.0703125 0.13359375
1 0.5546875 0.5984375 0.07890625 0.14296875