10 0.06796875 0.2359375 0.0859375 0.13046875
10 0.09375 0.1640625 0.05234375 0.1140625
10 0.13515625 0.14296875 0.05859375 0.08046875
10 0.38125 0.140625 0.04453125 0.06796875
10 0.30703125 0.17109375 0.03828125 0.09453125
10 0.24921875 0.2453125 0.0546875 0.12578125
10 0.3375 0.2515625 0.0546875 0.13515625
10 0.28125 0.34375 0.1046875 0.18359375
10 0.165625 0.33359375 0.10234375 0.18125
10 0.41875 0.15546875 0.05390625 0.08359375
10 0.40078125 0.2171875 0.05859375 0.1046875
10 0.45078125 0.26328125 0.078125 0.1359375
10 0.44375 0.3515625 0.1015625 0.18046875
2 0.51484375 0.44296875 0.03984375 0.03828125
10 0.51875 0.19140625 0.05078125 0.09375
10 0.5671875 0.20390625 0.04921875 0.07578125
10 0.5234375 0.26796875 0.06640625 0.11796875
10 0.540625 0.35546875 0.09453125 0.17421875
10 0.63125 0.228125 0.059375 0.1046875
10 0.6375 0.37265625 0.0984375 0.15625
1 0.7109375 0.178125 0.0375 0.05390625
1 0.73203125 0.19375 0.05859375 0.08125
10 0.790625 0.18125 0.04296875 0.08203125
10 0.76328125 0.21796875 0.05 0.090625
10 0.81875 0.21875 0.0546875 0.09296875
10 0.8859375 0.18984375 0.04375 0.090625
10 0.83984375 0.29453125 0.0734375 0.13046875
10 0.90625 0.33671875 0.084375 0.159375
10 0.96171875 0.378125 0.0765625 0.190625
1 0.5515625 0.15703125 0.04140625 0.065625
10 0.034375 0.1578125 0.04296875 0.09140625
10 0.33359375 0.14296875 0.04609375 0.08984375
10 0.478125 0.21953125 0.05078125 0.12421875
10 0.0625 0.16953125 0.0765625 0.11875
6 0.0578125 0.20625 0.03359375 0.07109375
9 0.040625 0.14296875 0.028125 0.05625
3 0.0625 0.1484375 0.03203125 0.06796875
3 0.128125 0.13359375 0.02578125 0.0609375
6 0.3296875 0.12578125 0.021875 0.04921875
6 0.3328125 0.2140625 0.02890625 0.0609375
6 0.30078125 0.1546875 0.02578125 0.05546875
3 0.27578125 0.2015625 0.02734375 0.0640625
6 0.2515625 0.221875 0.03671875 0.0734375
3 0.203125 0.3046875 0.0390625 0.08671875
1 0.21328125 0.3171875 0.06015625 0.11796875
6 0.16328125 0.29296875 0.04296875 0.09453125
9 0.2765625 0.30390625 0.046875 0.090625
3 0.378125 0.13203125 0.0203125 0.0515625
3 0.421875 0.14453125 0.0234375 0.05625
6 0.4703125 0.10703125 0.02109375 0.04375
10 0.4546875 0.12109375 0.05 0.07421875
6 0.48046875 0.14296875 0.0234375 0.05078125
10 0.4875 0.16171875 0.03671875 0.09140625
3 0.521875 0.1765625 0.0234375 0.06015625
6 0.40078125 0.19453125 0.028125 0.059375
6 0.46640625 0.19296875 0.02734375 0.0640625
6 0.44453125 0.2359375 0.034375 0.08046875
6 0.56953125 0.19296875 0.02421875 0.0546875
6 0.63203125 0.20703125 0.02890625 0.0609375
3 0.55703125 0.15078125 0.01953125 0.04921875
3 0.525 0.25234375 0.0296875 0.075
3 0.446875 0.30625 0.04453125 0.08671875
3 0.54140625 0.32265625 0.04296875 0.1046875
3 0.63203125 0.34609375 0.04609375 0.09921875
3 0.71640625 0.17265625 0.01953125 0.04375
3 0.7453125 0.18046875 0.02578125 0.05546875
6 0.790625 0.16328125 0.02421875 0.04296875
3 0.82421875 0.20078125 0.02421875 0.05546875
6 0.76328125 0.196875 0.02265625 0.05
6 0.84453125 0.2625 0.02578125 0.05625
3 0.89296875 0.1703125 0.0265625 0.05390625
3 0.86328125 0.2453125 0.025 0.059375
6 0.91953125 0.29609375 0.04296875 0.0765625
3 0.98203125 0.33203125 0.034375 0.10078125