3 0.1546875 0.65390625 0.04140625 0.07421875
0 0.12578125 0.71640625 0.04609375 0.03671875
8 0.22890625 0.69375 0.04921875 0.08359375
8 0.30703125 0.69453125 0.04609375 0.07578125
3 0.39765625 0.61875 0.04296875 0.08515625
7 0.37265625 0.728125 0.07109375 0.0484375
3 0.57109375 0.65546875 0.0421875 0.06875
2 0.56953125 0.71328125 0.04140625 0.04375
8 0.76953125 0.6796875 0.059375 0.09609375
8 0.8765625 0.7484375 0.07265625 0.11796875
5 0.859375 0.85546875 0.0578125 0.040625
3 0.690625 0.684375 0.0609375 0.13046875
0 0.69296875 0.828125 0.0609375 0.0703125
1 0.153125 0.67890625 0.09609375 0.1234375
10 0.396875 0.6578125 0.08671875 0.16171875
10 0.68671875 0.74609375 0.1515625 0.24375
1 0.2328125 0.68125 0.1 0.1109375
1 0.31015625 0.69453125 0.08203125 0.078125
1 0.55859375 0.68671875 0.10703125 0.11171875
1 0.76328125 0.6640625 0.09609375 0.12890625
1 0.86328125 0.77109375 0.15234375 0.184375