3 0.146875 0.525 0.0578125 0.10546875
7 0.10703125 0.63046875 0.11640625 0.071875
3 0.27578125 0.52578125 0.05078125 0.11875
0 0.24765625 0.64921875 0.04921875 0.05546875
9 0.378125 0.5046875 0.0609375 0.11640625
5 0.3359375 0.684375 0.02890625 0.04453125
6 0.4375 0.48125 0.0375 0.0703125
6 0.62265625 0.49296875 0.04609375 0.08125
6 0.71953125 0.509375 0.0375 0.06875
9 0.79765625 0.52109375 0.04140625 0.08046875
6 0.76328125 0.55625 0.05234375 0.11328125
2 0.753125 0.7359375 0.0921875 0.05703125
10 0.15546875 0.5625 0.128125 0.19140625
10 0.27578125 0.5703125 0.11484375 0.1984375
10 0.39765625 0.5625 0.15546875 0.2359375
10 0.453125 0.53125 0.07109375 0.153125
10 0.60703125 0.54140625 0.10546875 0.16640625
10 0.70859375 0.5515625 0.0765625 0.14375
10 0.746875 0.6234375 0.13828125 0.23515625
10 0.81015625 0.56640625 0.06640625 0.16171875