8 0.08203125 0.740625 0.07109375 0.11875
5 0.04453125 0.8453125 0.05 0.03671875
6 0.2421875 0.65703125 0.059375 0.11328125
6 0.23515625 0.57265625 0.03984375 0.0546875
6 0.34609375 0.578125 0.0421875 0.07421875
2 0.1875 0.83984375 0.1078125 0.04609375
6 0.48515625 0.56953125 0.0375 0.0703125
6 0.59921875 0.58359375 0.03984375 0.08046875
3 0.53203125 0.68046875 0.0625 0.11328125
5 0.61328125 0.70546875 0.03203125 0.02421875
5 0.53515625 0.8046875 0.05546875 0.0609375
6 0.70390625 0.60546875 0.053125 0.10390625
5 0.6984375 0.821875 0.0375 0.04375
5 0.83828125 0.678125 0.059375 0.1109375
2 0.8859375 0.82578125 0.103125 0.0515625
5 0.32578125 0.715625 0.01640625 0.03515625
2 0.35078125 0.715625 0.03359375 0.0390625
1 0.10625 0.73828125 0.13671875 0.20546875
10 0.2375 0.71796875 0.1234375 0.225
10 0.24453125 0.625 0.08515625 0.14296875
10 0.34453125 0.6265625 0.08203125 0.15625
10 0.48125 0.62109375 0.09921875 0.16484375
10 0.53203125 0.7359375 0.1375 0.1953125
10 0.60078125 0.61953125 0.078125 0.15625
10 0.7078125 0.69140625 0.125 0.259375
10 0.85625 0.72421875 0.12578125 0.18515625