3 0.15390625 0.6515625 0.04375 0.0890625
0 0.1296875 0.71875 0.04921875 0.04453125
3 0.21875 0.621875 0.0421875 0.08125
0 0.22265625 0.71953125 0.04140625 0.04296875
9 0.31015625 0.61875 0.0375 0.0796875
0 0.30703125 0.728125 0.0375 0.0484375
3 0.39453125 0.62578125 0.04140625 0.08125
7 0.37265625 0.725 0.06875 0.04453125
6 0.57421875 0.62421875 0.0390625 0.078125
5 0.571875 0.728125 0.0328125 0.03359375
3 0.7625 0.61171875 0.0453125 0.08359375
0 0.77578125 0.70546875 0.04921875 0.0515625
6 0.85078125 0.675 0.06171875 0.13125
5 0.85703125 0.85546875 0.06171875 0.040625
9 0.65078125 0.6296875 0.05625 0.1109375
1 0.15078125 0.6765625 0.09453125 0.1265625
10 0.22890625 0.6625 0.10078125 0.15625
10 0.31015625 0.6625 0.07890625 0.15859375
10 0.396875 0.66328125 0.09296875 0.14921875
10 0.56953125 0.71484375 0.07890625 0.23359375
10 0.67890625 0.70625 0.1125 0.2640625
10 0.76484375 0.64921875 0.0984375 0.15390625
10 0.85703125 0.73046875 0.13515625 0.23359375