8 0.11484375 0.75546875 0.0703125 0.11875
5 0.05703125 0.83125 0.03671875 0.05
6 0.23125 0.60390625 0.040625 0.08125
0 0.20703125 0.68046875 0.0375 0.04453125
8 0.24140625 0.73046875 0.0625 0.10390625
3 0.3484375 0.6015625 0.04609375 0.10390625
0 0.33515625 0.68046875 0.040625 0.05703125
3 0.52421875 0.621875 0.0453125 0.08046875
5 0.52890625 0.69921875 0.03828125 0.03046875
3 0.63203125 0.61640625 0.046875 0.09296875
7 0.62890625 0.69375 0.06875 0.04296875
6 0.753125 0.59453125 0.0609375 0.10625
5 0.75078125 0.82890625 0.03515625 0.0390625
6 0.875 0.6265625 0.0625 0.109375
2 0.9390625 0.84375 0.115625 0.05546875
10 0.225 0.62578125 0.08046875 0.14921875
10 0.353125 0.63203125 0.0921875 0.15546875
10 0.51640625 0.64765625 0.10625 0.13046875
10 0.625 0.6359375 0.1125 0.14375
10 0.73203125 0.69140625 0.17109375 0.2765625
10 0.88203125 0.69375 0.12734375 0.24921875
1 0.10703125 0.740625 0.16015625 0.16875
1 0.25546875 0.7421875 0.1484375 0.20625