10 0.06484375 0.24296875 0.08125 0.12109375
10 0.1390625 0.15078125 0.04921875 0.07421875
10 0.14921875 0.34140625 0.1203125 0.16953125
10 0.278125 0.35546875 0.1140625 0.15546875
1 0.25078125 0.25703125 0.07265625 0.10078125
10 0.32578125 0.3046875 0.09609375 0.15546875
10 0.378125 0.140625 0.0453125 0.06640625
1 0.403125 0.22421875 0.05390625 0.08046875
10 0.421875 0.159375 0.0546875 0.08359375
10 0.44296875 0.13125 0.02890625 0.0796875
10 0.4765625 0.159375 0.03828125 0.0984375
10 0.46796875 0.2171875 0.06328125 0.13046875
1 0.44765625 0.28125 0.07265625 0.103125
10 0.44609375 0.35 0.08984375 0.18125
10 0.53515625 0.3484375 0.09140625 0.18828125
10 0.5203125 0.1859375 0.04921875 0.09453125
10 0.565625 0.16171875 0.0546875 0.1046875
10 0.56328125 0.209375 0.04609375 0.0765625
10 0.64375 0.22578125 0.0609375 0.11328125
1 0.596875 0.28671875 0.06640625 0.09453125
10 0.63828125 0.3703125 0.13203125 0.16640625
0 0.64375 0.43046875 0.0515625 0.040625
1 0.73203125 0.19375 0.05546875 0.08125
1 0.79765625 0.19140625 0.03984375 0.06953125
10 0.76484375 0.21875 0.053125 0.09453125
10 0.815625 0.21796875 0.05 0.084375
10 0.8859375 0.20390625 0.04921875 0.07109375
10 0.83125 0.3015625 0.0765625 0.1234375
10 0.89765625 0.340625 0.084375 0.1609375
10 0.96484375 0.2953125 0.06328125 0.09609375
2 0.26015625 0.4265625 0.06953125 0.03515625
2 0.515625 0.44296875 0.03828125 0.03203125
2 0.978125 0.46875 0.04375 0.03125
10 0.3390625 0.24140625 0.09765625 0.153125
10 0.703125 0.1765625 0.04453125 0.10078125
3 0.0625 0.2203125 0.03515625 0.07421875
10 0.0921875 0.16640625 0.05859375 0.10078125
9 0.07578125 0.146875 0.02734375 0.0640625
3 0.13203125 0.14140625 0.025 0.0546875
6 0.15546875 0.3046875 0.0453125 0.09609375
3 0.26640625 0.32578125 0.04453125 0.0890625
3 0.26640625 0.2453125 0.03203125 0.07421875
3 0.3046875 0.2734375 0.03984375 0.0890625
6 0.3296875 0.19609375 0.03203125 0.065625
10 0.33046875 0.14609375 0.03984375 0.08203125
3 0.328125 0.13125 0.02109375 0.05
3 0.37578125 0.13203125 0.01875 0.05
3 0.39765625 0.21875 0.02890625 0.06328125
3 0.42421875 0.14765625 0.0234375 0.05625
6 0.4390625 0.115625 0.02109375 0.04453125
6 0.46875 0.13359375 0.02265625 0.04453125
6 0.46875 0.1828125 0.02890625 0.06171875
3 0.43828125 0.2640625 0.03203125 0.06875
6 0.45390625 0.30546875 0.03828125 0.08828125
6 0.53828125 0.29609375 0.03828125 0.08828125
3 0.51953125 0.16875 0.025 0.06015625
6 0.56953125 0.19453125 0.02421875 0.04453125
6 0.56640625 0.13671875 0.02421875 0.05390625
6 0.6421875 0.19921875 0.028125 0.06015625
3 0.64375 0.34140625 0.0453125 0.1
3 0.71015625 0.14609375 0.01953125 0.04296875
3 0.74375 0.1796875 0.02421875 0.0515625
3 0.771875 0.19609375 0.02109375 0.05078125
3 0.8015625 0.1828125 0.02578125 0.053125
3 0.8234375 0.20390625 0.02265625 0.05078125
3 0.853125 0.275 0.0296875 0.06875
3 0.8953125 0.1953125 0.02578125 0.05
6 0.909375 0.29765625 0.03828125 0.075
3 0.978125 0.28125 0.03203125 0.06640625