3 0.10390625 0.540625 0.065625 0.11484375
7 0.09453125 0.63359375 0.1125 0.06875
3 0.24453125 0.53046875 0.05859375 0.1109375
0 0.21328125 0.6515625 0.040625 0.059375
9 0.38515625 0.4859375 0.0625 0.10859375
5 0.32421875 0.678125 0.0390625 0.03671875
9 0.425 0.490625 0.0328125 0.078125
9 0.6046875 0.49140625 0.040625 0.07578125
3 0.6890625 0.53359375 0.04140625 0.08671875
3 0.79453125 0.54375 0.04609375 0.09296875
6 0.73828125 0.56640625 0.05859375 0.1109375
2 0.7421875 0.74375 0.09140625 0.05
1 0.1375 0.56796875 0.1296875 0.16953125
10 0.253125 0.58125 0.12109375 0.18984375
10 0.3875 0.56796875 0.15234375 0.25859375
10 0.44375 0.53046875 0.06328125 0.159375
10 0.58984375 0.54140625 0.09921875 0.16484375
10 0.68515625 0.5625 0.07890625 0.13046875
10 0.73125 0.63125 0.13046875 0.23046875
10 0.7984375 0.58046875 0.06171875 0.14453125