10 0.06953125 0.246875 0.08828125 0.13125
10 0.134375 0.14296875 0.0546875 0.08046875
10 0.09453125 0.15703125 0.053125 0.11875
10 0.33046875 0.15625 0.0390625 0.0734375
10 0.3046875 0.178125 0.04453125 0.09921875
10 0.34375 0.24375 0.0609375 0.1359375
1 0.396875 0.22578125 0.06328125 0.0890625
10 0.41875 0.15546875 0.05390625 0.08359375
10 0.47265625 0.21875 0.046875 0.11484375
10 0.5265625 0.25859375 0.06640625 0.14453125
10 0.571875 0.20625 0.05078125 0.08203125
10 0.646875 0.22890625 0.0578125 0.1109375
10 0.6 0.28125 0.05234375 0.096875
10 0.63515625 0.36796875 0.09921875 0.1640625
10 0.54296875 0.3625 0.0953125 0.16953125
10 0.44453125 0.34453125 0.090625 0.18671875
1 0.26328125 0.36875 0.12734375 0.13671875
10 0.32265625 0.30546875 0.11171875 0.14609375
10 0.14375 0.34296875 0.13359375 0.184375
10 0.21484375 0.30390625 0.0671875 0.13671875
10 0.28046875 0.2015625 0.0484375 0.08671875
10 0.2578125 0.25625 0.05390625 0.1046875
1 0.709375 0.17890625 0.0390625 0.05625
10 0.73203125 0.18984375 0.05546875 0.08671875
10 0.790625 0.18125 0.0453125 0.08203125
10 0.76328125 0.21875 0.05859375 0.1
10 0.81640625 0.21796875 0.05546875 0.0953125
10 0.88203125 0.1875 0.04375 0.09375
10 0.83203125 0.29375 0.07421875 0.1296875
10 0.90390625 0.3421875 0.08671875 0.15625
10 0.9625 0.3859375 0.075 0.19375
10 0.03359375 0.15625 0.05390625 0.075
1 0.546875 0.15625 0.03984375 0.06796875
3 0.0625 0.21875 0.03671875 0.075
3 0.03515625 0.14375 0.03046875 0.059375
9 0.0859375 0.1390625 0.02890625 0.06171875
3 0.128125 0.13125 0.02421875 0.05859375
6 0.3359375 0.11796875 0.02109375 0.0484375
3 0.32890625 0.14765625 0.021875 0.05625
6 0.3640625 0.11875 0.01953125 0.04921875
10 0.36953125 0.13359375 0.04609375 0.08125
6 0.3015625 0.15546875 0.025 0.05703125
6 0.2703125 0.1859375 0.025 0.05546875
6 0.33828125 0.209375 0.02578125 0.05546875
3 0.38828125 0.2171875 0.02890625 0.065625
3 0.42265625 0.14375 0.02265625 0.05625
6 0.45625 0.11875 0.01953125 0.04453125
10 0.46328125 0.13125 0.04140625 0.07578125
6 0.46875 0.19140625 0.02734375 0.05859375
6 0.5171875 0.16171875 0.02421875 0.05546875
10 0.521875 0.18828125 0.0453125 0.09921875
3 0.55625 0.14375 0.0203125 0.0484375
6 0.56953125 0.18984375 0.02265625 0.0484375
6 0.646875 0.20546875 0.02890625 0.06328125
3 0.609375 0.271875 0.0328125 0.08046875
3 0.52421875 0.2296875 0.0328125 0.07421875
3 0.2984375 0.28125 0.03671875 0.08984375
3 0.215625 0.27890625 0.040625 0.0890625
6 0.14765625 0.30625 0.04765625 0.103125
3 0.25 0.3546875 0.04765625 0.090625
2 0.39921875 0.43046875 0.0609375 0.03125
6 0.44375 0.29375 0.0390625 0.0796875
9 0.56328125 0.33046875 0.04375 0.1015625
2 0.51328125 0.44296875 0.0375 0.034375
3 0.62265625 0.3359375 0.04609375 0.09375
3 0.71796875 0.171875 0.01953125 0.04453125
3 0.746875 0.1734375 0.0234375 0.05625
3 0.78671875 0.16875 0.02421875 0.05390625
3 0.7625 0.19375 0.0234375 0.0515625
3 0.825 0.19921875 0.0234375 0.05546875
3 0.89140625 0.16953125 0.02421875 0.0515625
6 0.86796875 0.22890625 0.02734375 0.0515625
6 0.840625 0.26171875 0.02734375 0.05625
10 0.8671875 0.24921875 0.03828125 0.09453125
6 0.915625 0.30078125 0.040625 0.075
3 0.9859375 0.28515625 0.02734375 0.06875
1 0.96796875 0.3046875 0.0640625 0.109375