3 0.15625 0.65546875 0.04375 0.08125
0 0.12890625 0.71640625 0.03984375 0.040625
3 0.221875 0.628125 0.0484375 0.078125
0 0.2171875 0.7203125 0.04140625 0.03671875
3 0.30078125 0.61875 0.04140625 0.08125
0 0.30703125 0.73046875 0.0375 0.0390625
3 0.40078125 0.621875 0.04765625 0.08125
7 0.36953125 0.72890625 0.075 0.04296875
6 0.56953125 0.63046875 0.03984375 0.07578125
5 0.56953125 0.71875 0.03125 0.040625
9 0.66953125 0.6296875 0.06875 0.11875
0 0.61328125 0.72421875 0.04296875 0.05546875
3 0.7609375 0.63046875 0.053125 0.0796875
3 0.85078125 0.69296875 0.07421875 0.12578125
5 0.85703125 0.85546875 0.0625 0.04453125
1 0.15078125 0.67734375 0.09765625 0.1265625
10 0.22734375 0.66640625 0.0984375 0.14921875
10 0.315625 0.66015625 0.084375 0.15546875
10 0.40078125 0.66640625 0.090625 0.153125
10 0.56640625 0.709375 0.08203125 0.23046875
10 0.66953125 0.70546875 0.12578125 0.26953125
1 0.86171875 0.73984375 0.1390625 0.21640625
10 0.759375 0.65625 0.08828125 0.13203125