6 0.1390625 0.49921875 0.06015625 0.09375
2 0.07890625 0.63046875 0.08671875 0.07421875
9 0.2828125 0.5 0.05 0.10703125
0 0.21328125 0.6484375 0.04609375 0.065625
3 0.38203125 0.50546875 0.04765625 0.12421875
0 0.3640625 0.6046875 0.03515625 0.05
2 0.33515625 0.68828125 0.10234375 0.05
6 0.43828125 0.490625 0.034375 0.0703125
6 0.6109375 0.50390625 0.04609375 0.08125
3 0.69140625 0.53046875 0.04375 0.0796875
6 0.79765625 0.51640625 0.04453125 0.078125
3 0.7515625 0.59375 0.05390625 0.1109375
2 0.7453125 0.74375 0.08984375 0.0515625
10 0.15 0.55390625 0.1046875 0.20859375
10 0.26171875 0.5578125 0.1296875 0.22890625
10 0.3875 0.571875 0.1234375 0.2359375
10 0.4453125 0.5328125 0.06875 0.153125
10 0.603125 0.54765625 0.0796875 0.15625
10 0.68515625 0.5609375 0.09296875 0.140625
10 0.796875 0.5640625 0.0765625 0.1734375
1 0.73828125 0.63984375 0.13671875 0.190625