10 0.06484375 0.24453125 0.08125 0.11640625
10 0.059375 0.18359375 0.06953125 0.109375
10 0.10625 0.165625 0.05859375 0.09921875
10 0.14140625 0.146875 0.05078125 0.078125
10 0.34140625 0.134375 0.03359375 0.078125
10 0.30703125 0.17578125 0.03359375 0.08671875
10 0.37578125 0.13828125 0.04375 0.06640625
10 0.41796875 0.15859375 0.0546875 0.0890625
10 0.39765625 0.22109375 0.06640625 0.09921875
10 0.46796875 0.22890625 0.0703125 0.11171875
10 0.5171875 0.18828125 0.046875 0.0953125
10 0.3421875 0.25234375 0.05390625 0.13828125
1 0.565625 0.209375 0.04765625 0.06640625
10 0.6265625 0.22578125 0.07265625 0.10703125
1 0.596875 0.2875 0.06640625 0.09375
10 0.63828125 0.37109375 0.13359375 0.16328125
10 0.53359375 0.346875 0.0921875 0.19453125
10 0.44609375 0.34921875 0.08828125 0.18125
10 0.26015625 0.24375 0.07109375 0.1265625
1 0.2078125 0.31640625 0.07265625 0.1234375
10 0.278125 0.35625 0.1140625 0.15859375
10 0.325 0.2953125 0.0953125 0.17578125
10 0.15625 0.33671875 0.10234375 0.18046875
2 0.259375 0.42734375 0.0703125 0.03828125
1 0.44765625 0.28203125 0.071875 0.1
2 0.51640625 0.44296875 0.0375 0.03203125
10 0.7015625 0.17265625 0.04140625 0.09375
1 0.7328125 0.1921875 0.05859375 0.07890625
10 0.76796875 0.21953125 0.05703125 0.08515625
10 0.81328125 0.215625 0.046875 0.09609375
10 0.8859375 0.20078125 0.04921875 0.07421875
10 0.83203125 0.29296875 0.07109375 0.125
10 0.9015625 0.3390625 0.090625 0.16328125
3 0.06796875 0.2265625 0.0328125 0.0734375
6 0.05546875 0.15546875 0.0296875 0.0515625
3 0.09375 0.14609375 0.02734375 0.06015625
3 0.13203125 0.13671875 0.02421875 0.05546875
6 0.146875 0.29609375 0.04296875 0.09140625
3 0.19453125 0.303125 0.0375 0.08671875
3 0.26953125 0.321875 0.04375 0.08984375
9 0.2796875 0.2140625 0.03203125 0.0609375
3 0.29765625 0.25546875 0.03828125 0.0859375
6 0.3359375 0.215625 0.03046875 0.06328125
6 0.30390625 0.1609375 0.02421875 0.05546875
3 0.31796875 0.1421875 0.02109375 0.0546875
3 0.33671875 0.121875 0.0203125 0.05
3 0.36484375 0.13125 0.01875 0.04921875
9 0.4109375 0.20625 0.03125 0.06171875
3 0.41875 0.1421875 0.0234375 0.0546875
10 0.44375 0.13515625 0.0296875 0.08125
6 0.44375 0.11796875 0.01953125 0.04609375
3 0.47265625 0.1515625 0.02421875 0.0515625
3 0.46328125 0.20546875 0.02578125 0.06328125
6 0.5125 0.16796875 0.02421875 0.0515625
6 0.4515625 0.3015625 0.03984375 0.08515625
3 0.5328125 0.2984375 0.03828125 0.1
6 0.62421875 0.20078125 0.0265625 0.05859375
3 0.61328125 0.28046875 0.03203125 0.07421875
3 0.646875 0.34296875 0.0453125 0.10078125
0 0.64375 0.43203125 0.0515625 0.03984375
3 0.56953125 0.2015625 0.02421875 0.0515625
1 0.54765625 0.1578125 0.04453125 0.06171875
3 0.55703125 0.15234375 0.02109375 0.0453125
3 0.7125 0.1484375 0.01875 0.04375
3 0.746875 0.18046875 0.02421875 0.0515625
3 0.77578125 0.203125 0.02265625 0.05078125
3 0.81328125 0.19609375 0.02421875 0.0546875
3 0.89609375 0.190625 0.0265625 0.05
3 0.84140625 0.26875 0.03046875 0.06875
0 0.85078125 0.3328125 0.034375 0.0359375
6 0.91171875 0.29609375 0.03828125 0.07421875
3 0.975 0.28515625 0.03046875 0.06484375
1 0.96328125 0.29375 0.05703125 0.084375