8 0.115625 0.75546875 0.071875 0.11875
5 0.05625 0.83046875 0.0375 0.0484375
6 0.23203125 0.60078125 0.04453125 0.08671875
0 0.2078125 0.68046875 0.03984375 0.0515625
8 0.24453125 0.73671875 0.06875 0.13046875
3 0.3484375 0.59765625 0.046875 0.08046875
0 0.3359375 0.68671875 0.0375 0.05625
3 0.525 0.61875 0.0421875 0.08125
5 0.52890625 0.7046875 0.0375 0.03125
3 0.63359375 0.61640625 0.0421875 0.08515625
0 0.63203125 0.7015625 0.075 0.0515625
6 0.7515625 0.59453125 0.05859375 0.11328125
5 0.75078125 0.828125 0.034375 0.0484375
6 0.875 0.6234375 0.05625 0.10078125
2 0.9375 0.84375 0.1203125 0.0609375
1 0.10703125 0.73203125 0.153125 0.19453125
1 0.25859375 0.74375 0.1453125 0.20078125
10 0.225 0.628125 0.0890625 0.13515625
10 0.3484375 0.63203125 0.09921875 0.16796875
10 0.51953125 0.64609375 0.115625 0.13046875
10 0.62734375 0.640625 0.10078125 0.1484375
10 0.73203125 0.68203125 0.17890625 0.28125
10 0.88125 0.696875 0.13671875 0.26484375