3 0.046875 0.63203125 0.0609375 0.11484375
0 0.0234375 0.7734375 0.04609375 0.06953125
6 0.1484375 0.615625 0.053125 0.10859375
2 0.1203125 0.78984375 0.08515625 0.05390625
3 0.26328125 0.5875 0.04140625 0.08046875
7 0.25703125 0.66484375 0.078125 0.0484375
3 0.45078125 0.56484375 0.0375 0.07421875
0 0.45390625 0.6390625 0.040625 0.03671875
3 0.37265625 0.61875 0.07265625 0.12578125
7 0.37265625 0.7453125 0.09765625 0.0890625
5 0.31640625 0.76953125 0.025 0.04609375
3 0.61328125 0.52109375 0.03203125 0.06328125
3 0.64296875 0.5359375 0.0484375 0.10859375
3 0.703125 0.5015625 0.0390625 0.08515625
3 0.78515625 0.4796875 0.04296875 0.06640625
3 0.771875 0.57109375 0.059375 0.1109375
7 0.79765625 0.71953125 0.09921875 0.08046875
5 0.73359375 0.74140625 0.0328125 0.04296875
3 0.91875 0.53046875 0.0703125 0.121875
0 0.93828125 0.69375 0.06640625 0.06484375
10 0.05703125 0.690625 0.1125 0.22421875
10 0.159375 0.665625 0.1296875 0.215625
10 0.275 0.6078125 0.115625 0.12890625
10 0.38203125 0.665625 0.159375 0.2203125
10 0.46328125 0.590625 0.09296875 0.13984375
10 0.60859375 0.55859375 0.0453125 0.13984375
10 0.64140625 0.615625 0.11875 0.2609375
10 0.70390625 0.53984375 0.071875 0.1484375
10 0.77265625 0.61796875 0.146875 0.22109375
10 0.79375 0.51640625 0.09765625 0.1484375
10 0.9203125 0.59296875 0.14765625 0.246875