6 0.13515625 0.4765625 0.0625 0.1015625
2 0.0890625 0.6453125 0.1125 0.0609375
6 0.25390625 0.50390625 0.05859375 0.10390625
0 0.20703125 0.65 0.0375 0.06640625
6 0.38515625 0.4859375 0.05625 0.09453125
5 0.32109375 0.68125 0.0328125 0.03359375
6 0.43828125 0.49296875 0.03359375 0.08125
8 0.603125 0.56953125 0.0546875 0.090625
8 0.7109375 0.56640625 0.046875 0.0890625
8 0.8140625 0.603125 0.053125 0.09453125
8 0.75390625 0.6796875 0.07578125 0.12578125
10 0.13515625 0.54609375 0.1453125 0.225
10 0.24921875 0.56171875 0.12421875 0.2140625
10 0.38828125 0.565625 0.125 0.25390625
10 0.446875 0.53359375 0.0703125 0.15078125
1 0.60078125 0.57578125 0.10625 0.12109375
1 0.70625 0.58125 0.09609375 0.1140625
1 0.81640625 0.61171875 0.09921875 0.10859375
1 0.74453125 0.6671875 0.16484375 0.18203125