6 0.16328125 0.6359375 0.059375 0.10546875
5 0.06171875 0.83828125 0.0359375 0.04296875
6 0.22578125 0.59296875 0.04140625 0.0890625
6 0.28203125 0.61640625 0.05390625 0.11484375
5 0.23359375 0.83203125 0.0421875 0.05390625
6 0.35078125 0.57109375 0.040625 0.08671875
3 0.51953125 0.6109375 0.03984375 0.08125
0 0.528125 0.68984375 0.0546875 0.04609375
3 0.63203125 0.6109375 0.04375 0.08125
7 0.63515625 0.70078125 0.07265625 0.05546875
6 0.74609375 0.5859375 0.0578125 0.10546875
6 0.86953125 0.61796875 0.05390625 0.08671875
2 0.9390625 0.84921875 0.11875 0.06484375
5 0.7578125 0.83125 0.0375 0.0515625
10 0.15625 0.70390625 0.1140625 0.22890625
10 0.228125 0.62109375 0.0703125 0.12421875
10 0.29375 0.68828125 0.12890625 0.2484375
10 0.36015625 0.62265625 0.08828125 0.17109375
10 0.515625 0.63515625 0.1140625 0.1484375
10 0.634375 0.6390625 0.09921875 0.15625
10 0.73671875 0.68515625 0.165625 0.2890625
10 0.87890625 0.69921875 0.12578125 0.253125