10 0.06484375 0.24375 0.0828125 0.11796875
10 0.09375 0.16484375 0.05703125 0.10546875
1 0.13671875 0.1515625 0.04921875 0.07578125
10 0.14609375 0.33828125 0.12734375 0.17578125
10 0.27734375 0.35859375 0.1140625 0.15546875
1 0.25078125 0.25625 0.07265625 0.10078125
10 0.3203125 0.30078125 0.08359375 0.16171875
10 0.3046875 0.17734375 0.03515625 0.08984375
10 0.38125 0.13515625 0.0453125 0.07578125
1 0.3953125 0.22421875 0.06796875 0.08984375
10 0.41875 0.15859375 0.05703125 0.0859375
10 0.44375 0.13046875 0.03046875 0.078125
10 0.465625 0.21796875 0.06640625 0.13046875
1 0.44765625 0.28125 0.07265625 0.103125
10 0.446875 0.35 0.08984375 0.18125
10 0.53515625 0.34609375 0.09140625 0.18828125
1 0.51640625 0.20234375 0.04765625 0.0734375
10 0.5640625 0.1734375 0.05703125 0.0796875
10 0.56328125 0.20625 0.04765625 0.078125
10 0.63046875 0.228125 0.084375 0.109375
10 0.63984375 0.36953125 0.13203125 0.1640625
0 0.64375 0.43046875 0.05234375 0.0390625
1 0.7453125 0.18828125 0.05078125 0.08203125
10 0.765625 0.2171875 0.05234375 0.08984375
10 0.815625 0.20859375 0.05390625 0.10078125
10 0.8875 0.19296875 0.0484375 0.07890625
10 0.82890625 0.30078125 0.08046875 0.12890625
10 0.896875 0.340625 0.08359375 0.15546875
10 0.95078125 0.2890625 0.04453125 0.1140625
2 0.26015625 0.4265625 0.06953125 0.03515625
2 0.515625 0.44296875 0.03828125 0.03203125
2 0.978125 0.46875 0.04375 0.03125
10 0.33984375 0.246875 0.0578125 0.146875
10 0.946875 0.365625 0.10546875 0.2015625
10 0.703125 0.1765625 0.0421875 0.09921875
10 0.3265625 0.14296875 0.03359375 0.0796875
10 0.340625 0.1328125 0.03359375 0.08203125
10 0.0578125 0.19296875 0.07578125 0.09921875
1 0.2125 0.31953125 0.06328125 0.115625
10 0.54375 0.15625 0.03671875 0.0703125
3 0.065625 0.22578125 0.0328125 0.07109375
3 0.05 0.175 0.03046875 0.05703125
3 0.08046875 0.14765625 0.0265625 0.05625
3 0.128125 0.14375 0.02578125 0.05546875
6 0.16484375 0.29765625 0.04375 0.09375
3 0.265625 0.24375 0.03515625 0.07578125
3 0.26875 0.32578125 0.04296875 0.084375
3 0.30625 0.26796875 0.04140625 0.09140625
6 0.328125 0.20703125 0.03046875 0.0640625
6 0.30859375 0.1609375 0.025 0.05546875
6 0.32109375 0.13125 0.02109375 0.053125
3 0.33515625 0.11796875 0.01875 0.046875
9 0.38203125 0.121875 0.02109375 0.046875
3 0.390625 0.2140625 0.0296875 0.0640625
3 0.42265625 0.14453125 0.02265625 0.05546875
6 0.43984375 0.1171875 0.0203125 0.046875
3 0.4734375 0.14453125 0.02265625 0.05078125
6 0.465625 0.18203125 0.028125 0.05390625
6 0.45546875 0.303125 0.03984375 0.0859375
6 0.53359375 0.29609375 0.0390625 0.08828125
3 0.51875 0.19375 0.0234375 0.0546875
3 0.54765625 0.146875 0.02109375 0.046875
3 0.571875 0.15859375 0.02578125 0.04609375
3 0.56328125 0.1984375 0.02421875 0.053125
6 0.615625 0.2046875 0.0265625 0.0609375
6 0.61328125 0.28984375 0.0375 0.07421875
10 0.60234375 0.32578125 0.059375 0.14921875
3 0.64375 0.34296875 0.04765625 0.1046875
3 0.71171875 0.1484375 0.01875 0.04375
9 0.75703125 0.17421875 0.02421875 0.05546875
9 0.77734375 0.19609375 0.0234375 0.05
3 0.79765625 0.17578125 0.02421875 0.05
3 0.8125 0.1875 0.0234375 0.053125
3 0.89765625 0.18125 0.02578125 0.05078125
3 0.853125 0.27265625 0.0296875 0.06953125
6 0.91171875 0.29921875 0.0390625 0.0765625
6 0.953125 0.2609375 0.03046875 0.05859375
6 0.98203125 0.30546875 0.034375 0.08125