6 0.13515625 0.47578125 0.05625 0.1
2 0.090625 0.64375 0.1109375 0.0484375
6 0.25390625 0.5015625 0.053125 0.10625
0 0.20703125 0.65390625 0.04140625 0.0515625
6 0.38828125 0.4859375 0.05 0.09375
5 0.321875 0.68046875 0.0328125 0.0296875
6 0.4390625 0.49296875 0.0375 0.08125
8 0.60390625 0.57421875 0.053125 0.08203125
8 0.7109375 0.5640625 0.04609375 0.07578125
8 0.8078125 0.60546875 0.05 0.0890625
8 0.75390625 0.678125 0.06796875 0.12578125
10 0.12734375 0.54140625 0.1578125 0.2265625
10 0.25078125 0.5609375 0.12578125 0.2140625
10 0.3859375 0.56953125 0.125 0.25859375
10 0.4484375 0.5328125 0.06796875 0.15078125
1 0.60234375 0.578125 0.1015625 0.12421875
1 0.70234375 0.58203125 0.0921875 0.11953125
1 0.81640625 0.61640625 0.1 0.11328125
1 0.7453125 0.6640625 0.15859375 0.19375