9 0.07578125 0.57578125 0.04296875 0.06328125
3 0.05703125 0.63359375 0.06015625 0.10390625
6 0.20390625 0.5890625 0.0625 0.1109375
7 0.153125 0.775 0.0953125 0.0796875
3 0.3 0.5703125 0.0453125 0.08515625
7 0.2875 0.66640625 0.06328125 0.05546875
6 0.4140625 0.57421875 0.05390625 0.10703125
0 0.40703125 0.7265625 0.0625 0.04609375
2 0.36953125 0.78046875 0.07109375 0.05703125
3 0.484375 0.54921875 0.0421875 0.08359375
0 0.48203125 0.63671875 0.0375 0.04453125
3 0.6734375 0.5515625 0.0625 0.12578125
6 0.740625 0.48046875 0.046875 0.07578125
6 0.81015625 0.51875 0.0625 0.1296875
3 0.8453125 0.475 0.03125 0.08359375
3 0.96328125 0.51953125 0.06796875 0.13125
2 0.8234375 0.75546875 0.078125 0.04453125
0 0.975 0.696875 0.046875 0.05546875
10 0.090625 0.67734375 0.12109375 0.19140625
10 0.1015625 0.60859375 0.08515625 0.1296875
10 0.209375 0.6609375 0.11953125 0.2484375
10 0.30625 0.6046875 0.0921875 0.1390625
10 0.41875 0.6421875 0.1296875 0.23828125
10 0.4921875 0.58359375 0.08671875 0.1546875
10 0.67578125 0.62578125 0.1390625 0.26875
10 0.740625 0.53671875 0.08046875 0.184375
10 0.80859375 0.59609375 0.14453125 0.27421875
10 0.85078125 0.53125 0.07890625 0.1859375
10 0.9484375 0.59375 0.10234375 0.2703125