10 0.06640625 0.24375 0.08671875 0.11640625
10 0.09453125 0.15625 0.05078125 0.1140625
10 0.1390625 0.14609375 0.046875 0.06953125
10 0.1625 0.3515625 0.0984375 0.14921875
10 0.27734375 0.35625 0.11484375 0.1546875
1 0.20625 0.31875 0.08828125 0.12421875
1 0.315625 0.3109375 0.0859375 0.14453125
1 0.246875 0.25625 0.07109375 0.1046875
10 0.34453125 0.25234375 0.06015625 0.1359375
10 0.3046875 0.18046875 0.040625 0.0796875
1 0.39765625 0.2234375 0.059375 0.08046875
10 0.3375 0.15390625 0.0390625 0.0765625
10 0.378125 0.13828125 0.0453125 0.0734375
10 0.41953125 0.15625 0.05703125 0.08671875
10 0.47578125 0.15546875 0.04296875 0.0984375
1 0.51484375 0.1984375 0.0484375 0.07109375
10 0.625 0.228125 0.06484375 0.10546875
1 0.57265625 0.1796875 0.06328125 0.06484375
1 0.56875 0.2109375 0.05546875 0.06875
10 0.446875 0.34921875 0.090625 0.18359375
10 0.534375 0.35625 0.0890625 0.1734375
10 0.63984375 0.36796875 0.12890625 0.16953125
2 0.259375 0.4265625 0.06953125 0.03515625
2 0.51328125 0.44296875 0.0375 0.03203125
1 0.7109375 0.17890625 0.03359375 0.05078125
1 0.7296875 0.19375 0.05234375 0.07578125
10 0.765625 0.21640625 0.04921875 0.0859375
10 0.815625 0.21796875 0.0515625 0.08203125
10 0.87578125 0.19140625 0.05234375 0.0765625
10 0.83125 0.30390625 0.07734375 0.12421875
10 0.89453125 0.35625 0.09296875 0.13203125
10 0.95390625 0.3921875 0.09140625 0.1546875
1 0.59765625 0.28671875 0.065625 0.09375
2 0.9796875 0.46875 0.040625 0.03359375
3 0.71875 0.1734375 0.01796875 0.04375
10 0.44453125 0.13046875 0.02890625 0.08203125
10 0.0578125 0.17890625 0.07421875 0.11171875
10 0.46875 0.21875 0.0671875 0.12578125
1 0.54375 0.15625 0.0390625 0.0640625
3 0.06328125 0.2234375 0.03359375 0.06875
6 0.05625 0.153125 0.0265625 0.05625
3 0.08203125 0.13203125 0.02578125 0.0640625
3 0.13203125 0.14296875 0.025 0.05546875
3 0.14453125 0.32578125 0.04375 0.09375
3 0.18203125 0.30390625 0.040625 0.078125
3 0.26796875 0.3203125 0.04296875 0.0890625
3 0.26328125 0.24140625 0.034375 0.071875
3 0.3015625 0.30546875 0.03984375 0.08046875
6 0.34375 0.21796875 0.0328125 0.06484375
3 0.30703125 0.171875 0.02578125 0.05546875
6 0.33515625 0.140625 0.02265625 0.046875
3 0.36953125 0.12890625 0.02109375 0.053125
3 0.4 0.21796875 0.03046875 0.06640625
3 0.421875 0.14375 0.0234375 0.05859375
6 0.44296875 0.1140625 0.0203125 0.0484375
6 0.465625 0.13125 0.021875 0.04375
6 0.4734375 0.18203125 0.02890625 0.05546875
6 0.4390625 0.2546875 0.03203125 0.078125
1 0.428125 0.26953125 0.0671875 0.115625
6 0.4609375 0.3046875 0.03671875 0.090625
3 0.5125 0.19140625 0.02421875 0.053125
6 0.53359375 0.31875 0.04140625 0.09296875
3 0.54453125 0.15234375 0.02109375 0.04921875
3 0.578125 0.16953125 0.0265625 0.04921875
3 0.571875 0.20546875 0.0234375 0.0515625
3 0.62265625 0.20390625 0.02578125 0.06015625
3 0.64375 0.33671875 0.04609375 0.10546875
0 0.64453125 0.42890625 0.05546875 0.04453125
3 0.7421875 0.18046875 0.025 0.0515625
6 0.76640625 0.19453125 0.02265625 0.04609375
3 0.8234375 0.20546875 0.02265625 0.05078125
3 0.79453125 0.1859375 0.02578125 0.05546875
1 0.7921875 0.1921875 0.03515625 0.06171875
3 0.8875 0.178125 0.0265625 0.04921875
3 0.85390625 0.2765625 0.02890625 0.06953125
7 0.84375 0.33671875 0.0421875 0.03125
3 0.9171875 0.33046875 0.03984375 0.0796875
3 0.96953125 0.26796875 0.03046875 0.06484375
10 0.9609375 0.2875 0.05859375 0.10625