6 0.1359375 0.47421875 0.05625 0.10390625
2 0.0875 0.6484375 0.12265625 0.05546875
6 0.25703125 0.50390625 0.05390625 0.11875
0 0.2046875 0.6484375 0.04296875 0.06640625
6 0.38828125 0.484375 0.05546875 0.0984375
5 0.321875 0.678125 0.0265625 0.03671875
6 0.4390625 0.49296875 0.03984375 0.06640625
8 0.60625 0.565625 0.0515625 0.090625
8 0.71015625 0.55703125 0.04765625 0.08125
8 0.81015625 0.60390625 0.05234375 0.08125
8 0.75078125 0.67890625 0.06796875 0.12421875
10 0.13515625 0.54375 0.14453125 0.228125
10 0.25 0.56640625 0.125 0.22109375
10 0.38671875 0.57265625 0.125 0.26171875
10 0.44765625 0.534375 0.06953125 0.1484375
1 0.6 0.57421875 0.10546875 0.128125
1 0.7015625 0.58046875 0.09453125 0.11875
1 0.815625 0.6125 0.1046875 0.10859375
1 0.74375 0.66796875 0.1609375 0.18671875