3 0.12890625 0.5234375 0.06015625 0.11640625
7 0.08671875 0.64296875 0.1234375 0.0703125
3 0.24453125 0.53125 0.06015625 0.11875
0 0.21328125 0.6515625 0.05078125 0.059375
6 0.38359375 0.46796875 0.0515625 0.1015625
5 0.31953125 0.6796875 0.03359375 0.040625
3 0.43359375 0.50546875 0.0421875 0.08125
6 0.6046875 0.4890625 0.04296875 0.07421875
3 0.69453125 0.5359375 0.04140625 0.08125
3 0.79140625 0.54921875 0.04140625 0.09453125
3 0.73828125 0.59453125 0.05859375 0.11875
2 0.73828125 0.74296875 0.090625 0.05546875
10 0.11484375 0.56640625 0.17578125 0.190625
10 0.25625 0.57890625 0.12578125 0.1953125
10 0.38359375 0.5625 0.12421875 0.26171875
10 0.44609375 0.5421875 0.07109375 0.14140625
10 0.5890625 0.54375 0.09453125 0.1703125
10 0.68359375 0.56796875 0.0765625 0.13125
10 0.72890625 0.640625 0.1328125 0.20703125
10 0.796875 0.578125 0.06171875 0.13984375