10 0.06875 0.24296875 0.0859375 0.13046875
1 0.13515625 0.1484375 0.05078125 0.07109375
10 0.38203125 0.1328125 0.03515625 0.06796875
10 0.30390625 0.16796875 0.03984375 0.07890625
10 0.340625 0.24921875 0.05703125 0.14375
10 0.275 0.34375 0.10859375 0.1765625
10 0.165625 0.3375 0.10078125 0.18046875
10 0.4234375 0.15859375 0.046875 0.0796875
10 0.39765625 0.215625 0.065625 0.1109375
1 0.44921875 0.26953125 0.07421875 0.12421875
10 0.44765625 0.346875 0.10390625 0.18671875
2 0.51484375 0.44296875 0.03984375 0.03828125
10 0.571875 0.20546875 0.0515625 0.078125
10 0.54296875 0.35703125 0.0859375 0.16875
10 0.62890625 0.22578125 0.05390625 0.10703125
10 0.646875 0.36796875 0.1265625 0.18125
1 0.7109375 0.178125 0.0375 0.05390625
1 0.7359375 0.18984375 0.05234375 0.08515625
10 0.76328125 0.215625 0.04765625 0.09296875
10 0.8125 0.21875 0.04765625 0.090625
10 0.884375 0.18984375 0.0421875 0.0890625
10 0.83671875 0.29296875 0.06640625 0.1234375
10 0.9 0.34140625 0.0828125 0.15390625
10 0.0359375 0.15625 0.04609375 0.0859375
10 0.34375 0.1421875 0.0640625 0.10078125
10 0.478125 0.22421875 0.05546875 0.11953125
10 0.2125 0.30390625 0.08671875 0.140625
10 0.521875 0.18828125 0.04921875 0.1
2 0.25625 0.41875 0.0734375 0.03359375
1 0.3125 0.31796875 0.06484375 0.15625
1 0.59765625 0.29140625 0.06328125 0.09453125
10 0.553125 0.1640625 0.04296875 0.0984375
10 0.06015625 0.18046875 0.07734375 0.10390625
1 0.79296875 0.1890625 0.03203125 0.0734375
3 0.0625 0.21953125 0.03359375 0.07578125
6 0.065625 0.159375 0.0296875 0.05625
6 0.04453125 0.14609375 0.03046875 0.059375
3 0.1296875 0.14375 0.02421875 0.05703125
6 0.3484375 0.11875 0.02265625 0.0515625
6 0.3 0.15859375 0.0265625 0.05859375
6 0.33671875 0.209375 0.0296875 0.06171875
8 0.30703125 0.30859375 0.03984375 0.0859375
6 0.275 0.303125 0.04296875 0.08515625
3 0.196875 0.28203125 0.04140625 0.09375
6 0.15078125 0.29453125 0.046875 0.09453125
6 0.29609375 0.228125 0.0359375 0.0609375
3 0.275 0.20078125 0.02734375 0.06640625
6 0.39609375 0.19296875 0.0296875 0.05859375
3 0.37421875 0.12734375 0.0203125 0.05078125
3 0.42265625 0.146875 0.021875 0.05546875
6 0.44140625 0.11796875 0.02109375 0.05
10 0.45078125 0.12890625 0.040625 0.07578125
6 0.478125 0.13984375 0.02421875 0.0484375
10 0.48203125 0.16171875 0.03359375 0.09453125
3 0.4640625 0.19609375 0.02734375 0.065625
3 0.44453125 0.2421875 0.03203125 0.065625
6 0.45 0.2953125 0.03984375 0.0796875
9 0.546875 0.325 0.0484375 0.1
3 0.52890625 0.27265625 0.03046875 0.06171875
6 0.51484375 0.165625 0.02578125 0.0546875
6 0.559375 0.140625 0.02109375 0.0515625
6 0.57578125 0.19453125 0.02421875 0.0515625
6 0.625 0.20625 0.0265625 0.06015625
3 0.63203125 0.32578125 0.04765625 0.1015625
3 0.7171875 0.17265625 0.01875 0.03984375
3 0.7453125 0.17421875 0.025 0.05390625
3 0.79296875 0.18046875 0.0234375 0.05390625
6 0.76953125 0.19375 0.02578125 0.04609375
9 0.815625 0.19921875 0.02578125 0.053125
3 0.8921875 0.171875 0.02421875 0.0515625
3 0.85 0.271875 0.03046875 0.065625
3 0.9109375 0.3046875 0.04296875 0.0796875
10 0.96015625 0.37109375 0.07890625 0.1984375