8 0.084375 0.78984375 0.0671875 0.109375
5 0.0484375 0.9015625 0.05390625 0.02578125
6 0.23984375 0.69921875 0.0546875 0.109375
2 0.19453125 0.890625 0.1125 0.05546875
6 0.24140625 0.62109375 0.03515625 0.05625
6 0.35078125 0.621875 0.040625 0.06328125
5 0.32578125 0.75703125 0.02265625 0.021875
2 0.35546875 0.76171875 0.0359375 0.03125
6 0.4921875 0.61640625 0.04140625 0.078125
6 0.59609375 0.61328125 0.0390625 0.09453125
5 0.61328125 0.74453125 0.02421875 0.03359375
3 0.52890625 0.73046875 0.05859375 0.11640625
0 0.53828125 0.853125 0.059375 0.05703125
6 0.703125 0.64375 0.053125 0.1015625
5 0.69765625 0.86015625 0.03359375 0.03125
3 0.84140625 0.70390625 0.065625 0.1109375
2 0.8921875 0.86640625 0.10625 0.059375
10 0.8578125 0.75078125 0.125 0.19453125
10 0.7109375 0.73046875 0.121875 0.2484375
10 0.6015625 0.6578125 0.084375 0.16171875
10 0.5328125 0.7765625 0.140625 0.19453125
10 0.4859375 0.659375 0.10078125 0.15859375
10 0.34609375 0.6734375 0.08671875 0.159375
10 0.240625 0.76640625 0.1203125 0.2265625
10 0.24765625 0.6734375 0.08984375 0.14375
1 0.109375 0.78671875 0.14453125 0.20703125