3 0.1546875 0.65546875 0.04375 0.07421875
0 0.12890625 0.71640625 0.04453125 0.040625
3 0.21953125 0.62421875 0.04609375 0.08125
0 0.21953125 0.71875 0.04609375 0.03671875
6 0.30078125 0.615625 0.04140625 0.07578125
0 0.3046875 0.7265625 0.040625 0.0390625
3 0.3984375 0.61875 0.040625 0.08359375
7 0.37734375 0.73046875 0.0796875 0.040625
6 0.571875 0.63046875 0.0421875 0.06328125
5 0.57265625 0.73046875 0.02578125 0.03359375
9 0.66953125 0.64140625 0.06796875 0.11875
0 0.6203125 0.72578125 0.04765625 0.0515625
3 0.759375 0.63046875 0.040625 0.07578125
3 0.85234375 0.69296875 0.0671875 0.12578125
5 0.8609375 0.85546875 0.05390625 0.03671875
1 0.153125 0.68125 0.09296875 0.11953125
10 0.23046875 0.6625 0.09140625 0.14375
10 0.315625 0.659375 0.0859375 0.14453125
10 0.4 0.66171875 0.08828125 0.15546875
10 0.56796875 0.70625 0.08359375 0.22890625
10 0.67421875 0.70625 0.1265625 0.2640625
10 0.759375 0.65703125 0.08984375 0.12578125
1 0.859375 0.74140625 0.14296875 0.2265625