3 0.15078125 0.65546875 0.04375 0.0796875
0 0.12578125 0.71953125 0.05546875 0.040625
0 0.22578125 0.69296875 0.04921875 0.08515625
8 0.30390625 0.6875 0.04765625 0.09375
3 0.39453125 0.6203125 0.04140625 0.090625
7 0.37578125 0.7234375 0.07578125 0.05859375
3 0.56875 0.65546875 0.0421875 0.0703125
0 0.56640625 0.7234375 0.03984375 0.04375
3 0.7609375 0.61171875 0.05390625 0.08203125
0 0.7671875 0.7046875 0.04921875 0.05703125
8 0.87890625 0.78046875 0.08515625 0.12578125
3 0.6890625 0.684375 0.0625 0.13046875
0 0.69453125 0.83046875 0.07890625 0.06640625
1 0.1515625 0.68203125 0.09921875 0.128125
10 0.39921875 0.65703125 0.08828125 0.16015625
10 0.68515625 0.74453125 0.15859375 0.24609375
10 0.76015625 0.64921875 0.09296875 0.165625
1 0.23125 0.68125 0.10078125 0.125
1 0.31171875 0.6875 0.0859375 0.10625
1 0.559375 0.68203125 0.1015625 0.11484375
1 0.86328125 0.775 0.15703125 0.19296875