3 0.1703125 0.628125 0.06015625 0.121875
5 0.14453125 0.7984375 0.04140625 0.034375
3 0.31953125 0.59375 0.04453125 0.0703125
3 0.31953125 0.65546875 0.05859375 0.1109375
2 0.2734375 0.778125 0.09609375 0.059375
3 0.396875 0.62421875 0.0421875 0.09375
7 0.40390625 0.70546875 0.06875 0.0515625
6 0.55625 0.55546875 0.0421875 0.078125
9 0.6046875 0.63203125 0.05390625 0.1109375
5 0.5953125 0.815625 0.025 0.04296875
3 0.66328125 0.59296875 0.05 0.09609375
0 0.66953125 0.6875 0.04453125 0.04375
3 0.784375 0.62578125 0.0578125 0.12578125
0 0.80078125 0.78046875 0.05234375 0.059375
3 0.92421875 0.65546875 0.0609375 0.1109375
2 0.9609375 0.81484375 0.06953125 0.059375
10 0.17421875 0.6875 0.13828125 0.23046875
10 0.32578125 0.7125 0.12890625 0.18984375
10 0.32890625 0.6015625 0.07109375 0.0734375
10 0.41328125 0.6578125 0.09765625 0.146875
10 0.54453125 0.62578125 0.07109375 0.21953125
10 0.5953125 0.709375 0.1234375 0.21640625
10 0.66953125 0.63125 0.08984375 0.16171875
10 0.784375 0.6859375 0.1390625 0.25859375
10 0.93359375 0.69375 0.12578125 0.21484375