3 0.1171875 0.53046875 0.065625 0.109375
7 0.08984375 0.64296875 0.10546875 0.078125
3 0.25078125 0.53046875 0.05703125 0.11484375
0 0.22265625 0.64296875 0.0375 0.06328125
6 0.3796875 0.50078125 0.05859375 0.11328125
0 0.3265625 0.66171875 0.0375 0.05390625
6 0.43515625 0.49375 0.0375 0.0796875
6 0.59765625 0.490625 0.03828125 0.08515625
6 0.7109375 0.51875 0.0375 0.078125
6 0.78828125 0.51875 0.04296875 0.078125
3 0.73828125 0.58203125 0.05625 0.11640625
2 0.73828125 0.74140625 0.08359375 0.05703125
10 0.13984375 0.57109375 0.11875 0.18203125
10 0.26015625 0.57734375 0.11796875 0.2046875
10 0.38671875 0.57109375 0.15546875 0.2515625
10 0.44453125 0.53671875 0.06796875 0.153125
10 0.59140625 0.54296875 0.09296875 0.1765625
10 0.6890625 0.55546875 0.09375 0.14296875
10 0.72734375 0.6359375 0.13359375 0.215625
10 0.79375 0.56796875 0.0671875 0.1703125