3 0.15078125 0.6484375 0.03984375 0.07109375
0 0.12734375 0.71640625 0.0421875 0.03671875
3 0.2171875 0.62578125 0.04296875 0.08046875
0 0.21328125 0.71953125 0.040625 0.03671875
6 0.3 0.61796875 0.0421875 0.08359375
0 0.3046875 0.73046875 0.034375 0.03359375
3 0.3984375 0.61875 0.04375 0.08359375
7 0.37265625 0.72890625 0.07265625 0.04296875
6 0.57265625 0.6296875 0.03515625 0.07421875
5 0.56953125 0.72578125 0.025 0.03671875
9 0.66875 0.6359375 0.0671875 0.11953125
0 0.6171875 0.73125 0.05 0.05703125
3 0.759375 0.63125 0.0484375 0.08359375
9 0.85078125 0.68828125 0.06640625 0.13046875
5 0.86015625 0.86328125 0.059375 0.03671875
1 0.153125 0.68046875 0.09921875 0.11796875
10 0.22890625 0.66796875 0.09453125 0.15625
10 0.315625 0.65546875 0.09765625 0.15703125
10 0.40078125 0.66640625 0.09296875 0.16328125
10 0.56953125 0.7109375 0.07734375 0.22890625
10 0.66953125 0.70859375 0.12734375 0.26328125
10 0.75703125 0.65625 0.08984375 0.13203125
10 0.86015625 0.74296875 0.13671875 0.21953125