6 0.1921875 0.58671875 0.06796875 0.10546875
5 0.1390625 0.76875 0.0375 0.04453125
3 0.28828125 0.5734375 0.03515625 0.08125
0 0.284375 0.640625 0.0234375 0.02578125
6 0.340625 0.565625 0.053125 0.11640625
6 0.40234375 0.5359375 0.0453125 0.08125
3 0.56640625 0.57578125 0.03046875 0.06875
3 0.6 0.60546875 0.05546875 0.12578125
0 0.58203125 0.7796875 0.04375 0.0703125
3 0.76328125 0.56875 0.03515625 0.06640625
6 0.8046875 0.575 0.05703125 0.11875
3 0.9703125 0.63671875 0.05390625 0.13125
10 0.190625 0.6484375 0.1359375 0.2265625
10 0.33984375 0.64140625 0.13203125 0.25390625
10 0.41171875 0.58671875 0.08046875 0.18515625
10 0.29140625 0.60234375 0.06015625 0.1234375
10 0.5953125 0.67578125 0.13671875 0.2640625
10 0.79921875 0.659375 0.1453125 0.28359375
10 0.9421875 0.69453125 0.11484375 0.2109375
1 0.55390625 0.60625 0.07734375 0.1390625
1 0.746875 0.6078125 0.08671875 0.14140625