3 0.15078125 0.6515625 0.0375 0.07421875
0 0.12578125 0.71328125 0.046875 0.04375
8 0.22578125 0.69453125 0.04921875 0.08671875
8 0.3046875 0.6953125 0.04609375 0.078125
3 0.3984375 0.61875 0.04453125 0.08125
7 0.37578125 0.7296875 0.075 0.0515625
3 0.56875 0.65859375 0.04375 0.06875
0 0.56640625 0.715625 0.04375 0.05
8 0.76953125 0.68046875 0.05546875 0.09453125
8 0.87890625 0.76171875 0.078125 0.10859375
5 0.86015625 0.85546875 0.05234375 0.03671875
3 0.68828125 0.68046875 0.06328125 0.12578125
0 0.69140625 0.82421875 0.0625 0.06953125
1 0.153125 0.68046875 0.0953125 0.13046875
10 0.39765625 0.66171875 0.090625 0.15546875
10 0.68671875 0.74296875 0.1578125 0.23984375
1 0.23125 0.68125 0.10078125 0.11328125
1 0.31171875 0.69453125 0.0859375 0.0796875
1 0.55859375 0.6859375 0.109375 0.11015625
1 0.7640625 0.6625 0.09296875 0.13046875
1 0.86328125 0.77421875 0.15625 0.19375