3 0.15078125 0.65546875 0.040625 0.07421875
0 0.1265625 0.715625 0.053125 0.0390625
8 0.22890625 0.69453125 0.05 0.071875
8 0.30703125 0.69375 0.05 0.078125
3 0.39609375 0.61953125 0.0421875 0.0890625
7 0.37265625 0.7296875 0.06953125 0.0515625
3 0.56953125 0.66875 0.040625 0.06640625
0 0.56953125 0.71875 0.05 0.04609375
8 0.76953125 0.67890625 0.053125 0.0984375
8 0.87734375 0.78046875 0.0703125 0.1109375
5 0.8578125 0.85625 0.05859375 0.0296875
3 0.68671875 0.6875 0.0640625 0.13046875
0 0.69140625 0.8203125 0.06640625 0.071875
1 0.153125 0.68046875 0.0984375 0.12578125
10 0.396875 0.65859375 0.0921875 0.1640625
10 0.6875 0.74375 0.15703125 0.24453125
1 0.23125 0.68203125 0.10078125 0.11328125
1 0.31015625 0.69296875 0.08671875 0.09140625
1 0.55625 0.68515625 0.10625 0.1109375
1 0.7609375 0.65703125 0.09375 0.1296875
1 0.86484375 0.77578125 0.1578125 0.18671875