6 0.15078125 0.49375 0.05859375 0.09453125
2 0.0890625 0.64921875 0.109375 0.05546875
6 0.2546875 0.5 0.053125 0.10546875
0 0.203125 0.65390625 0.046875 0.059375
6 0.3921875 0.490625 0.05 0.09296875
5 0.321875 0.67890625 0.0328125 0.03515625
6 0.43828125 0.490625 0.034375 0.078125
6 0.59765625 0.48515625 0.04375 0.08125
6 0.68515625 0.515625 0.03828125 0.06484375
6 0.80078125 0.5203125 0.04140625 0.0890625
6 0.77265625 0.58046875 0.06015625 0.11640625
2 0.7453125 0.74140625 0.09609375 0.05703125
10 0.15390625 0.5546875 0.11328125 0.20546875
10 0.25078125 0.56640625 0.12265625 0.22890625
10 0.38828125 0.57109375 0.11875 0.25390625
10 0.44921875 0.53515625 0.0640625 0.15546875
10 0.6 0.5390625 0.09921875 0.17578125
10 0.6875 0.55625 0.08046875 0.14609375
10 0.809375 0.56875 0.06328125 0.16875
10 0.740625 0.6359375 0.1515625 0.22421875