6 0.13515625 0.48046875 0.05859375 0.10390625
2 0.0890625 0.6453125 0.1125 0.0515625
6 0.2515625 0.50546875 0.06015625 0.1109375
0 0.2078125 0.6515625 0.04375 0.059375
6 0.38828125 0.48671875 0.05 0.10625
5 0.321875 0.67890625 0.0328125 0.0390625
6 0.43984375 0.49296875 0.0390625 0.06640625
8 0.603125 0.57265625 0.0578125 0.09375
8 0.70703125 0.5640625 0.046875 0.08671875
8 0.809375 0.60078125 0.0484375 0.08671875
8 0.75390625 0.67890625 0.06796875 0.1203125
1 0.60078125 0.5765625 0.10390625 0.13125
1 0.7 0.58046875 0.0921875 0.12421875
1 0.81640625 0.6109375 0.103125 0.11640625
1 0.74609375 0.66640625 0.1609375 0.1796875
10 0.1359375 0.54296875 0.14140625 0.2234375
10 0.25078125 0.56171875 0.121875 0.2203125
10 0.3859375 0.56796875 0.11796875 0.25625
10 0.45078125 0.53359375 0.06484375 0.146875