8 0.08359375 0.7359375 0.0671875 0.10625
8 0.04609375 0.84921875 0.0515625 0.03046875
6 0.24453125 0.65546875 0.05546875 0.10703125
6 0.23671875 0.57578125 0.0484375 0.0484375
2 0.18828125 0.84375 0.11171875 0.05546875
6 0.346875 0.58046875 0.0359375 0.078125
5 0.32578125 0.7140625 0.01640625 0.028125
2 0.35078125 0.7140625 0.0375 0.028125
6 0.484375 0.56953125 0.03984375 0.0703125
3 0.525 0.68046875 0.0578125 0.11484375
0 0.53828125 0.809375 0.05859375 0.06953125
6 0.60078125 0.58046875 0.04609375 0.09296875
5 0.6109375 0.70390625 0.02109375 0.0296875
6 0.703125 0.60390625 0.046875 0.09609375
5 0.696875 0.81875 0.0328125 0.03515625
3 0.84140625 0.6703125 0.06171875 0.11328125
2 0.88828125 0.8203125 0.09140625 0.0609375
10 0.85546875 0.72421875 0.1265625 0.18125
10 0.709375 0.69140625 0.12109375 0.246875
10 0.60078125 0.61953125 0.07734375 0.15546875
10 0.5328125 0.73046875 0.1375 0.19296875
10 0.484375 0.62109375 0.09765625 0.15703125
10 0.34453125 0.6265625 0.08203125 0.1609375
10 0.2375 0.71875 0.1234375 0.22578125
10 0.24453125 0.62890625 0.078125 0.14140625
1 0.10625 0.7359375 0.14140625 0.19609375