10 0.06796875 0.23359375 0.08671875 0.13125
10 0.09453125 0.16640625 0.05078125 0.11484375
10 0.13515625 0.14375 0.05546875 0.0796875
10 0.3796875 0.1390625 0.04375 0.06484375
10 0.30703125 0.171875 0.03828125 0.09453125
10 0.2515625 0.2359375 0.06640625 0.14453125
10 0.3390625 0.2515625 0.05234375 0.1359375
10 0.2828125 0.34375 0.10546875 0.1796875
10 0.165625 0.33046875 0.1015625 0.18515625
10 0.421875 0.15625 0.05390625 0.08359375
10 0.3984375 0.215625 0.05546875 0.1046875
10 0.45 0.26328125 0.08046875 0.1359375
10 0.44375 0.34296875 0.10546875 0.18984375
2 0.51484375 0.44296875 0.03984375 0.03828125
10 0.56875 0.20390625 0.04453125 0.0765625
10 0.52421875 0.26015625 0.0703125 0.14453125
10 0.540625 0.35546875 0.09453125 0.17421875
10 0.63125 0.22890625 0.0578125 0.109375
10 0.63515625 0.375 0.09765625 0.15546875
1 0.7109375 0.178125 0.0375 0.05390625
1 0.73203125 0.19375 0.05703125 0.0796875
1 0.79375 0.1875 0.0453125 0.075
10 0.76171875 0.21796875 0.0515625 0.09140625
10 0.81640625 0.21875 0.05546875 0.09296875
10 0.88515625 0.18828125 0.04375 0.09296875
10 0.83828125 0.29609375 0.07109375 0.13046875
10 0.90390625 0.3390625 0.08359375 0.16328125
10 0.9609375 0.3671875 0.078125 0.2140625
1 0.55078125 0.159375 0.04296875 0.06796875
10 0.034375 0.15546875 0.0421875 0.09453125
10 0.33203125 0.14453125 0.04296875 0.08984375
10 0.47578125 0.21875 0.04921875 0.1203125
1 0.21640625 0.31875 0.0625 0.12421875
10 0.51875 0.190625 0.05078125 0.096875
10 0.32578125 0.3078125 0.084375 0.16171875
6 0.0578125 0.20546875 0.03359375 0.06484375
9 0.04140625 0.14296875 0.02578125 0.06171875
6 0.06484375 0.14453125 0.02890625 0.0546875
10 0.0640625 0.17578125 0.078125 0.11484375
3 0.128125 0.13359375 0.025 0.05546875
6 0.3296875 0.12734375 0.02265625 0.0546875
6 0.30078125 0.15703125 0.02578125 0.05546875
3 0.37890625 0.13359375 0.01953125 0.04921875
3 0.4234375 0.14609375 0.02421875 0.05625
3 0.51875 0.1734375 0.02578125 0.06171875
3 0.440625 0.234375 0.0359375 0.0765625
6 0.46640625 0.115625 0.02109375 0.046875
6 0.48125 0.140625 0.02109375 0.046875
10 0.48828125 0.1625 0.0359375 0.09140625
9 0.26328125 0.20703125 0.04375 0.0765625
6 0.33359375 0.2140625 0.03046875 0.06015625
6 0.4015625 0.19453125 0.03046875 0.06015625
6 0.46796875 0.1953125 0.028125 0.06640625
3 0.53125 0.25078125 0.0328125 0.08203125
6 0.1640625 0.29296875 0.0421875 0.096875
3 0.20234375 0.3046875 0.03671875 0.08359375
6 0.28046875 0.30390625 0.04609375 0.09453125
3 0.30390625 0.27421875 0.0375 0.08671875
6 0.4359375 0.29453125 0.04140625 0.08125
3 0.5578125 0.15078125 0.02109375 0.0484375
6 0.57109375 0.19296875 0.021875 0.05
6 0.63359375 0.209375 0.02890625 0.06640625
3 0.5421875 0.325 0.03984375 0.1
3 0.6328125 0.346875 0.04609375 0.090625
3 0.71796875 0.1734375 0.01875 0.04296875
3 0.74609375 0.18203125 0.02578125 0.05546875
3 0.79765625 0.17890625 0.02734375 0.05625
3 0.89375 0.1734375 0.0265625 0.05390625
6 0.7640625 0.1984375 0.02421875 0.05
6 0.82421875 0.19921875 0.02421875 0.0484375
6 0.84609375 0.26328125 0.0296875 0.05859375
6 0.9203125 0.2984375 0.03984375 0.0765625
6 0.9828125 0.30234375 0.034375 0.0921875