3 0.1125 0.51640625 0.0609375 0.11484375
7 0.08203125 0.63828125 0.10625 0.08671875
6 0.2671875 0.49375 0.04921875 0.10703125
0 0.23515625 0.6640625 0.03671875 0.0390625
6 0.38828125 0.48359375 0.05234375 0.1109375
5 0.31640625 0.68359375 0.03203125 0.03359375
3 0.4265625 0.496875 0.03359375 0.08671875
6 0.59765625 0.48984375 0.03828125 0.07578125
6 0.68828125 0.51484375 0.040625 0.06640625
6 0.78515625 0.53203125 0.04140625 0.090625
6 0.7359375 0.58203125 0.05625 0.11640625
2 0.73203125 0.74296875 0.08828125 0.06328125
10 0.13671875 0.56796875 0.11328125 0.19296875
10 0.26484375 0.56484375 0.11328125 0.228125
10 0.3890625 0.56640625 0.14453125 0.2609375
10 0.43984375 0.53671875 0.06015625 0.1515625
10 0.58984375 0.540625 0.0984375 0.178125
10 0.6828125 0.55625 0.08359375 0.14375
10 0.7296875 0.634375 0.13203125 0.215625
10 0.7921875 0.571875 0.06015625 0.15625