2 0.23359375 0.1390625 0.02890625 0.015625
3 0.24140625 0.09453125 0.01328125 0.03046875
10 0.24375 0.1078125 0.03828125 0.05625
7 0.3859375 0.08046875 0.02265625 0.01953125
3 0.38828125 0.04375 0.01484375 0.03125
10 0.39140625 0.05390625 0.04296875 0.0515625
2 0.42578125 0.07734375 0.02265625 0.0140625
2 0.53671875 0.03203125 0.01328125 0.0109375
0 0.57421875 0.03203125 0.01484375 0.01171875
10 0.72734375 0.11953125 0.0421875 0.2015625
9 0.73125 0.0328125 0.01640625 0.025
2 0.89921875 0.39140625 0.0203125 0.0265625
2 0.67421875 0.31171875 0.03203125 0.0390625
7 0.7046875 0.30703125 0.0390625 0.03046875
3 0.7171875 0.2515625 0.0234375 0.04453125
1 0.70625 0.26328125 0.06328125 0.09375