8 0.0859375 0.73203125 0.07890625 0.1
5 0.04453125 0.8484375 0.05 0.03046875
6 0.24296875 0.65546875 0.0515625 0.11484375
2 0.1921875 0.84375 0.1125 0.05546875
6 0.23828125 0.58203125 0.03828125 0.0640625
6 0.34921875 0.58046875 0.040625 0.0734375
5 0.32734375 0.715625 0.021875 0.02578125
2 0.35390625 0.71640625 0.03515625 0.03046875
6 0.4859375 0.571875 0.03359375 0.0734375
6 0.59765625 0.5796875 0.040625 0.09296875
5 0.6109375 0.70546875 0.02890625 0.021875
3 0.528125 0.69453125 0.0546875 0.1109375
0 0.5390625 0.81015625 0.05 0.06640625
6 0.70078125 0.60546875 0.053125 0.1
5 0.696875 0.81875 0.0328125 0.0390625
5 0.84140625 0.678125 0.05234375 0.10703125
2 0.8875 0.82578125 0.0953125 0.0515625
1 0.10703125 0.73671875 0.13828125 0.19453125
10 0.23828125 0.71875 0.12109375 0.22421875
10 0.24453125 0.62578125 0.08515625 0.14375
10 0.34453125 0.6296875 0.08203125 0.15703125
10 0.48046875 0.62109375 0.1015625 0.159375
10 0.53125 0.73203125 0.13984375 0.19609375
10 0.59921875 0.61953125 0.0796875 0.15546875
10 0.70703125 0.690625 0.12109375 0.2515625
10 0.85390625 0.72109375 0.12421875 0.18515625