10 0.06953125 0.246875 0.08828125 0.13125
10 0.134375 0.14296875 0.0546875 0.08046875
10 0.09140625 0.15546875 0.05546875 0.1109375
10 0.30390625 0.17734375 0.04453125 0.09921875
10 0.34375 0.2515625 0.0609375 0.1359375
1 0.396875 0.21796875 0.0609375 0.09375
10 0.41953125 0.15625 0.05390625 0.08203125
10 0.47265625 0.21875 0.046875 0.11484375
10 0.52734375 0.25546875 0.0703125 0.14453125
10 0.56953125 0.20546875 0.04765625 0.08359375
10 0.6453125 0.2296875 0.06015625 0.1109375
10 0.59765625 0.28046875 0.053125 0.09453125
10 0.63515625 0.3609375 0.09765625 0.16875
10 0.5421875 0.35859375 0.09375 0.16953125
10 0.44453125 0.34375 0.09140625 0.1890625
10 0.26015625 0.35546875 0.125 0.15625
10 0.32421875 0.30546875 0.11171875 0.14609375
10 0.14453125 0.34375 0.128125 0.178125
10 0.2125 0.3015625 0.0703125 0.140625
10 0.27890625 0.2015625 0.04921875 0.08671875
10 0.2578125 0.25625 0.05390625 0.1046875
1 0.709375 0.17265625 0.0390625 0.05625
10 0.72578125 0.1890625 0.05625 0.103125
10 0.790625 0.18125 0.04296875 0.08203125
10 0.76328125 0.21796875 0.05859375 0.1
10 0.81796875 0.21640625 0.05078125 0.09453125
10 0.88515625 0.1921875 0.04140625 0.09140625
10 0.834375 0.29296875 0.07421875 0.13203125
10 0.903125 0.340625 0.0859375 0.15703125
10 0.9625 0.3796875 0.075 0.19375
10 0.03359375 0.15625 0.05390625 0.075
1 0.54765625 0.15625 0.040625 0.06796875
3 0.06328125 0.221875 0.03359375 0.06953125
3 0.03515625 0.14609375 0.03125 0.05625
9 0.08203125 0.1390625 0.02890625 0.065625
3 0.12578125 0.13125 0.02421875 0.0546875
3 0.33515625 0.11796875 0.02265625 0.04921875
9 0.36171875 0.1265625 0.02109375 0.053125
10 0.375 0.13828125 0.04765625 0.07421875
6 0.2703125 0.1875 0.02578125 0.05625
6 0.3015625 0.15546875 0.025 0.05390625
3 0.38515625 0.21015625 0.03125 0.06875
6 0.340625 0.21171875 0.02890625 0.05625
3 0.2625 0.24375 0.03359375 0.07578125
3 0.29765625 0.28046875 0.03984375 0.0890625
3 0.42265625 0.146875 0.02421875 0.05625
6 0.45625 0.11796875 0.0203125 0.04375
10 0.46484375 0.13671875 0.0421875 0.08125
6 0.46953125 0.19296875 0.02578125 0.05703125
6 0.51875 0.1625 0.02421875 0.05625
10 0.52265625 0.19140625 0.05078125 0.10859375
3 0.55703125 0.14453125 0.02109375 0.05078125
6 0.56953125 0.1890625 0.02265625 0.0515625
6 0.52734375 0.22890625 0.03203125 0.078125
3 0.60703125 0.27578125 0.03359375 0.07578125
6 0.646875 0.20546875 0.02734375 0.06875
3 0.62265625 0.3359375 0.046875 0.09453125
9 0.56328125 0.33125 0.04609375 0.09921875
6 0.4421875 0.2921875 0.03984375 0.08046875
2 0.51328125 0.44296875 0.03828125 0.03203125
2 0.3984375 0.43125 0.06171875 0.03125
3 0.2421875 0.3296875 0.05234375 0.09609375
3 0.21328125 0.27890625 0.03984375 0.0890625
6 0.15078125 0.3046875 0.04765625 0.09453125
3 0.71640625 0.16953125 0.01875 0.04375
9 0.73828125 0.16328125 0.02421875 0.05078125
3 0.7875 0.16796875 0.02265625 0.0546875
3 0.76328125 0.19375 0.02265625 0.0515625
6 0.82578125 0.19296875 0.02421875 0.05078125
3 0.89140625 0.16953125 0.02421875 0.05
3 0.86015625 0.23515625 0.02421875 0.05546875
6 0.840625 0.26171875 0.03046875 0.05625
9 0.9140625 0.303125 0.04453125 0.0796875
3 0.98671875 0.28046875 0.0265625 0.0703125
1 0.96875 0.296875 0.0625 0.10625