3 0.15390625 0.65390625 0.03984375 0.07421875
0 0.12578125 0.715625 0.04765625 0.05
8 0.22578125 0.69140625 0.05078125 0.08671875
8 0.3046875 0.6953125 0.04921875 0.078125
3 0.39765625 0.61953125 0.03984375 0.0890625
7 0.37265625 0.72890625 0.06875 0.05703125
3 0.57265625 0.66484375 0.04765625 0.06640625
0 0.56640625 0.71640625 0.04375 0.0484375
8 0.76953125 0.68046875 0.06015625 0.09453125
8 0.8765625 0.76875 0.06640625 0.11875
5 0.86015625 0.85546875 0.05390625 0.03515625
3 0.6890625 0.68046875 0.05859375 0.12578125
0 0.69453125 0.82421875 0.06875 0.06953125
1 0.234375 0.68125 0.1015625 0.115625
1 0.315625 0.69453125 0.0890625 0.0796875
1 0.55625 0.68671875 0.10234375 0.1109375
1 0.7625 0.66171875 0.0921875 0.13125
1 0.86328125 0.77265625 0.15703125 0.18828125
1 0.15078125 0.67890625 0.10078125 0.1234375
10 0.3984375 0.65859375 0.08984375 0.16015625
10 0.68515625 0.74296875 0.15703125 0.23984375