6 0.1296875 0.48515625 0.059375 0.10703125
2 0.08203125 0.6359375 0.09765625 0.071875
9 0.26875 0.51875 0.0578125 0.11875
5 0.18203125 0.66328125 0.03515625 0.03671875
3 0.36328125 0.51484375 0.053125 0.13359375
0 0.32578125 0.65703125 0.04140625 0.0484375
6 0.428125 0.4890625 0.0359375 0.07421875
6 0.6046875 0.4859375 0.04140625 0.0796875
9 0.69453125 0.52109375 0.03828125 0.08046875
6 0.7875 0.51875 0.0453125 0.078125
3 0.73671875 0.5765625 0.0609375 0.11875
2 0.73828125 0.74375 0.090625 0.059375
10 0.14140625 0.55234375 0.11171875 0.2234375
10 0.26328125 0.57421875 0.11171875 0.21328125
10 0.384375 0.57421875 0.15078125 0.23671875
10 0.440625 0.53515625 0.07265625 0.16328125
10 0.59375 0.5421875 0.09765625 0.175
10 0.684375 0.55546875 0.0796875 0.14296875
10 0.728125 0.63515625 0.13125 0.221875
10 0.79296875 0.56640625 0.06875 0.1640625