6 0.1390625 0.4796875 0.05625 0.10703125
2 0.0890625 0.64453125 0.1125 0.05546875
6 0.2546875 0.50078125 0.05703125 0.10546875
0 0.2046875 0.646875 0.04375 0.06875
6 0.38828125 0.48359375 0.05078125 0.09609375
5 0.32109375 0.678125 0.0328125 0.03671875
6 0.440625 0.490625 0.0359375 0.078125
8 0.6046875 0.56171875 0.05234375 0.090625
8 0.7109375 0.559375 0.05390625 0.08515625
8 0.8078125 0.596875 0.05 0.08125
8 0.75390625 0.678125 0.06484375 0.13359375
10 0.1328125 0.54453125 0.14921875 0.23359375
10 0.24921875 0.565625 0.125 0.2296875
10 0.3890625 0.57109375 0.11640625 0.259375
10 0.45 0.5359375 0.059375 0.15703125
1 0.6015625 0.57734375 0.10859375 0.1265625
1 0.70078125 0.58046875 0.09296875 0.12578125
1 0.81484375 0.6109375 0.10703125 0.11640625
1 0.74375 0.6625 0.17109375 0.184375