10 0.06875 0.24296875 0.08515625 0.13046875
10 0.03125 0.15546875 0.05390625 0.07890625
10 0.08828125 0.16640625 0.059375 0.11484375
10 0.134375 0.14296875 0.0578125 0.084375
10 0.3328125 0.14609375 0.04453125 0.09453125
10 0.3828125 0.13515625 0.04453125 0.08125
10 0.30703125 0.171875 0.03828125 0.09453125
10 0.26328125 0.24296875 0.065625 0.13984375
10 0.34140625 0.25234375 0.06015625 0.14140625
10 0.31328125 0.309375 0.08671875 0.14453125
1 0.26328125 0.36640625 0.12734375 0.13828125
10 0.215625 0.29296875 0.07734375 0.15625
10 0.140625 0.34140625 0.13046875 0.18671875
10 0.41875 0.15546875 0.05625 0.08515625
10 0.45078125 0.13046875 0.03046875 0.07578125
10 0.475 0.21796875 0.04140625 0.115625
10 0.396875 0.21953125 0.06171875 0.09375
10 0.45078125 0.26484375 0.08515625 0.13359375
10 0.44453125 0.353125 0.09609375 0.1890625
2 0.3984375 0.43125 0.0625 0.034375
2 0.51484375 0.44296875 0.03984375 0.03828125
10 0.521875 0.1859375 0.0484375 0.10546875
10 0.56953125 0.203125 0.05 0.084375
10 0.52578125 0.25546875 0.06640625 0.14453125
10 0.5484375 0.35625 0.09765625 0.175
10 0.64609375 0.23046875 0.06015625 0.11796875
10 0.60234375 0.28046875 0.0515625 0.09609375
10 0.64140625 0.36875 0.10078125 0.171875
1 0.709375 0.17890625 0.0390625 0.05859375
1 0.73203125 0.19296875 0.06015625 0.084375
10 0.79296875 0.18046875 0.0390625 0.08125
10 0.76484375 0.21796875 0.05390625 0.096875
10 0.81640625 0.21875 0.05546875 0.09609375
10 0.88515625 0.18984375 0.04375 0.090625
10 0.865625 0.24609375 0.03984375 0.09375
10 0.83671875 0.29375 0.06484375 0.128125
10 0.89453125 0.29375 0.053125 0.109375
10 0.909375 0.34296875 0.0859375 0.13984375
10 0.9625 0.38125 0.075 0.19140625
3 0.06328125 0.22265625 0.03125 0.06953125
9 0.03515625 0.14453125 0.02890625 0.05625
9 0.0734375 0.14375 0.02890625 0.06484375
3 0.128125 0.13046875 0.0265625 0.059375
9 0.38203125 0.11875 0.021875 0.05
3 0.42109375 0.14296875 0.0265625 0.06015625
3 0.38828125 0.2109375 0.034375 0.06953125
3 0.446875 0.23046875 0.0328125 0.07578125
3 0.3125 0.29609375 0.0453125 0.09375
3 0.21015625 0.26796875 0.04296875 0.09140625
3 0.25234375 0.3515625 0.05234375 0.1015625
3 0.6328125 0.33125 0.04921875 0.103125
6 0.52421875 0.22890625 0.03515625 0.0796875
6 0.33125 0.13125 0.02265625 0.05078125
6 0.30234375 0.15703125 0.02421875 0.05546875
6 0.27109375 0.20859375 0.03515625 0.06875
6 0.33828125 0.209375 0.02890625 0.05625
6 0.453125 0.11875 0.0234375 0.05
6 0.47578125 0.1390625 0.02421875 0.04921875
6 0.46953125 0.190625 0.02734375 0.05703125
9 0.525 0.16640625 0.0265625 0.05703125
6 0.57265625 0.1859375 0.02421875 0.04375
6 0.64375 0.20546875 0.02890625 0.06875
3 0.6109375 0.26875 0.03359375 0.07578125
9 0.56640625 0.32890625 0.04609375 0.10703125
9 0.45078125 0.30546875 0.04296875 0.08984375
6 0.159375 0.29765625 0.04609375 0.10625
3 0.71640625 0.16953125 0.02109375 0.04375
3 0.746875 0.18046875 0.02421875 0.05390625
3 0.7875 0.16875 0.02421875 0.05546875
6 0.76953125 0.19375 0.02265625 0.05078125
6 0.8234375 0.1984375 0.02578125 0.05546875
6 0.8375 0.265625 0.02890625 0.06328125
6 0.865625 0.22890625 0.02890625 0.05390625
3 0.89375 0.16875 0.0265625 0.0515625
3 0.9015625 0.278125 0.03984375 0.07421875
3 0.93046875 0.31953125 0.0421875 0.08671875
0 0.6 0.43671875 0.0328125 0.04453125