8 0.11328125 0.75546875 0.07109375 0.121875
5 0.0578125 0.83046875 0.03359375 0.040625
3 0.23203125 0.60546875 0.04140625 0.0890625
0 0.21328125 0.68125 0.040625 0.03671875
8 0.24140625 0.740625 0.06015625 0.11875
3 0.34765625 0.5984375 0.04609375 0.09296875
0 0.33828125 0.684375 0.03203125 0.05546875
3 0.5234375 0.62109375 0.03828125 0.08046875
5 0.53203125 0.7015625 0.0375 0.02578125
3 0.62890625 0.61875 0.04375 0.08125
7 0.6203125 0.69375 0.05 0.05703125
6 0.75390625 0.596875 0.05546875 0.11875
6 0.8765625 0.62421875 0.0625 0.10546875
2 0.9390625 0.84296875 0.11484375 0.06328125
5 0.75625 0.8296875 0.0359375 0.04453125
5 0.228125 0.83984375 0.0296875 0.028125
10 0.2265625 0.6296875 0.09140625 0.13359375
10 0.35234375 0.63671875 0.08984375 0.1609375
10 0.51796875 0.64375 0.1015625 0.13515625
10 0.62421875 0.64296875 0.0953125 0.13203125
10 0.7359375 0.68359375 0.17265625 0.27109375
10 0.8765625 0.696875 0.12265625 0.24375
1 0.10703125 0.73203125 0.16171875 0.1765625
1 0.25625 0.74375 0.15078125 0.20703125