6 0.0921875 0.63984375 0.08984375 0.14609375
5 0.04453125 0.84375 0.05625 0.03671875
6 0.24453125 0.58046875 0.04140625 0.0796875
8 0.19765625 0.75546875 0.078125 0.11640625
6 0.34140625 0.56875 0.04609375 0.07421875
5 0.32578125 0.7109375 0.025 0.03046875
6 0.490625 0.56875 0.0453125 0.078125
3 0.5125 0.69765625 0.0578125 0.10625
0 0.53828125 0.809375 0.04453125 0.05625
6 0.60625 0.56953125 0.0484375 0.0890625
5 0.6125 0.70390625 0.0234375 0.03671875
6 0.6984375 0.60546875 0.05703125 0.09609375
5 0.69453125 0.81953125 0.03671875 0.04375
3 0.84453125 0.65625 0.0625 0.11875
2 0.88515625 0.83046875 0.09921875 0.0609375
1 0.21796875 0.74921875 0.14609375 0.20625
10 0.10546875 0.7 0.1328125 0.25546875
10 0.246875 0.6234375 0.0921875 0.16953125
10 0.34375 0.6234375 0.0953125 0.175
10 0.4921875 0.61875 0.10078125 0.165625
1 0.53046875 0.73828125 0.1390625 0.20625
10 0.60625 0.61796875 0.10390625 0.17890625
10 0.70625 0.69296875 0.1265625 0.2609375
10 0.85390625 0.709375 0.13203125 0.21953125