3 0.053125 0.58984375 0.0390625 0.06484375
7 0.01875 0.68046875 0.0359375 0.04609375
3 0.08203125 0.64140625 0.06484375 0.10546875
3 0.14296875 0.61953125 0.0578125 0.10390625
7 0.12734375 0.76640625 0.1296875 0.09609375
3 0.27890625 0.57578125 0.05 0.0890625
7 0.2625 0.66171875 0.0796875 0.0546875
9 0.459375 0.54609375 0.0421875 0.08671875
0 0.4546875 0.63046875 0.05078125 0.0484375
3 0.37265625 0.61875 0.0625 0.12578125
0 0.36640625 0.73046875 0.05390625 0.04453125
2 0.37578125 0.77109375 0.08515625 0.03671875
3 0.625 0.52578125 0.0359375 0.07421875
3 0.70078125 0.50546875 0.040625 0.090625
9 0.771875 0.48984375 0.0515625 0.0796875
3 0.66328125 0.56640625 0.05703125 0.11875
9 0.7453125 0.5546875 0.06015625 0.13125
7 0.78203125 0.703125 0.07109375 0.07578125
3 0.91328125 0.52890625 0.06015625 0.1203125
0 0.9296875 0.684375 0.05859375 0.06328125
10 0.0671875 0.6890625 0.13359375 0.20625
10 0.178125 0.671875 0.1296875 0.21015625
10 0.29140625 0.603125 0.1 0.14140625
10 0.38125 0.6625 0.1515625 0.20859375
10 0.46171875 0.5890625 0.0953125 0.14375
10 0.61796875 0.56171875 0.05078125 0.14296875
10 0.65 0.6140625 0.12265625 0.22109375
10 0.70078125 0.54296875 0.04296875 0.14375
10 0.76875 0.615625 0.15859375 0.23359375
10 0.79140625 0.53046875 0.08671875 0.159375
10 0.915625 0.59609375 0.14765625 0.240625