6 0.09453125 0.63515625 0.075 0.13125
5 0.04453125 0.84375 0.05546875 0.0484375
3 0.24921875 0.58046875 0.0515625 0.09609375
8 0.19140625 0.7640625 0.07109375 0.11328125
6 0.33828125 0.5796875 0.04609375 0.078125
5 0.32578125 0.71484375 0.028125 0.03359375
6 0.4890625 0.56875 0.04453125 0.08125
6 0.621875 0.56875 0.0421875 0.09453125
3 0.51953125 0.690625 0.0625 0.11875
0 0.53828125 0.81484375 0.0375 0.059375
6 0.70078125 0.60546875 0.05546875 0.1109375
5 0.696875 0.81875 0.0328125 0.03671875
3 0.83828125 0.678125 0.05859375 0.1109375
2 0.88359375 0.81953125 0.0921875 0.071875
5 0.61171875 0.70390625 0.0265625 0.0296875
10 0.10625 0.70234375 0.1328125 0.25859375
10 0.25078125 0.621875 0.09453125 0.1734375
10 0.34140625 0.62890625 0.09140625 0.171875
10 0.49453125 0.615625 0.10625 0.18125
1 0.534375 0.73046875 0.1359375 0.21875
10 0.6125 0.61640625 0.10078125 0.17578125
10 0.709375 0.68828125 0.128125 0.26953125
10 0.853125 0.71875 0.13515625 0.20546875
1 0.21640625 0.74921875 0.14921875 0.20625