3 0.03515625 0.46796875 0.0625 0.11640625
2 0.0421875 0.58515625 0.08359375 0.08125
3 0.19765625 0.4859375 0.05859375 0.11640625
0 0.1859375 0.6 0.05390625 0.05546875
3 0.32578125 0.45546875 0.05625 0.121875
0 0.28828125 0.58046875 0.04375 0.05
2 0.2859375 0.634375 0.12109375 0.05
6 0.37265625 0.4453125 0.04375 0.06484375
6 0.55390625 0.446875 0.04140625 0.08125
6 0.63203125 0.4765625 0.03515625 0.08125
6 0.7296875 0.48046875 0.03359375 0.07421875
6 0.6984375 0.50703125 0.04921875 0.10703125
2 0.69140625 0.678125 0.08515625 0.0515625
10 0.20703125 0.5296875 0.12109375 0.190625
10 0.33828125 0.515625 0.14921875 0.23359375
10 0.39140625 0.4921875 0.071875 0.153125
10 0.54609375 0.49609375 0.0921875 0.171875
10 0.63203125 0.5140625 0.07890625 0.1390625
10 0.6859375 0.56875 0.1390625 0.22109375
10 0.740625 0.52578125 0.0609375 0.15625
1 0.07265625 0.51640625 0.14453125 0.19921875