6 0.21953125 0.58046875 0.05234375 0.1109375
5 0.14140625 0.76875 0.03046875 0.03359375
3 0.28203125 0.5734375 0.03828125 0.08125
0 0.2734375 0.63828125 0.03125 0.03125
3 0.321875 0.60625 0.059375 0.13125
0 0.29375 0.74609375 0.0625 0.07421875
3 0.3984375 0.55625 0.046875 0.090625
0 0.38828125 0.64921875 0.040625 0.05390625
3 0.56796875 0.58046875 0.02578125 0.05703125
3 0.59765625 0.6203125 0.05390625 0.121875
0 0.596875 0.771875 0.065625 0.07421875
6 0.73828125 0.56640625 0.05625 0.11484375
9 0.8671875 0.6265625 0.075 0.12421875
2 0.90859375 0.80625 0.1421875 0.0609375
10 0.21171875 0.646875 0.121875 0.22578125
10 0.3140625 0.66171875 0.14609375 0.2359375
10 0.59296875 0.6796875 0.13828125 0.2390625
10 0.73671875 0.653125 0.13984375 0.28046875
10 0.865625 0.68046875 0.13671875 0.22421875
1 0.2765625 0.6015625 0.05234375 0.14453125
1 0.40625 0.596875 0.08671875 0.1640625
1 0.55703125 0.6078125 0.08046875 0.12890625
1 0.790625 0.615625 0.05703125 0.1359375