3 0.021875 0.46796875 0.0421875 0.1203125
2 0.034375 0.57578125 0.06640625 0.07421875
3 0.1796875 0.4859375 0.065625 0.11640625
0 0.16328125 0.6015625 0.05859375 0.06328125
6 0.315625 0.4359375 0.0609375 0.10546875
0 0.35703125 0.44375 0.0375 0.059375
6 0.253125 0.6046875 0.0375 0.05703125
6 0.53515625 0.44375 0.0375 0.07421875
6 0.64453125 0.4859375 0.03671875 0.06875
6 0.6828125 0.5140625 0.04453125 0.10546875
6 0.7140625 0.4859375 0.02890625 0.08359375
2 0.66953125 0.678125 0.08984375 0.0515625
10 0.18671875 0.53125 0.12109375 0.19140625
10 0.3203125 0.5109375 0.16015625 0.2515625
10 0.37578125 0.4921875 0.071875 0.15859375
10 0.5296875 0.496875 0.09453125 0.165625
10 0.62265625 0.51796875 0.08671875 0.11796875
10 0.66953125 0.5703125 0.13515625 0.21875
10 0.721875 0.5265625 0.05234375 0.15
1 0.06171875 0.5109375 0.121875 0.20546875