10 0.06875 0.246875 0.08515625 0.13046875
10 0.03125 0.15390625 0.05546875 0.08359375
10 0.08828125 0.16640625 0.059375 0.11484375
10 0.134375 0.14296875 0.0578125 0.084375
10 0.334375 0.1515625 0.04921875 0.08984375
10 0.38203125 0.134375 0.04453125 0.08125
10 0.30703125 0.175 0.03828125 0.09453125
10 0.26328125 0.24296875 0.065625 0.13984375
10 0.34140625 0.25234375 0.06015625 0.14140625
10 0.31640625 0.3109375 0.08671875 0.14453125
1 0.26328125 0.36640625 0.12734375 0.13828125
10 0.2125 0.2984375 0.08046875 0.14453125
10 0.140625 0.34140625 0.13046875 0.18671875
10 0.41875 0.15546875 0.05625 0.08515625
10 0.45078125 0.13046875 0.03046875 0.07578125
10 0.475 0.21796875 0.04140625 0.115625
1 0.396875 0.2265625 0.0609375 0.08828125
10 0.45078125 0.26015625 0.08203125 0.13125
10 0.47578125 0.36640625 0.11796875 0.14609375
2 0.3984375 0.43125 0.0625 0.034375
2 0.51484375 0.44296875 0.03984375 0.03828125
10 0.521875 0.1859375 0.0484375 0.10546875
10 0.56953125 0.203125 0.05 0.084375
10 0.52578125 0.25546875 0.06640625 0.14453125
10 0.5484375 0.35078125 0.09296875 0.1890625
10 0.64609375 0.23046875 0.06015625 0.11796875
10 0.59765625 0.28125 0.05703125 0.096875
10 0.63671875 0.37890625 0.1015625 0.1515625
1 0.709375 0.17890625 0.0390625 0.05859375
1 0.73203125 0.19296875 0.06015625 0.084375
10 0.79375 0.18046875 0.03984375 0.078125
10 0.76484375 0.21796875 0.05390625 0.096875
10 0.81640625 0.21796875 0.05546875 0.09375
10 0.88515625 0.18984375 0.04375 0.090625
10 0.865625 0.24609375 0.03984375 0.09375
10 0.83671875 0.29375 0.06484375 0.128125
10 0.90625 0.34296875 0.08515625 0.16484375
10 0.9625 0.38125 0.075 0.19140625
3 0.0640625 0.2265625 0.03046875 0.0734375
9 0.03671875 0.14296875 0.0296875 0.05859375
9 0.0765625 0.1421875 0.03046875 0.065625
3 0.128125 0.13125 0.0265625 0.05859375
9 0.3828125 0.1234375 0.02265625 0.05
6 0.3375 0.13046875 0.02109375 0.0484375
6 0.3015625 0.15703125 0.025 0.05546875
6 0.33828125 0.20703125 0.02890625 0.05546875
6 0.2703125 0.209375 0.03359375 0.06875
3 0.3171875 0.296875 0.040625 0.08125
3 0.21328125 0.2765625 0.0375 0.08984375
6 0.140625 0.29765625 0.05078125 0.09375
3 0.25234375 0.3515625 0.0484375 0.1
3 0.42109375 0.14375 0.02421875 0.05703125
3 0.39375 0.21875 0.03125 0.06640625
6 0.45078125 0.11875 0.021875 0.05
6 0.475 0.134375 0.0234375 0.04375
6 0.4703125 0.19296875 0.02890625 0.05703125
3 0.45 0.2390625 0.034375 0.07578125
3 0.52578125 0.23046875 0.03125 0.0796875
9 0.50625 0.3421875 0.05390625 0.09140625
6 0.55390625 0.30625 0.04140625 0.09921875
6 0.51875 0.1625 0.02421875 0.05625
6 0.534375 0.13515625 0.02109375 0.04453125
10 0.5453125 0.1515625 0.04140625 0.07578125
6 0.56953125 0.190625 0.025 0.05
3 0.6390625 0.353125 0.04609375 0.0953125
3 0.609375 0.271875 0.0359375 0.06875
6 0.65 0.20546875 0.02890625 0.06875
3 0.71640625 0.171875 0.02109375 0.04375
3 0.74609375 0.18046875 0.0265625 0.05390625
3 0.7875 0.16796875 0.0265625 0.0546875
6 0.76953125 0.19453125 0.02421875 0.05078125
3 0.8234375 0.1984375 0.025 0.05546875
3 0.89296875 0.16875 0.0265625 0.05546875
3 0.86328125 0.23125 0.02578125 0.06171875
6 0.83828125 0.2671875 0.02890625 0.065625
6 0.9125 0.29765625 0.0390625 0.08046875
3 0.971875 0.29765625 0.04375 0.09375