10 0.065625 0.24296875 0.0796875 0.1203125
10 0.13984375 0.15078125 0.04921875 0.07421875
10 0.15 0.340625 0.1203125 0.17109375
10 0.278125 0.35625 0.1140625 0.15546875
1 0.25078125 0.25625 0.07265625 0.10078125
10 0.32578125 0.30546875 0.096875 0.15546875
10 0.378125 0.14296875 0.04453125 0.06171875
1 0.40546875 0.2265625 0.0515625 0.08515625
10 0.42109375 0.15625 0.05703125 0.0859375
10 0.47890625 0.159375 0.03828125 0.10078125
10 0.4671875 0.21875 0.0625 0.1296875
1 0.44765625 0.28046875 0.07265625 0.103125
10 0.44609375 0.34921875 0.090625 0.18203125
10 0.53515625 0.346875 0.09140625 0.190625
10 0.51953125 0.1859375 0.04921875 0.09921875
10 0.56484375 0.1609375 0.0546875 0.1046875
10 0.5625 0.21328125 0.0453125 0.0765625
10 0.6375 0.22890625 0.0578125 0.10625
1 0.596875 0.28828125 0.0671875 0.09453125
10 0.63984375 0.37109375 0.1328125 0.16796875
0 0.64375 0.43046875 0.05234375 0.0390625
1 0.73125 0.19296875 0.0546875 0.08203125
1 0.79765625 0.19140625 0.03984375 0.06875
10 0.765625 0.21640625 0.053125 0.09453125
10 0.81484375 0.21875 0.05 0.0859375
10 0.8859375 0.20234375 0.04921875 0.075
10 0.83359375 0.3015625 0.0765625 0.1234375
10 0.8984375 0.340625 0.08671875 0.16015625
2 0.26015625 0.4265625 0.06953125 0.03515625
2 0.515625 0.44296875 0.03828125 0.03203125
2 0.978125 0.46875 0.04375 0.03125
10 0.34375 0.24296875 0.1078125 0.15
10 0.946875 0.365625 0.10625 0.20625
10 0.703125 0.17421875 0.0421875 0.096875
3 0.06328125 0.21875 0.03359375 0.0734375
10 0.09140625 0.16640625 0.06015625 0.1046875
3 0.0765625 0.14453125 0.02890625 0.06171875
3 0.13203125 0.140625 0.025 0.05546875
6 0.16015625 0.3015625 0.04453125 0.09375
3 0.26796875 0.3234375 0.0453125 0.0890625
3 0.30546875 0.275 0.0421875 0.09296875
3 0.2671875 0.24453125 0.03359375 0.0765625
6 0.34375 0.20546875 0.03515625 0.07421875
6 0.328125 0.12890625 0.0203125 0.04609375
10 0.33125 0.14375 0.03984375 0.08203125
3 0.3765625 0.13515625 0.01875 0.0484375
3 0.396875 0.21875 0.0296875 0.06640625
3 0.42421875 0.14765625 0.0203125 0.05625
6 0.47109375 0.134375 0.021875 0.04921875
6 0.4671875 0.17890625 0.028125 0.05390625
3 0.4390625 0.26328125 0.03203125 0.06953125
6 0.4546875 0.3046875 0.03828125 0.0890625
6 0.53828125 0.29765625 0.03828125 0.0859375
6 0.51875 0.1671875 0.02421875 0.05625
6 0.56953125 0.19609375 0.02421875 0.046875
6 0.56953125 0.13359375 0.02421875 0.0515625
0 0.565625 0.1453125 0.02578125 0.03515625
3 0.64375 0.33984375 0.0453125 0.1015625
6 0.6375 0.20546875 0.02734375 0.05859375
3 0.71015625 0.14765625 0.01796875 0.04375
3 0.74375 0.178125 0.02421875 0.053125
3 0.77109375 0.196875 0.02109375 0.05078125
3 0.8015625 0.1828125 0.02578125 0.05078125
3 0.8234375 0.2046875 0.02421875 0.05390625
3 0.853125 0.2765625 0.0296875 0.06875
3 0.896875 0.1953125 0.0265625 0.05
7 0.84375 0.3375 0.0421875 0.03203125
6 0.9078125 0.296875 0.03828125 0.07421875
6 0.98125 0.309375 0.03671875 0.09609375