6 0.16640625 0.63046875 0.071875 0.12578125
5 0.14375 0.8015625 0.0421875 0.040625
3 0.3171875 0.58984375 0.04375 0.06484375
3 0.31953125 0.65546875 0.05546875 0.11328125
2 0.2734375 0.78046875 0.09453125 0.059375
6 0.3921875 0.58671875 0.04140625 0.09453125
7 0.40078125 0.70546875 0.07890625 0.0484375
6 0.56953125 0.55546875 0.0375 0.071875
9 0.5859375 0.640625 0.06171875 0.1109375
5 0.59765625 0.81875 0.02890625 0.03515625
3 0.66328125 0.596875 0.04140625 0.09453125
0 0.671875 0.68046875 0.0515625 0.04609375
3 0.784375 0.61875 0.0578125 0.12421875
0 0.8078125 0.7796875 0.04140625 0.06328125
3 0.92734375 0.6453125 0.0640625 0.11328125
2 0.96484375 0.81875 0.0703125 0.0515625
10 0.178125 0.690625 0.13515625 0.22109375
10 0.32890625 0.7078125 0.13046875 0.18984375
10 0.328125 0.60625 0.06953125 0.08828125
10 0.41484375 0.63046875 0.096875 0.17578125
10 0.54921875 0.60703125 0.07734375 0.16953125
10 0.59453125 0.71015625 0.11796875 0.21875
10 0.66953125 0.6265625 0.09765625 0.16328125
10 0.77578125 0.68359375 0.14765625 0.23984375
10 0.93515625 0.70390625 0.12890625 0.21875