3 0.15078125 0.63046875 0.04609375 0.08125
0 0.13828125 0.70390625 0.04375 0.04453125
6 0.23515625 0.59296875 0.04375 0.0890625
0 0.21328125 0.70546875 0.05234375 0.0515625
9 0.32421875 0.58203125 0.0484375 0.08515625
0 0.29140625 0.7234375 0.03046875 0.03046875
3 0.39140625 0.61796875 0.05234375 0.09453125
7 0.3765625 0.715625 0.084375 0.03515625
9 0.58203125 0.59375 0.03984375 0.078125
0 0.56953125 0.70546875 0.034375 0.03671875
6 0.68828125 0.56953125 0.04921875 0.08046875
0 0.67421875 0.69296875 0.0515625 0.06640625
3 0.78828125 0.59296875 0.053125 0.09296875
3 0.79453125 0.69140625 0.053125 0.05390625
9 0.85703125 0.63046875 0.08046875 0.128125
0 0.87890625 0.8203125 0.078125 0.0609375
10 0.153125 0.65625 0.10234375 0.13203125
10 0.23515625 0.64296875 0.1 0.17109375
10 0.32109375 0.63125 0.0828125 0.16171875
10 0.40234375 0.6546875 0.10234375 0.15390625
10 0.5734375 0.6390625 0.1125 0.15703125
10 0.68125 0.6265625 0.0953125 0.18203125
10 0.78515625 0.634375 0.10859375 0.16953125
10 0.89140625 0.71640625 0.18828125 0.28359375