3 0.1859375 0.60546875 0.06484375 0.11875
5 0.14140625 0.75859375 0.03125 0.0484375
3 0.31640625 0.59453125 0.06015625 0.14296875
0 0.29140625 0.7453125 0.053125 0.07421875
9 0.378125 0.54921875 0.04765625 0.09921875
0 0.38671875 0.63984375 0.0359375 0.0609375
3 0.59765625 0.61484375 0.0625 0.13359375
0 0.59453125 0.76953125 0.06328125 0.07421875
6 0.74453125 0.55546875 0.06171875 0.11875
5 0.7453125 0.78984375 0.04140625 0.0390625
6 0.8609375 0.56875 0.0625 0.1203125
2 0.91015625 0.80390625 0.13984375 0.06640625
10 0.18203125 0.65390625 0.134375 0.21484375
10 0.31875 0.659375 0.13515625 0.2515625
10 0.39921875 0.58828125 0.08515625 0.16875
10 0.59375 0.66953125 0.1359375 0.23046875
10 0.74375 0.64375 0.12421875 0.29453125
10 0.875 0.65546875 0.15078125 0.2796875
1 0.5625 0.60859375 0.08671875 0.12578125