8 0.11328125 0.75546875 0.06796875 0.1109375
5 0.0578125 0.83046875 0.03671875 0.03671875
6 0.23203125 0.5984375 0.04453125 0.09296875
0 0.20703125 0.68046875 0.03828125 0.04453125
8 0.24140625 0.74140625 0.07265625 0.11640625
3 0.35078125 0.59921875 0.05 0.09453125
0 0.33828125 0.68515625 0.04140625 0.05546875
3 0.5234375 0.62421875 0.04375 0.08125
5 0.528125 0.70546875 0.0359375 0.03359375
3 0.63515625 0.6109375 0.04765625 0.08125
7 0.63203125 0.6984375 0.07109375 0.05546875
6 0.75390625 0.6046875 0.06015625 0.11640625
5 0.75390625 0.8265625 0.0375 0.0390625
6 0.87265625 0.6265625 0.05703125 0.109375
2 0.9390625 0.8484375 0.1125 0.06640625
10 0.23984375 0.6171875 0.09921875 0.11953125
10 0.3515625 0.63984375 0.1 0.159375
10 0.515625 0.640625 0.09375 0.13828125
10 0.625 0.6421875 0.10390625 0.1546875
10 0.73046875 0.68359375 0.17734375 0.275
10 0.88046875 0.69609375 0.13203125 0.25859375
1 0.109375 0.73046875 0.16640625 0.1796875
1 0.2609375 0.74609375 0.13828125 0.21015625