10 0.06953125 0.246875 0.08984375 0.13046875
10 0.0578125 0.18671875 0.07578125 0.10546875
10 0.0921875 0.1671875 0.05859375 0.1046875
10 0.1375 0.146875 0.04765625 0.075
10 0.16640625 0.33671875 0.096875 0.1796875
10 0.27578125 0.35390625 0.11640625 0.159375
10 0.21328125 0.321875 0.06171875 0.11875
10 0.315625 0.29921875 0.07578125 0.16640625
1 0.2515625 0.25390625 0.06796875 0.11171875
10 0.3453125 0.25078125 0.05859375 0.1390625
10 0.30546875 0.18125 0.0421875 0.0859375
1 0.39921875 0.22109375 0.0609375 0.0890625
10 0.33828125 0.14375 0.05078125 0.1015625
10 0.378125 0.13984375 0.0421875 0.071875
10 0.4203125 0.16328125 0.05546875 0.08125
10 0.47578125 0.16171875 0.040625 0.1046875
10 0.471875 0.221875 0.06328125 0.1265625
10 0.44765625 0.26796875 0.07578125 0.1234375
10 0.52265625 0.1890625 0.04921875 0.09375
10 0.628125 0.22890625 0.0578125 0.10546875
1 0.56953125 0.1734375 0.05390625 0.06796875
1 0.56875 0.215625 0.0484375 0.06953125
10 0.44453125 0.35625 0.10078125 0.1765625
10 0.53828125 0.35625 0.096875 0.17890625
10 0.64453125 0.3703125 0.13671875 0.17421875
10 0.60625 0.33359375 0.07421875 0.128125
1 0.51796875 0.2859375 0.05390625 0.09609375
2 0.259375 0.4265625 0.06953125 0.03515625
2 0.51328125 0.44296875 0.0375 0.03203125
1 0.7109375 0.1765625 0.03515625 0.05390625
1 0.73125 0.19375 0.05390625 0.071875
10 0.7640625 0.215625 0.05078125 0.09296875
10 0.8140625 0.2203125 0.05 0.08515625
10 0.89140625 0.196875 0.053125 0.075
10 0.83828125 0.29296875 0.07265625 0.13125
10 0.8953125 0.35546875 0.09609375 0.134375
10 0.96171875 0.36875 0.0765625 0.20859375
3 0.06015625 0.221875 0.03515625 0.07578125
3 0.046875 0.16796875 0.03203125 0.0640625
3 0.078125 0.1484375 0.0296875 0.06796875
3 0.128125 0.1421875 0.02578125 0.05859375
9 0.34375 0.11875 0.02890625 0.0515625
9 0.36875 0.13125 0.01953125 0.053125
3 0.4265625 0.15234375 0.02265625 0.05859375
9 0.46953125 0.1390625 0.025 0.05625
6 0.41953125 0.115625 0.02421875 0.053125
3 0.30546875 0.16875 0.02578125 0.059375
6 0.340625 0.21875 0.0296875 0.0703125
3 0.38984375 0.2125 0.03203125 0.06953125
3 0.3046875 0.265625 0.04140625 0.09296875
3 0.26640625 0.23828125 0.034375 0.08046875
3 0.26796875 0.31953125 0.04375 0.0953125
3 0.20390625 0.30703125 0.03515625 0.0859375
6 0.165625 0.29453125 0.0421875 0.09609375
3 0.5234375 0.17421875 0.025 0.05625
3 0.46640625 0.19375 0.028125 0.06640625
6 0.4390625 0.24453125 0.03359375 0.08046875
3 0.52890625 0.28046875 0.03203125 0.08046875
3 0.54375 0.153125 0.02109375 0.05
3 0.45078125 0.31328125 0.03984375 0.09375
6 0.54453125 0.31640625 0.04375 0.09375
3 0.625 0.3109375 0.03359375 0.08125
3 0.64921875 0.33828125 0.0484375 0.10078125
1 0.59765625 0.29140625 0.06640625 0.10078125
3 0.56640625 0.209375 0.02421875 0.05546875
3 0.5796875 0.178125 0.02578125 0.053125
6 0.625 0.20625 0.0265625 0.059375
0 0.65390625 0.43046875 0.053125 0.04296875
3 0.71875 0.16953125 0.0203125 0.04453125
3 0.746875 0.1859375 0.0234375 0.0546875
3 0.7609375 0.19375 0.021875 0.05078125
10 0.790625 0.18828125 0.0390625 0.06953125
6 0.7921875 0.17890625 0.02578125 0.046875
3 0.82265625 0.20703125 0.02578125 0.0546875
3 0.90390625 0.1859375 0.02578125 0.05390625
6 0.8453125 0.25703125 0.02890625 0.05859375
7 0.85703125 0.33046875 0.0375 0.03203125
3 0.90625 0.26796875 0.03046875 0.0734375
10 0.89453125 0.28125 0.05390625 0.10078125
3 0.91953125 0.33046875 0.04140625 0.08515625
6 0.98359375 0.31328125 0.0328125 0.09375
2 0.97890625 0.46875 0.03984375 0.028125