3 0.15078125 0.65546875 0.04375 0.08125
0 0.128125 0.71953125 0.0546875 0.0390625
8 0.22890625 0.69296875 0.06015625 0.08125
8 0.3046875 0.69375 0.05 0.08359375
8 0.3921875 0.61875 0.04375 0.0890625
7 0.38203125 0.7265625 0.078125 0.0609375
3 0.56640625 0.65546875 0.03828125 0.06640625
0 0.56640625 0.721875 0.04921875 0.03125
8 0.76953125 0.65625 0.05078125 0.090625
8 0.8765625 0.76875 0.08515625 0.121875
3 0.68828125 0.68671875 0.05703125 0.13125
0 0.69453125 0.840625 0.08359375 0.06640625
1 0.23125 0.68359375 0.09765625 0.11875
1 0.31171875 0.69375 0.0859375 0.09140625
1 0.559375 0.6765625 0.09921875 0.12421875
1 0.7671875 0.66640625 0.09375 0.1453125
1 0.86328125 0.77578125 0.159375 0.2
1 0.15078125 0.68203125 0.10234375 0.12890625
10 0.3953125 0.65546875 0.09609375 0.16875
10 0.68671875 0.74296875 0.15859375 0.2515625
5 0.86015625 0.85859375 0.05703125 0.04921875