10 0.06328125 0.24453125 0.08515625 0.121875
10 0.05625 0.18671875 0.07890625 0.10625
10 0.09140625 0.16796875 0.05859375 0.103125
10 0.1375 0.146875 0.0484375 0.07421875
10 0.16171875 0.334375 0.10234375 0.18125
10 0.27734375 0.35546875 0.11640625 0.159375
1 0.21171875 0.3203125 0.0640625 0.11484375
1 0.321875 0.31015625 0.09609375 0.14453125
1 0.25 0.25546875 0.0703125 0.11015625
10 0.3453125 0.2515625 0.05859375 0.1359375
10 0.30546875 0.18203125 0.04296875 0.08046875
1 0.39921875 0.2234375 0.06015625 0.09140625
10 0.33828125 0.14296875 0.05078125 0.10078125
10 0.3796875 0.14296875 0.04296875 0.065625
10 0.41953125 0.15859375 0.053125 0.08515625
10 0.475 0.15859375 0.03984375 0.10390625
10 0.471875 0.21953125 0.06171875 0.13046875
10 0.44765625 0.26796875 0.07578125 0.1265625
10 0.52421875 0.18203125 0.04921875 0.10703125
10 0.628125 0.22890625 0.0578125 0.10546875
1 0.56875 0.1734375 0.0546875 0.06640625
1 0.56796875 0.21171875 0.04765625 0.06953125
10 0.44609375 0.34296875 0.0984375 0.19140625
10 0.53828125 0.35625 0.096875 0.17890625
10 0.64609375 0.3734375 0.14140625 0.16875
10 0.60625 0.33125 0.0703125 0.13046875
1 0.51796875 0.27890625 0.0515625 0.109375
2 0.259375 0.4265625 0.06953125 0.03515625
2 0.51328125 0.44296875 0.0375 0.03203125
1 0.71015625 0.1765625 0.03671875 0.053125
1 0.73515625 0.19140625 0.06171875 0.08046875
10 0.76875 0.21484375 0.05 0.0890625
10 0.815625 0.21953125 0.05078125 0.08125
10 0.88203125 0.1921875 0.05 0.08828125
10 0.83828125 0.30546875 0.07890625 0.11328125
10 0.8875 0.33515625 0.0859375 0.16875
10 0.9609375 0.36875 0.07734375 0.2
1 0.59765625 0.29140625 0.06640625 0.0953125
3 0.06484375 0.2234375 0.03359375 0.06953125
3 0.04453125 0.16796875 0.03359375 0.065625
3 0.0765625 0.15 0.028125 0.06875
3 0.128125 0.14140625 0.02421875 0.05625
6 0.340625 0.11796875 0.02421875 0.05078125
3 0.378125 0.134375 0.0203125 0.04921875
3 0.30390625 0.171875 0.02578125 0.0609375
6 0.34296875 0.21875 0.0328125 0.06640625
3 0.2625 0.24296875 0.034375 0.0765625
3 0.2015625 0.30546875 0.03671875 0.078125
3 0.29609375 0.29296875 0.03984375 0.0859375
3 0.26953125 0.32109375 0.04609375 0.09140625
6 0.16328125 0.29296875 0.04296875 0.096875
3 0.42265625 0.1453125 0.02265625 0.05703125
3 0.390625 0.21640625 0.03203125 0.065625
6 0.440625 0.24375 0.03359375 0.07578125
6 0.45390625 0.29375 0.03984375 0.0796875
9 0.46640625 0.1328125 0.025 0.05078125
6 0.521875 0.15625 0.02578125 0.05546875
6 0.46640625 0.184375 0.02890625 0.05625
3 0.528125 0.265625 0.03046875 0.08125
6 0.54375 0.31328125 0.04140625 0.09453125
3 0.54453125 0.15546875 0.02421875 0.05078125
3 0.58203125 0.18046875 0.02734375 0.0546875
3 0.56640625 0.20625 0.025 0.05625
6 0.625 0.20546875 0.02578125 0.059375
3 0.625 0.30859375 0.0328125 0.08125
3 0.6515625 0.34140625 0.04921875 0.10546875
0 0.65390625 0.43046875 0.05546875 0.0484375
3 0.71796875 0.1734375 0.0203125 0.04375
9 0.753125 0.178125 0.0265625 0.05390625
3 0.778125 0.19375 0.0234375 0.05
3 0.79453125 0.1859375 0.02265625 0.05546875
3 0.8234375 0.20625 0.02421875 0.0515625
3 0.89375 0.17421875 0.025 0.05546875
3 0.8625 0.28515625 0.0296875 0.06875
6 0.890625 0.29140625 0.03984375 0.075
3 0.915625 0.28125 0.0296875 0.0765625
3 0.98515625 0.32890625 0.02890625 0.103125
2 0.9796875 0.46875 0.03984375 0.0296875