10 0.065625 0.24296875 0.08359375 0.11796875
10 0.09765625 0.15625 0.05234375 0.11171875
10 0.1390625 0.1515625 0.04296875 0.071875
10 0.16328125 0.35 0.09765625 0.14453125
10 0.27734375 0.35546875 0.11328125 0.15390625
1 0.20390625 0.31796875 0.08671875 0.12109375
1 0.315625 0.30625 0.084375 0.140625
1 0.2484375 0.25625 0.06875 0.103125
10 0.34609375 0.24453125 0.05859375 0.1390625
10 0.3046875 0.18046875 0.03984375 0.078125
10 0.4 0.21328125 0.06171875 0.10546875
10 0.3359375 0.15078125 0.04140625 0.07578125
10 0.38125 0.14140625 0.0421875 0.065625
10 0.4234375 0.15625 0.04765625 0.084375
10 0.47421875 0.1609375 0.0421875 0.10625
1 0.51328125 0.196875 0.05078125 0.08046875
10 0.625 0.22890625 0.06640625 0.10390625
1 0.57265625 0.178125 0.06171875 0.065625
10 0.5703125 0.21015625 0.05078125 0.0703125
10 0.44453125 0.34453125 0.090625 0.1859375
10 0.53515625 0.35625 0.090625 0.16953125
10 0.646875 0.3609375 0.10859375 0.18046875
10 0.60703125 0.334375 0.07265625 0.13125
1 0.52578125 0.2796875 0.06875 0.1015625
2 0.259375 0.4265625 0.06953125 0.03515625
2 0.51328125 0.44296875 0.0375 0.03203125
1 0.71171875 0.17734375 0.03359375 0.053125
1 0.73359375 0.19296875 0.05546875 0.0734375
10 0.7671875 0.215625 0.04609375 0.08828125
10 0.81640625 0.21796875 0.05234375 0.084375
10 0.8765625 0.190625 0.04921875 0.075
10 0.83125 0.30390625 0.0765625 0.1234375
10 0.89609375 0.35546875 0.0921875 0.1296875
10 0.96015625 0.36640625 0.07890625 0.20078125
1 0.59765625 0.290625 0.06484375 0.09140625
2 0.9796875 0.46875 0.040625 0.03359375
3 0.71953125 0.16875 0.01875 0.040625
10 0.44453125 0.13125 0.03046875 0.0859375
3 0.06328125 0.22265625 0.03203125 0.06953125
3 0.08984375 0.13046875 0.02890625 0.0609375
3 0.1296875 0.14296875 0.02421875 0.0546875
6 0.33203125 0.13828125 0.01953125 0.04921875
3 0.3046875 0.1734375 0.02578125 0.05625
3 0.3796875 0.13046875 0.01953125 0.0515625
6 0.44140625 0.1109375 0.02109375 0.04453125
3 0.425 0.14375 0.02265625 0.05859375
3 0.38828125 0.19296875 0.03046875 0.065625
6 0.340625 0.21015625 0.03203125 0.06875
3 0.265625 0.24296875 0.03203125 0.075
3 0.3015625 0.30390625 0.04140625 0.08203125
3 0.26796875 0.32734375 0.0453125 0.08828125
3 0.1828125 0.29765625 0.04140625 0.08046875
3 0.14140625 0.328125 0.04609375 0.09375
6 0.47109375 0.13125 0.0234375 0.0484375
3 0.465625 0.196875 0.0265625 0.06875
10 0.46640625 0.22421875 0.06953125 0.11875
3 0.515625 0.184375 0.02421875 0.05546875
6 0.45078125 0.29296875 0.03984375 0.08046875
6 0.534375 0.31640625 0.0421875 0.08828125
3 0.5265625 0.2640625 0.03046875 0.07109375
3 0.54453125 0.1515625 0.021875 0.046875
1 0.54375 0.15546875 0.0390625 0.059375
3 0.57890625 0.16875 0.025 0.04609375
6 0.57578125 0.1984375 0.02265625 0.05546875
3 0.62421875 0.20546875 0.0265625 0.0609375
3 0.62265625 0.309375 0.034375 0.08125
6 0.66015625 0.31953125 0.04921875 0.09375
3 0.7421875 0.18046875 0.025 0.05
6 0.771875 0.19375 0.02109375 0.0484375
3 0.8234375 0.20390625 0.021875 0.05078125
3 0.79375 0.1859375 0.0234375 0.0546875
3 0.88828125 0.178125 0.025 0.05078125
10 0.85 0.246875 0.07890625 0.09375
6 0.8609375 0.2234375 0.02421875 0.04453125
3 0.853125 0.27578125 0.028125 0.06875
7 0.84296875 0.3359375 0.04296875 0.03125
3 0.91328125 0.271875 0.03359375 0.06953125
6 0.9515625 0.26171875 0.02890625 0.05625
10 0.95234375 0.290625 0.0484375 0.11015625
3 0.91875 0.33046875 0.03984375 0.08125
6 0.9859375 0.309375 0.02734375 0.09453125