5 0.0578125 0.840625 0.03359375 0.03671875
8 0.11328125 0.75703125 0.07890625 0.12578125
6 0.23203125 0.60546875 0.04609375 0.08515625
0 0.21015625 0.68125 0.040625 0.03671875
8 0.24453125 0.74296875 0.06484375 0.12578125
3 0.35078125 0.6 0.04140625 0.09453125
0 0.33828125 0.68671875 0.03046875 0.05546875
3 0.52578125 0.61875 0.04140625 0.08125
5 0.52890625 0.7 0.03359375 0.03125
3 0.63203125 0.609375 0.04609375 0.08125
7 0.62890625 0.6984375 0.06796875 0.05546875
6 0.75390625 0.59375 0.059375 0.11328125
5 0.75390625 0.8234375 0.03359375 0.04453125
6 0.87421875 0.621875 0.0609375 0.10546875
2 0.9390625 0.846875 0.1125 0.06875
1 0.109375 0.73359375 0.16015625 0.19453125
1 0.259375 0.74296875 0.14296875 0.215625
10 0.2328125 0.63125 0.10546875 0.14375
10 0.35390625 0.6390625 0.08671875 0.1640625
10 0.52109375 0.64609375 0.1109375 0.12578125
10 0.621875 0.63203125 0.09609375 0.14140625
10 0.7296875 0.68359375 0.17890625 0.2734375
10 0.88125 0.6984375 0.12421875 0.24609375