10 0.075 0.24296875 0.0734375 0.1265625
10 0.09140625 0.165625 0.05546875 0.1140625
10 0.134375 0.14296875 0.0578125 0.08046875
10 0.38125 0.134375 0.0453125 0.08125
10 0.30703125 0.17578125 0.03828125 0.09375
10 0.25859375 0.25078125 0.0765625 0.1390625
10 0.33828125 0.25078125 0.06015625 0.13125
1 0.31875 0.3140625 0.08828125 0.13125
1 0.26328125 0.36796875 0.12734375 0.13828125
10 0.16015625 0.34296875 0.10546875 0.165625
10 0.41796875 0.15625 0.05390625 0.084375
10 0.40078125 0.259375 0.10078125 0.13515625
10 0.44375 0.35546875 0.10390625 0.184375
2 0.51484375 0.44296875 0.03984375 0.03828125
10 0.52109375 0.184375 0.04921875 0.1015625
10 0.56875 0.20625 0.0484375 0.08203125
10 0.5265625 0.25625 0.06796875 0.13828125
10 0.53828125 0.35546875 0.096875 0.18203125
10 0.646875 0.23046875 0.0578125 0.11484375
10 0.6359375 0.35625 0.10234375 0.18984375
1 0.709375 0.17890625 0.0390625 0.05859375
1 0.73203125 0.19296875 0.059375 0.08203125
1 0.796875 0.18984375 0.04375 0.06484375
10 0.76328125 0.21875 0.05234375 0.09296875
10 0.81640625 0.21875 0.05546875 0.09296875
10 0.88515625 0.18984375 0.04375 0.090625
10 0.86640625 0.246875 0.04140625 0.09921875
10 0.83671875 0.29296875 0.0640625 0.1234375
10 0.90078125 0.34140625 0.07734375 0.16328125
10 0.96171875 0.3671875 0.0765625 0.21953125
10 0.54375 0.15234375 0.0328125 0.07890625
10 0.0296875 0.28046875 0.05859375 0.16875
6 0.0140625 0.234375 0.02734375 0.071875
3 0.0625 0.21953125 0.03515625 0.078125
3 0.0484375 0.1625 0.03203125 0.05859375
3 0.0796875 0.14140625 0.03046875 0.0640625
3 0.128125 0.13203125 0.0265625 0.05390625
9 0.34296875 0.11875 0.02265625 0.05078125
3 0.38125 0.1234375 0.02109375 0.0546875
3 0.42265625 0.14453125 0.02421875 0.05546875
6 0.3015625 0.159375 0.02578125 0.05546875
6 0.26328125 0.21875 0.03515625 0.078125
6 0.3359375 0.2203125 0.02890625 0.0703125
6 0.34140625 0.17109375 0.03046875 0.05078125
9 0.403125 0.23125 0.0359375 0.07578125
3 0.31953125 0.31171875 0.040625 0.08046875
3 0.20546875 0.30625 0.03984375 0.0859375
3 0.15546875 0.3109375 0.04765625 0.09609375
3 0.24453125 0.34453125 0.04921875 0.0984375
3 0.446875 0.31015625 0.0421875 0.09296875
9 0.534375 0.31484375 0.04765625 0.1
1 0.4625 0.22578125 0.0578125 0.09921875
3 0.4609375 0.20703125 0.028125 0.06328125
3 0.525 0.22890625 0.03359375 0.075
6 0.52265625 0.1640625 0.02421875 0.053125
3 0.53828125 0.13671875 0.02109375 0.04453125
6 0.56953125 0.19296875 0.02265625 0.05078125
6 0.63671875 0.30625 0.0453125 0.0859375
6 0.65078125 0.20625 0.02734375 0.065625
3 0.71640625 0.171875 0.01953125 0.04453125
3 0.7453125 0.18046875 0.02578125 0.05390625
3 0.8 0.18515625 0.0265625 0.05
3 0.825 0.20078125 0.0234375 0.05625
3 0.8625 0.23046875 0.028125 0.059375
3 0.89296875 0.1703125 0.0265625 0.05390625
6 0.76953125 0.196875 0.02265625 0.04921875
6 0.83828125 0.26640625 0.03203125 0.0640625
6 0.91015625 0.29296875 0.03984375 0.0734375
6 0.98359375 0.29921875 0.0328125 0.090625