2 0.23359375 0.13828125 0.028125 0.015625
3 0.24140625 0.0921875 0.01328125 0.03203125
10 0.24375 0.10546875 0.03984375 0.06171875
7 0.3859375 0.0796875 0.0234375 0.0203125
3 0.38828125 0.04453125 0.01484375 0.03125
10 0.390625 0.05546875 0.0453125 0.0546875
2 0.42578125 0.07734375 0.02265625 0.01171875
2 0.53671875 0.03203125 0.01328125 0.0109375
0 0.57421875 0.03125 0.01328125 0.01328125
2 0.67421875 0.31171875 0.03359375 0.0390625
2 0.7046875 0.3125 0.03984375 0.01796875
3 0.715625 0.25390625 0.0234375 0.04453125
1 0.70703125 0.26171875 0.06171875 0.090625
2 0.89921875 0.39140625 0.0203125 0.0265625