3 0.11328125 0.53046875 0.06640625 0.11328125
7 0.0890625 0.63515625 0.10390625 0.08125
9 0.2515625 0.51171875 0.06484375 0.11640625
0 0.21328125 0.64921875 0.040625 0.06484375
9 0.3765625 0.49453125 0.06484375 0.12578125
5 0.32421875 0.6796875 0.0359375 0.040625
3 0.4328125 0.50390625 0.0375 0.0890625
9 0.60390625 0.48984375 0.03984375 0.071875
3 0.69140625 0.53046875 0.03984375 0.08515625
9 0.79453125 0.52890625 0.04375 0.08671875
3 0.74453125 0.5765625 0.053125 0.11875
2 0.7359375 0.74296875 0.08671875 0.05546875
1 0.13984375 0.56640625 0.12421875 0.175
10 0.25234375 0.5703125 0.12734375 0.2109375
10 0.3859375 0.565625 0.14765625 0.246875
10 0.4421875 0.540625 0.078125 0.14921875
10 0.5875 0.540625 0.09921875 0.175
10 0.68671875 0.565625 0.08203125 0.1359375
10 0.73203125 0.63359375 0.13671875 0.22578125
10 0.79609375 0.57109375 0.0640625 0.15859375