10 0.06640625 0.24140625 0.08359375 0.11875
10 0.09453125 0.15625 0.053125 0.1140625
10 0.1390625 0.146875 0.046875 0.06953125
10 0.16328125 0.35546875 0.09765625 0.14453125
10 0.278125 0.35625 0.11484375 0.1546875
1 0.20625 0.31875 0.08828125 0.12421875
1 0.315625 0.3109375 0.0859375 0.14375
1 0.246875 0.25625 0.07109375 0.1046875
10 0.34375 0.2484375 0.0609375 0.13203125
10 0.30703125 0.18046875 0.04375 0.0796875
1 0.39765625 0.22421875 0.06015625 0.08046875
10 0.3359375 0.1546875 0.04140625 0.0796875
10 0.37890625 0.1375 0.04453125 0.075
10 0.41953125 0.14453125 0.06015625 0.1
10 0.475 0.1609375 0.04140625 0.10546875
1 0.51328125 0.19453125 0.05078125 0.08046875
10 0.62578125 0.2234375 0.06484375 0.10546875
1 0.57890625 0.17734375 0.05078125 0.06015625
10 0.559375 0.20625 0.04453125 0.07109375
10 0.44453125 0.3484375 0.090625 0.18203125
10 0.53515625 0.35546875 0.09296875 0.171875
10 0.634375 0.359375 0.09609375 0.1703125
10 0.5265625 0.27890625 0.07109375 0.10703125
2 0.259375 0.4265625 0.06953125 0.03515625
2 0.51328125 0.44296875 0.0375 0.03203125
1 0.7109375 0.178125 0.03359375 0.053125
1 0.73125 0.19296875 0.05234375 0.07421875
10 0.765625 0.21640625 0.0484375 0.0890625
10 0.81640625 0.21796875 0.05078125 0.08203125
10 0.87578125 0.19140625 0.05234375 0.0765625
10 0.83203125 0.303125 0.07578125 0.121875
10 0.89375 0.35546875 0.0921875 0.1359375
10 0.9609375 0.36796875 0.07734375 0.2015625
1 0.59765625 0.2859375 0.065625 0.09453125
2 0.9796875 0.46875 0.040625 0.03359375
3 0.71796875 0.16875 0.01796875 0.040625
10 0.44375 0.1296875 0.03046875 0.08359375
10 0.059375 0.1890625 0.071875 0.10078125
10 0.465625 0.21875 0.07109375 0.1265625
1 0.54453125 0.15625 0.03984375 0.06171875
3 0.06328125 0.21875 0.03515625 0.07421875
3 0.05390625 0.16796875 0.03125 0.06015625
9 0.08203125 0.13203125 0.02734375 0.06171875
3 0.1328125 0.14375 0.02421875 0.05546875
3 0.140625 0.32890625 0.04453125 0.08828125
3 0.18125 0.3015625 0.03984375 0.078125
3 0.2671875 0.3265625 0.04296875 0.0859375
3 0.26484375 0.24296875 0.0328125 0.075
3 0.3015625 0.30546875 0.04375 0.08203125
6 0.34296875 0.2109375 0.0328125 0.05625
3 0.309375 0.17265625 0.0265625 0.05625
6 0.33203125 0.140625 0.02109375 0.04921875
3 0.3765625 0.1265625 0.01875 0.053125
6 0.41953125 0.1234375 0.02265625 0.05625
3 0.38828125 0.21796875 0.02890625 0.065625
6 0.45078125 0.2984375 0.03828125 0.08125
6 0.46484375 0.19140625 0.02734375 0.06015625
6 0.4703125 0.13203125 0.02421875 0.04453125
6 0.44140625 0.1140625 0.02109375 0.04921875
3 0.515625 0.1859375 0.0234375 0.05625
3 0.52890625 0.25703125 0.03046875 0.07109375
3 0.54453125 0.1515625 0.021875 0.05078125
3 0.578125 0.16875 0.0265625 0.05078125
3 0.5546875 0.19453125 0.02109375 0.05
6 0.534375 0.31875 0.0390625 0.09296875
6 0.6234375 0.203125 0.02890625 0.06015625
6 0.63125 0.31796875 0.04609375 0.096875
3 0.74296875 0.18046875 0.02421875 0.0515625
6 0.765625 0.19375 0.021875 0.04609375
3 0.79453125 0.18671875 0.025 0.05625
1 0.790625 0.19140625 0.03515625 0.05859375
3 0.8234375 0.20546875 0.02265625 0.04921875
3 0.8875 0.17890625 0.02578125 0.0515625
3 0.853125 0.27578125 0.0296875 0.06875
7 0.84375 0.33671875 0.0421875 0.03046875
3 0.91796875 0.32578125 0.03984375 0.08046875
6 0.98515625 0.315625 0.02890625 0.096875