10 0.0625 0.24453125 0.0828125 0.11640625
10 0.06640625 0.17890625 0.07265625 0.115625
10 0.109375 0.16796875 0.05234375 0.09140625
10 0.14140625 0.146875 0.04921875 0.07890625
10 0.34140625 0.13515625 0.03359375 0.0796875
10 0.30546875 0.17421875 0.03203125 0.09140625
10 0.37578125 0.1390625 0.04453125 0.06953125
10 0.421875 0.15625 0.0515625 0.08671875
10 0.4 0.21640625 0.065625 0.10078125
10 0.46875 0.21953125 0.07265625 0.121875
10 0.5171875 0.18671875 0.046875 0.0953125
10 0.3484375 0.24453125 0.071875 0.14375
1 0.5640625 0.20859375 0.05078125 0.06796875
10 0.6265625 0.22578125 0.07265625 0.10546875
1 0.59765625 0.28828125 0.06796875 0.09375
10 0.63828125 0.371875 0.13359375 0.16328125
10 0.534375 0.34921875 0.0921875 0.19453125
10 0.4453125 0.353125 0.08984375 0.18828125
10 0.2609375 0.24375 0.07421875 0.125
1 0.2078125 0.315625 0.07265625 0.121875
10 0.275 0.35546875 0.11953125 0.15546875
10 0.3234375 0.29609375 0.09453125 0.17578125
10 0.15 0.3375 0.10859375 0.17890625
2 0.259375 0.42734375 0.0703125 0.03828125
1 0.44921875 0.28203125 0.071875 0.1
2 0.51640625 0.44296875 0.0375 0.03203125
10 0.70234375 0.17421875 0.0421875 0.09375
1 0.73203125 0.19296875 0.05859375 0.07890625
10 0.7671875 0.21953125 0.05703125 0.08515625
10 0.81015625 0.21796875 0.04296875 0.09609375
10 0.88671875 0.20078125 0.04921875 0.07421875
10 0.83203125 0.29296875 0.07265625 0.1265625
10 0.9015625 0.340625 0.09140625 0.16171875
3 0.0671875 0.22578125 0.03359375 0.07421875
6 0.07109375 0.14609375 0.0296875 0.0484375
3 0.04453125 0.1375 0.028125 0.05859375
3 0.09765625 0.15390625 0.02578125 0.05859375
3 0.13125 0.13671875 0.021875 0.0546875
6 0.134375 0.2953125 0.0453125 0.08671875
3 0.19453125 0.3015625 0.040625 0.08828125
3 0.26875 0.321875 0.04453125 0.08828125
6 0.28125 0.2140625 0.03359375 0.06328125
3 0.29765625 0.25546875 0.03984375 0.09140625
6 0.32890625 0.20546875 0.02890625 0.0609375
6 0.30625 0.159375 0.02421875 0.05390625
3 0.33671875 0.12109375 0.0203125 0.0515625
9 0.3640625 0.13125 0.01875 0.04921875
6 0.40625 0.20234375 0.0296875 0.0640625
3 0.421875 0.14296875 0.021875 0.05546875
6 0.44296875 0.1171875 0.0203125 0.0453125
10 0.44453125 0.1359375 0.028125 0.08046875
6 0.46171875 0.190625 0.02890625 0.05859375
3 0.4734375 0.14921875 0.02265625 0.053125
6 0.5125 0.165625 0.0234375 0.05390625
6 0.453125 0.3015625 0.0390625 0.08671875
3 0.5375 0.30234375 0.03984375 0.096875
1 0.54765625 0.15859375 0.04453125 0.06484375
3 0.55625 0.1515625 0.02109375 0.0484375
6 0.61953125 0.20234375 0.02578125 0.05859375
3 0.61328125 0.28125 0.03203125 0.0734375
3 0.64609375 0.34140625 0.04765625 0.10078125
0 0.64375 0.43046875 0.0546875 0.0390625
3 0.7125 0.14921875 0.01796875 0.04296875
3 0.746875 0.18046875 0.0234375 0.05390625
3 0.77734375 0.20390625 0.02421875 0.05
3 0.8125 0.196875 0.02109375 0.05546875
3 0.7984375 0.17421875 0.02421875 0.0546875
3 0.89765625 0.190625 0.02578125 0.0515625
3 0.84375 0.26796875 0.02890625 0.06875
0 0.85 0.33828125 0.03515625 0.03125
6 0.909375 0.29765625 0.0390625 0.0734375
3 0.975 0.28359375 0.03046875 0.06640625
1 0.9625 0.29375 0.05625 0.08984375