10 0.06953125 0.2484375 0.08828125 0.13125
10 0.134375 0.14296875 0.0546875 0.08046875
10 0.09140625 0.1640625 0.05546875 0.1109375
10 0.38359375 0.13828125 0.0484375 0.06875
10 0.328125 0.14375 0.0390625 0.10390625
10 0.3078125 0.178125 0.03828125 0.09921875
10 0.3484375 0.2484375 0.04609375 0.13203125
1 0.396875 0.22734375 0.06171875 0.08828125
10 0.421875 0.15703125 0.06015625 0.0859375
10 0.47265625 0.21875 0.046875 0.11484375
10 0.446875 0.26796875 0.0734375 0.1140625
10 0.52578125 0.25625 0.06953125 0.13984375
10 0.56953125 0.20546875 0.04765625 0.08359375
10 0.646875 0.228125 0.05703125 0.11328125
10 0.59765625 0.28046875 0.05625 0.09609375
10 0.63515625 0.36875 0.09921875 0.1640625
10 0.54375 0.36484375 0.09609375 0.16484375
10 0.446875 0.34609375 0.0890625 0.18671875
1 0.26328125 0.36015625 0.12421875 0.14453125
10 0.31328125 0.29375 0.08828125 0.16875
10 0.14375 0.34296875 0.12734375 0.171875
10 0.21484375 0.3046875 0.0671875 0.13671875
10 0.28515625 0.20390625 0.046875 0.096875
10 0.2578125 0.23984375 0.06484375 0.14609375
1 0.709375 0.17890625 0.0390625 0.05546875
10 0.72890625 0.19140625 0.05390625 0.09140625
10 0.79140625 0.18203125 0.04296875 0.08125
10 0.76328125 0.21875 0.05859375 0.1
10 0.81875 0.21796875 0.05078125 0.09140625
10 0.88515625 0.1921875 0.04140625 0.09140625
10 0.834375 0.29375 0.07578125 0.12890625
10 0.90546875 0.34140625 0.08515625 0.15703125
10 0.9625 0.3796875 0.075 0.19375
10 0.0328125 0.15625 0.05546875 0.07890625
10 0.55078125 0.16171875 0.046875 0.0953125
3 0.06328125 0.22265625 0.03203125 0.06953125
9 0.0328125 0.14921875 0.03046875 0.05546875
3 0.125 0.13046875 0.0234375 0.05546875
9 0.3296875 0.11953125 0.02578125 0.05390625
3 0.3875 0.13046875 0.02109375 0.0515625
6 0.284375 0.18671875 0.0265625 0.05546875
6 0.24375 0.19921875 0.03515625 0.06953125
6 0.303125 0.15546875 0.02421875 0.05546875
6 0.33828125 0.21328125 0.02734375 0.0640625
3 0.42421875 0.146875 0.0234375 0.05546875
6 0.45625 0.11875 0.0203125 0.0453125
6 0.475 0.140625 0.02265625 0.04921875
6 0.4703125 0.19140625 0.02734375 0.05625
3 0.38828125 0.21875 0.03203125 0.06484375
6 0.5171875 0.16484375 0.02421875 0.05390625
10 0.5203125 0.1890625 0.04921875 0.1
6 0.54453125 0.140625 0.025 0.04921875
6 0.56953125 0.190625 0.02421875 0.04921875
6 0.646875 0.20546875 0.02890625 0.06328125
3 0.60859375 0.26953125 0.03359375 0.07421875
3 0.5234375 0.23046875 0.03125 0.0765625
6 0.44296875 0.24375 0.0296875 0.0609375
3 0.215625 0.28046875 0.0390625 0.08671875
6 0.32265625 0.25546875 0.03828125 0.0859375
3 0.2421875 0.34375 0.04921875 0.1
6 0.1484375 0.30625 0.04765625 0.09921875
2 0.39765625 0.43125 0.06015625 0.03203125
2 0.51328125 0.44375 0.03828125 0.03515625
9 0.5640625 0.33203125 0.04375 0.09609375
3 0.625 0.34140625 0.0453125 0.0953125
3 0.7171875 0.16953125 0.01953125 0.03984375
3 0.73671875 0.16953125 0.02109375 0.0515625
3 0.7875 0.171875 0.02421875 0.053125
3 0.76328125 0.19296875 0.021875 0.053125
3 0.825 0.20234375 0.02421875 0.053125
3 0.8921875 0.16875 0.02578125 0.05078125
6 0.8671875 0.22890625 0.02578125 0.05390625
10 0.86875 0.24921875 0.03828125 0.09375
6 0.840625 0.2640625 0.02734375 0.06015625
6 0.91328125 0.3015625 0.03828125 0.0734375
3 0.98671875 0.28125 0.0265625 0.071875
1 0.96953125 0.2984375 0.06015625 0.09609375
9 0.0796875 0.140625 0.0296875 0.065625
6 0.44296875 0.29921875 0.03828125 0.08359375