6 0.1859375 0.58671875 0.0625 0.10546875
5 0.13828125 0.76484375 0.0375 0.0296875
3 0.28828125 0.57421875 0.040625 0.08125
0 0.27890625 0.63828125 0.03359375 0.04296875
6 0.3296875 0.56875 0.05078125 0.11875
5 0.29453125 0.76328125 0.040625 0.04453125
3 0.3953125 0.5609375 0.05 0.09453125
0 0.390625 0.64453125 0.0359375 0.05546875
6 0.5734375 0.559375 0.03828125 0.0890625
3 0.59609375 0.61875 0.0546875 0.12578125
0 0.59296875 0.76796875 0.07421875 0.0796875
3 0.71953125 0.5765625 0.05390625 0.12421875
0 0.72265625 0.690625 0.04921875 0.0484375
3 0.7609375 0.56875 0.04375 0.09296875
9 0.8390625 0.61875 0.06875 0.1203125
2 0.91015625 0.80546875 0.14375 0.059375
1 0.2828125 0.60546875 0.07109375 0.12890625
1 0.41015625 0.59921875 0.08359375 0.1546875
10 0.18515625 0.64921875 0.1375 0.23046875
10 0.3328125 0.64453125 0.11953125 0.2546875
10 0.55859375 0.59609375 0.07578125 0.15390625
10 0.59453125 0.6734375 0.13671875 0.2390625
10 0.7296875 0.65234375 0.13671875 0.26953125
10 0.771875 0.60625 0.0640625 0.1546875
10 0.85625 0.6734375 0.13828125 0.22578125