10 0.06953125 0.24921875 0.08984375 0.1296875
10 0.05703125 0.18828125 0.07890625 0.10078125
10 0.13671875 0.14609375 0.05078125 0.07109375
10 0.334375 0.14375 0.04765625 0.08828125
10 0.30703125 0.17890625 0.040625 0.08984375
10 0.3796875 0.14140625 0.04296875 0.0640625
10 0.41953125 0.15625 0.05390625 0.08203125
10 0.478125 0.16171875 0.03671875 0.10546875
10 0.47578125 0.2203125 0.05546875 0.12578125
10 0.52421875 0.18125 0.0484375 0.10625
10 0.55546875 0.1453125 0.03359375 0.07421875
10 0.56953125 0.2078125 0.04921875 0.07109375
10 0.63203125 0.2296875 0.05546875 0.10546875
10 0.6453125 0.3703125 0.13828125 0.178125
10 0.60390625 0.33125 0.06640625 0.1265625
1 0.596875 0.2890625 0.065625 0.0984375
10 0.53828125 0.35546875 0.09453125 0.17578125
10 0.44453125 0.34921875 0.10078125 0.18515625
1 0.44765625 0.26875 0.07265625 0.12578125
1 0.39765625 0.2265625 0.06015625 0.08984375
10 0.32578125 0.3109375 0.07421875 0.15546875
10 0.34296875 0.25 0.04765625 0.13125
10 0.2703125 0.24296875 0.07109375 0.1265625
10 0.2734375 0.346875 0.1125 0.16875
10 0.215625 0.30546875 0.07890625 0.14609375
10 0.16328125 0.3359375 0.09765625 0.18046875
1 0.71015625 0.178125 0.0375 0.06015625
1 0.73203125 0.19296875 0.06015625 0.0765625
10 0.76484375 0.21875 0.0484375 0.09609375
10 0.809375 0.21796875 0.04296875 0.08828125
1 0.88828125 0.1984375 0.053125 0.06953125
10 0.83671875 0.29375 0.0703125 0.121875
10 0.8984375 0.33359375 0.07578125 0.159375
10 0.96015625 0.36875 0.07890625 0.20390625
3 0.0625 0.2234375 0.03828125 0.07890625
3 0.0546875 0.16953125 0.03359375 0.0609375
1 0.09140625 0.16796875 0.059375 0.1046875
3 0.0765625 0.1484375 0.02734375 0.06875
3 0.12578125 0.14296875 0.02578125 0.05859375
6 0.340625 0.12890625 0.02109375 0.0515625
3 0.3 0.16640625 0.02578125 0.0609375
3 0.37578125 0.134375 0.02109375 0.05
3 0.421875 0.14375 0.0234375 0.05625
3 0.390625 0.21484375 0.0296875 0.06484375
3 0.31015625 0.28046875 0.03828125 0.0890625
3 0.196875 0.28046875 0.03984375 0.090625
3 0.27421875 0.31171875 0.0421875 0.09609375
2 0.2609375 0.42421875 0.06796875 0.03046875
6 0.159375 0.29453125 0.04609375 0.09609375
6 0.28671875 0.21875 0.0328125 0.06875
6 0.334375 0.21953125 0.02890625 0.06953125
6 0.45390625 0.296875 0.03984375 0.08125
6 0.44453125 0.24453125 0.03359375 0.07578125
6 0.54453125 0.31640625 0.04140625 0.09453125
3 0.4640625 0.19375 0.028125 0.06640625
3 0.5265625 0.26328125 0.03125 0.08125
1 0.51953125 0.278125 0.04453125 0.10546875
6 0.47265625 0.134375 0.021875 0.04375
6 0.44453125 0.1140625 0.01875 0.04921875
10 0.44453125 0.13125 0.03203125 0.0859375
6 0.5234375 0.15625 0.02421875 0.05625
3 0.559375 0.134375 0.02109375 0.0484375
3 0.5734375 0.20390625 0.02265625 0.0546875
3 0.61328125 0.27578125 0.03203125 0.06875
3 0.62265625 0.31171875 0.03203125 0.08125
3 0.65 0.33671875 0.0453125 0.1046875
2 0.515625 0.44296875 0.0390625 0.0359375
0 0.65390625 0.43125 0.053125 0.04296875
6 0.62890625 0.20546875 0.02578125 0.059375
3 0.7171875 0.16953125 0.01875 0.04375
3 0.7453125 0.18359375 0.02421875 0.05390625
9 0.77265625 0.19453125 0.02265625 0.053125
9 0.80625 0.2046875 0.02421875 0.05
3 0.896875 0.19375 0.0265625 0.05390625
3 0.8515625 0.2734375 0.03046875 0.06875
7 0.83984375 0.340625 0.0390625 0.025
6 0.90625 0.29296875 0.03671875 0.0734375
6 0.98046875 0.31328125 0.0390625 0.08671875
2 0.89453125 0.41640625 0.03359375 0.025
2 0.97890625 0.46875 0.03984375 0.03125