10 0.06875 0.23671875 0.08671875 0.13125
10 0.0921875 0.165625 0.05390625 0.11484375
10 0.13515625 0.14375 0.05546875 0.0796875
10 0.38125 0.13984375 0.04296875 0.06328125
10 0.3046875 0.175 0.03828125 0.09453125
10 0.253125 0.25390625 0.0640625 0.11328125
10 0.3390625 0.24765625 0.05 0.13828125
10 0.2828125 0.34375 0.10546875 0.1796875
10 0.165625 0.3359375 0.0984375 0.18359375
10 0.4234375 0.15546875 0.04921875 0.08359375
10 0.4 0.21640625 0.0546875 0.1046875
10 0.45234375 0.259375 0.08046875 0.1359375
10 0.44375 0.34765625 0.10234375 0.19375
2 0.51484375 0.44296875 0.03984375 0.03828125
10 0.56875 0.20390625 0.04453125 0.0765625
10 0.52421875 0.26328125 0.0703125 0.14453125
10 0.5390625 0.359375 0.09453125 0.17421875
10 0.63125 0.228125 0.0578125 0.109375
10 0.63515625 0.37421875 0.09765625 0.15546875
1 0.7109375 0.178125 0.0375 0.05390625
1 0.7296875 0.19375 0.05625 0.0734375
1 0.79375 0.1875 0.0453125 0.075
10 0.76171875 0.21796875 0.0515625 0.09140625
10 0.81640625 0.21875 0.05546875 0.09296875
10 0.88515625 0.18671875 0.04375 0.09453125
10 0.84140625 0.29375 0.06171875 0.12421875
10 0.90390625 0.3390625 0.08359375 0.16328125
10 0.9609375 0.3671875 0.078125 0.2140625
10 0.55078125 0.16015625 0.03828125 0.09453125
10 0.33125 0.14296875 0.04296875 0.08984375
10 0.478125 0.22421875 0.0484375 0.11875
1 0.21328125 0.309375 0.0625 0.1359375
10 0.51953125 0.184375 0.05078125 0.1
10 0.325 0.30625 0.0859375 0.15859375
6 0.01484375 0.23984375 0.02890625 0.07578125
10 0.0296875 0.28125 0.05859375 0.16328125
6 0.0578125 0.20546875 0.03359375 0.06484375
3 0.053125 0.1578125 0.03359375 0.06171875
9 0.07890625 0.14140625 0.028125 0.065625
3 0.12890625 0.1328125 0.02421875 0.05859375
6 0.3296875 0.12890625 0.02265625 0.0515625
3 0.378125 0.13203125 0.0203125 0.0484375
3 0.4234375 0.14375 0.02421875 0.05703125
6 0.459375 0.115625 0.0203125 0.04296875
6 0.48203125 0.14296875 0.02109375 0.0515625
10 0.4890625 0.1609375 0.03515625 0.09453125
6 0.4 0.19296875 0.02734375 0.06015625
6 0.30078125 0.15546875 0.02578125 0.05546875
3 0.27265625 0.19296875 0.02734375 0.06328125
3 0.26015625 0.234375 0.03515625 0.075
6 0.33359375 0.2125 0.02890625 0.05859375
3 0.30390625 0.26953125 0.03984375 0.08828125
6 0.27578125 0.3015625 0.04453125 0.0859375
3 0.203125 0.28984375 0.03671875 0.08671875
6 0.15703125 0.2921875 0.04296875 0.0953125
6 0.43203125 0.296875 0.04375 0.0859375
3 0.540625 0.3234375 0.04140625 0.0984375
3 0.63203125 0.34375 0.04609375 0.09375
6 0.63203125 0.20703125 0.02734375 0.0640625
3 0.5265625 0.23125 0.03125 0.07890625
1 0.46640625 0.19453125 0.02578125 0.065625
3 0.440625 0.2328125 0.0328125 0.0765625
6 0.51953125 0.16640625 0.025 0.05703125
6 0.55390625 0.1390625 0.02265625 0.04921875
6 0.56875 0.190625 0.0234375 0.05
3 0.71640625 0.17109375 0.01796875 0.040625
3 0.74375 0.1875 0.02421875 0.0546875
3 0.796875 0.18046875 0.0265625 0.0546875
3 0.765625 0.19609375 0.0234375 0.053125
3 0.8921875 0.17109375 0.025 0.05078125
6 0.82265625 0.20078125 0.02421875 0.04921875
6 0.84453125 0.26171875 0.02578125 0.05625
6 0.92109375 0.29765625 0.03984375 0.08046875