3 0.12265625 0.5109375 0.0625 0.11953125
7 0.09609375 0.61796875 0.1171875 0.071875
3 0.2546875 0.528125 0.05390625 0.10703125
0 0.23984375 0.6390625 0.0578125 0.06328125
9 0.38046875 0.490625 0.05859375 0.11953125
0 0.32890625 0.66484375 0.03515625 0.03359375
6 0.43203125 0.4765625 0.0375 0.08046875
6 0.6171875 0.484375 0.04140625 0.08046875
9 0.709375 0.509375 0.0375 0.0734375
6 0.78828125 0.50859375 0.0375 0.07421875
6 0.75703125 0.546875 0.05 0.10625
2 0.7453125 0.71953125 0.08984375 0.0515625
10 0.146875 0.55234375 0.12734375 0.18828125
10 0.26640625 0.56875 0.11171875 0.18359375
10 0.39765625 0.55546875 0.14140625 0.2484375
10 0.446875 0.52421875 0.071875 0.15546875
10 0.6 0.53203125 0.1046875 0.16171875
10 0.69453125 0.5453125 0.08671875 0.14609375
10 0.7421875 0.609375 0.13671875 0.23671875
10 0.7984375 0.55390625 0.07109375 0.165625