6 0.19296875 0.59375 0.0640625 0.11484375
5 0.140625 0.76640625 0.0390625 0.03359375
3 0.28828125 0.5796875 0.04296875 0.08515625
6 0.33828125 0.56875 0.05859375 0.11484375
6 0.40078125 0.53359375 0.046875 0.08515625
3 0.56953125 0.58046875 0.0375 0.08359375
3 0.60078125 0.6015625 0.05703125 0.13125
0 0.5828125 0.77578125 0.05 0.06875
3 0.7640625 0.56640625 0.0375 0.06640625
6 0.8046875 0.56953125 0.05859375 0.11640625
3 0.9671875 0.6359375 0.05625 0.14453125
10 0.18984375 0.6515625 0.1328125 0.2265625
10 0.290625 0.59609375 0.065625 0.12578125
10 0.34140625 0.64296875 0.13359375 0.25625
10 0.41171875 0.58671875 0.08828125 0.1796875
10 0.5953125 0.67265625 0.1390625 0.24375
10 0.796875 0.65703125 0.1421875 0.27890625
10 0.94140625 0.69296875 0.11640625 0.2234375
1 0.55625 0.60625 0.0796875 0.13203125
1 0.74609375 0.61015625 0.08671875 0.14453125