3 0.17578125 0.6296875 0.06640625 0.11875
5 0.14140625 0.8046875 0.04296875 0.03515625
3 0.3171875 0.59375 0.03671875 0.06640625
3 0.31640625 0.65546875 0.05234375 0.11484375
2 0.2734375 0.77890625 0.08828125 0.05390625
3 0.39375 0.61875 0.0453125 0.08046875
7 0.4 0.70390625 0.0625 0.0484375
6 0.55546875 0.55546875 0.0359375 0.071875
9 0.6046875 0.63046875 0.05703125 0.109375
5 0.59765625 0.81875 0.03046875 0.03671875
3 0.66328125 0.59296875 0.04296875 0.0890625
0 0.6671875 0.69140625 0.04921875 0.04296875
3 0.78203125 0.61875 0.053125 0.13359375
0 0.80078125 0.78046875 0.05 0.05703125
3 0.921875 0.64609375 0.0609375 0.11953125
2 0.9640625 0.81640625 0.06875 0.06328125
10 0.178125 0.68671875 0.1359375 0.234375
10 0.32734375 0.70625 0.11953125 0.20859375
10 0.32578125 0.60625 0.08046875 0.09375
10 0.41484375 0.65390625 0.09453125 0.14609375
10 0.54453125 0.621875 0.07734375 0.2109375
10 0.59765625 0.69921875 0.128125 0.221875
10 0.67109375 0.6296875 0.0796875 0.1703125
10 0.7875 0.68046875 0.1265625 0.24296875
10 0.93671875 0.703125 0.1265625 0.21953125