3 0.06328125 0.60546875 0.07109375 0.1109375
3 0.184375 0.5890625 0.059375 0.1109375
2 0.1390625 0.7703125 0.0875 0.05546875
3 0.296875 0.54140625 0.040625 0.090625
7 0.27890625 0.64375 0.065625 0.05390625
3 0.478125 0.528125 0.0453125 0.08515625
6 0.40703125 0.54375 0.05234375 0.109375
7 0.38515625 0.7359375 0.071875 0.071875
3 0.6671875 0.54296875 0.05625 0.13671875
6 0.73828125 0.46875 0.04765625 0.078125
6 0.8140625 0.5109375 0.075 0.14453125
3 0.9703125 0.4984375 0.05625 0.13359375
0 0.840625 0.69296875 0.0703125 0.06640625
0 0.47578125 0.61640625 0.04375 0.04453125
10 0.08828125 0.6578125 0.115625 0.2140625
10 0.2 0.6484375 0.11328125 0.2234375
10 0.303125 0.58203125 0.10234375 0.1546875
10 0.41640625 0.621875 0.13046875 0.2515625
10 0.48984375 0.5625 0.0953125 0.146875
10 0.66953125 0.60625 0.13125 0.2609375
10 0.74140625 0.52421875 0.0875 0.19140625
10 0.81328125 0.58828125 0.159375 0.2859375
10 0.84453125 0.49296875 0.0875 0.16015625
10 0.946875 0.5828125 0.10625 0.26171875