8 0.11640625 0.75625 0.06640625 0.11484375
5 0.05703125 0.83046875 0.03046875 0.04296875
3 0.22890625 0.60546875 0.05 0.08125
0 0.2125 0.68046875 0.0359375 0.03671875
3 0.34765625 0.6015625 0.05078125 0.0890625
0 0.33828125 0.684375 0.034375 0.05625
8 0.24453125 0.740625 0.0625 0.1109375
3 0.525 0.6265625 0.04375 0.08671875
5 0.528125 0.69375 0.0296875 0.03671875
3 0.628125 0.61875 0.0453125 0.08125
7 0.62109375 0.70078125 0.0578125 0.05
6 0.75390625 0.59453125 0.05625 0.10625
5 0.7515625 0.82265625 0.02890625 0.0546875
6 0.875 0.621875 0.0484375 0.10625
2 0.93984375 0.84296875 0.1203125 0.06328125
1 0.109375 0.73046875 0.16171875 0.19140625
1 0.2578125 0.74453125 0.14765625 0.2046875
10 0.2328125 0.63046875 0.09921875 0.13359375
10 0.3546875 0.63828125 0.09375 0.15546875
10 0.51875 0.64609375 0.1078125 0.13046875
10 0.63125 0.646875 0.10859375 0.13125
10 0.73671875 0.69140625 0.1796875 0.2796875
10 0.8765625 0.7015625 0.11875 0.25390625