10 0.06875 0.24296875 0.08515625 0.13046875
10 0.03125 0.15546875 0.05390625 0.07890625
10 0.0890625 0.16640625 0.059375 0.11484375
10 0.13515625 0.14296875 0.05546875 0.0859375
10 0.33515625 0.146875 0.04921875 0.09453125
10 0.3796875 0.13515625 0.04453125 0.08125
10 0.30703125 0.175 0.03828125 0.09453125
10 0.26328125 0.25625 0.065625 0.1265625
10 0.34140625 0.25234375 0.06015625 0.14140625
10 0.315625 0.31328125 0.0859375 0.1359375
1 0.26328125 0.36875 0.13046875 0.13125
10 0.21328125 0.3015625 0.08125 0.14609375
10 0.140625 0.34140625 0.13046875 0.18671875
10 0.41875 0.15546875 0.05625 0.08515625
10 0.45078125 0.13125 0.03046875 0.08203125
10 0.475 0.21796875 0.04140625 0.115625
10 0.396875 0.21953125 0.06171875 0.09375
10 0.44453125 0.2640625 0.07265625 0.1359375
10 0.46875 0.36171875 0.11171875 0.15546875
2 0.3984375 0.43125 0.0625 0.034375
2 0.51484375 0.44296875 0.03984375 0.03828125
10 0.521875 0.1859375 0.0484375 0.10546875
10 0.56953125 0.20390625 0.05 0.084375
10 0.521875 0.25625 0.05703125 0.13984375
10 0.54453125 0.346875 0.09296875 0.19453125
10 0.646875 0.23046875 0.06015625 0.11796875
10 0.59765625 0.28046875 0.0625 0.1
10 0.6375 0.371875 0.10078125 0.14375
1 0.709375 0.17890625 0.0390625 0.05859375
1 0.73359375 0.19375 0.05859375 0.0796875
10 0.79375 0.18046875 0.03984375 0.078125
10 0.76484375 0.21796875 0.05390625 0.096875
10 0.81640625 0.21875 0.05546875 0.09609375
10 0.88515625 0.18984375 0.04375 0.090625
10 0.865625 0.24609375 0.03984375 0.09375
10 0.8359375 0.29375 0.06484375 0.128125
10 0.89453125 0.29375 0.053125 0.109375
10 0.90625 0.34375 0.0859375 0.15390625
10 0.9625 0.38125 0.075 0.19140625
3 0.06328125 0.22734375 0.03203125 0.0734375
9 0.0375 0.14375 0.0296875 0.059375
9 0.08125 0.14296875 0.028125 0.06328125
3 0.12890625 0.13046875 0.028125 0.05546875
6 0.3375 0.13046875 0.0234375 0.05390625
9 0.36953125 0.1265625 0.02109375 0.0515625
6 0.27890625 0.18125 0.02578125 0.0546875
6 0.3015625 0.15703125 0.02578125 0.05546875
6 0.3390625 0.2109375 0.03203125 0.05625
3 0.27265625 0.23125 0.03671875 0.08046875
3 0.31796875 0.3015625 0.03984375 0.08828125
3 0.3921875 0.21171875 0.03203125 0.06953125
3 0.421875 0.14296875 0.02109375 0.05859375
3 0.525 0.23046875 0.03359375 0.08125
3 0.25 0.3515625 0.05078125 0.09921875
3 0.21328125 0.2734375 0.040625 0.09375
6 0.13828125 0.29453125 0.05546875 0.0953125
3 0.45 0.23828125 0.03359375 0.075
6 0.4703125 0.19296875 0.03046875 0.06015625
6 0.47265625 0.13125 0.02421875 0.0453125
6 0.45078125 0.11796875 0.021875 0.05078125
6 0.51875 0.1609375 0.02421875 0.05546875
6 0.5375 0.1359375 0.0203125 0.04375
10 0.54296875 0.15390625 0.0328125 0.0796875
10 0.571875 0.190625 0.0234375 0.053125
10 0.6515625 0.20625 0.02890625 0.06796875
3 0.61171875 0.26875 0.03515625 0.07578125
3 0.640625 0.35 0.04765625 0.09453125
6 0.55 0.30546875 0.04453125 0.1
9 0.49609375 0.33515625 0.05703125 0.09453125
3 0.71640625 0.16953125 0.01953125 0.04375
3 0.746875 0.18125 0.02578125 0.0546875
6 0.76953125 0.19375 0.02421875 0.05
3 0.79765625 0.16796875 0.02578125 0.05078125
3 0.8234375 0.20234375 0.02421875 0.0546875
3 0.89375 0.16796875 0.025 0.05078125
3 0.86328125 0.23125 0.02734375 0.05625
6 0.83828125 0.26640625 0.02890625 0.0640625
6 0.9171875 0.30625 0.04296875 0.08203125
3 0.9859375 0.28359375 0.028125 0.06953125
1 0.96953125 0.30390625 0.06015625 0.10703125