10 0.06953125 0.2484375 0.0875 0.13125
10 0.13515625 0.14296875 0.05546875 0.08046875
10 0.0921875 0.165625 0.05546875 0.1109375
10 0.38203125 0.13359375 0.04453125 0.07421875
10 0.3328125 0.14375 0.04453125 0.09140625
10 0.3046875 0.17734375 0.04375 0.096875
10 0.34140625 0.2515625 0.05859375 0.13828125
1 0.396875 0.2265625 0.06328125 0.08671875
10 0.41875 0.15546875 0.05546875 0.08359375
10 0.47265625 0.21875 0.046875 0.11484375
10 0.45078125 0.265625 0.084375 0.140625
10 0.528125 0.25625 0.0703125 0.13671875
10 0.56953125 0.20546875 0.04765625 0.08359375
10 0.64453125 0.228125 0.05859375 0.11015625
10 0.59765625 0.28125 0.06015625 0.10078125
10 0.64453125 0.36640625 0.08828125 0.17109375
10 0.56015625 0.36796875 0.10546875 0.1546875
10 0.44453125 0.346875 0.09296875 0.18125
1 0.26484375 0.365625 0.1234375 0.1359375
10 0.31796875 0.3140625 0.08515625 0.13828125
10 0.14296875 0.33671875 0.1296875 0.18125
10 0.21484375 0.30390625 0.0671875 0.13671875
10 0.265625 0.24375 0.0671875 0.13515625
1 0.70703125 0.17578125 0.03828125 0.05625
1 0.73359375 0.19296875 0.05703125 0.08203125
10 0.7921875 0.18125 0.04296875 0.07578125
10 0.76328125 0.21796875 0.053125 0.09140625
10 0.81640625 0.21875 0.05546875 0.090625
10 0.88515625 0.1890625 0.04296875 0.08515625
10 0.83515625 0.29296875 0.06328125 0.125
1 0.909375 0.35546875 0.0828125 0.12890625
10 0.9625 0.38046875 0.075 0.1984375
10 0.0328125 0.15546875 0.05546875 0.0796875
10 0.5421875 0.14453125 0.03828125 0.0890625
2 0.3984375 0.43125 0.06015625 0.03046875
2 0.51328125 0.44296875 0.0375 0.03203125
10 0.51875 0.1828125 0.04609375 0.09921875
10 0.86640625 0.24453125 0.04140625 0.09921875
3 0.06328125 0.22421875 0.03203125 0.06875
9 0.0375 0.146875 0.02734375 0.05625
9 0.07890625 0.14140625 0.03046875 0.06015625
3 0.128125 0.13203125 0.0265625 0.05546875
6 0.32578125 0.13046875 0.021875 0.05
6 0.3015625 0.15546875 0.02578125 0.05390625
6 0.26953125 0.20703125 0.03359375 0.06484375
6 0.33984375 0.21015625 0.0296875 0.05546875
3 0.38984375 0.21796875 0.03203125 0.06953125
9 0.38203125 0.1203125 0.02265625 0.04609375
3 0.41953125 0.14375 0.025 0.05703125
6 0.4765625 0.13671875 0.02265625 0.04375
6 0.46953125 0.19296875 0.02734375 0.05703125
6 0.44453125 0.23125 0.03203125 0.06953125
6 0.5171875 0.165625 0.02421875 0.05390625
6 0.5328125 0.14140625 0.01953125 0.04921875
6 0.571875 0.1859375 0.0234375 0.04375
6 0.64453125 0.2046875 0.02734375 0.06328125
3 0.609375 0.2703125 0.03515625 0.07578125
6 0.5234375 0.2296875 0.03046875 0.07421875
3 0.21640625 0.28046875 0.03984375 0.0890625
3 0.31953125 0.29609375 0.04296875 0.08828125
6 0.159375 0.2984375 0.0421875 0.10546875
3 0.25390625 0.34765625 0.04921875 0.09375
6 0.45078125 0.29609375 0.03984375 0.08046875
3 0.5890625 0.346875 0.04921875 0.10546875
3 0.6359375 0.33046875 0.04765625 0.1
5 0.60234375 0.45078125 0.0265625 0.025
3 0.71640625 0.17109375 0.01953125 0.04375
3 0.746875 0.17890625 0.02578125 0.053125
3 0.78671875 0.16875 0.02421875 0.05390625
6 0.76953125 0.19609375 0.02265625 0.04375
6 0.8234375 0.20078125 0.025 0.05
6 0.86796875 0.228125 0.02890625 0.053125
3 0.89296875 0.16875 0.0265625 0.05078125
6 0.8375 0.2640625 0.0296875 0.06171875
3 0.903125 0.27421875 0.0390625 0.06875
10 0.89453125 0.2921875 0.05546875 0.10859375
3 0.93046875 0.33046875 0.03984375 0.08125