10 0.071875 0.253125 0.0890625 0.128125
10 0.05703125 0.18671875 0.078125 0.10625
10 0.13671875 0.1484375 0.0515625 0.0703125
10 0.33671875 0.14375 0.05234375 0.09453125
10 0.3796875 0.14296875 0.040625 0.065625
10 0.41953125 0.15625 0.05390625 0.08203125
10 0.47578125 0.21953125 0.05546875 0.125
10 0.5234375 0.18125 0.04921875 0.11015625
10 0.55546875 0.14375 0.0359375 0.07578125
1 0.57421875 0.2171875 0.05078125 0.06015625
10 0.63125 0.22890625 0.05390625 0.10625
10 0.64609375 0.36875 0.13671875 0.17578125
10 0.603125 0.33046875 0.06953125 0.121875
1 0.596875 0.28671875 0.06484375 0.09453125
10 0.53828125 0.35546875 0.09453125 0.17578125
10 0.44609375 0.353125 0.10078125 0.1796875
10 0.44765625 0.26796875 0.075 0.13046875
1 0.39765625 0.22578125 0.06171875 0.08828125
10 0.325 0.30546875 0.0734375 0.15390625
10 0.34296875 0.253125 0.0453125 0.13359375
10 0.27578125 0.24296875 0.07578125 0.115625
10 0.275 0.34453125 0.10859375 0.16953125
10 0.21484375 0.30625 0.07890625 0.14921875
10 0.16328125 0.33515625 0.09765625 0.18125
1 0.71015625 0.1796875 0.0375 0.05703125
1 0.73203125 0.19375 0.06015625 0.07421875
10 0.76484375 0.21875 0.0484375 0.09609375
10 0.809375 0.21875 0.04453125 0.08671875
1 0.8875 0.20078125 0.05390625 0.075
10 0.83828125 0.296875 0.06953125 0.11953125
10 0.9 0.3359375 0.0796875 0.15625
10 0.96015625 0.36796875 0.07890625 0.2046875
1 0.0921875 0.16796875 0.059375 0.1046875
2 0.515625 0.44375 0.03828125 0.03515625
2 0.25703125 0.41875 0.07421875 0.0296875
3 0.0625 0.2265625 0.0359375 0.07578125
3 0.053125 0.16875 0.03203125 0.06640625
3 0.0765625 0.1453125 0.028125 0.06484375
3 0.12578125 0.14296875 0.02421875 0.05625
6 0.3375 0.125 0.02421875 0.05546875
6 0.33515625 0.22109375 0.02890625 0.06953125
6 0.29453125 0.2234375 0.03515625 0.0703125
6 0.28125 0.1859375 0.02578125 0.05703125
3 0.3 0.1671875 0.0265625 0.06171875
3 0.37578125 0.1328125 0.02109375 0.05078125
3 0.42265625 0.14453125 0.02265625 0.059375
3 0.309375 0.28125 0.03984375 0.09453125
3 0.19609375 0.28046875 0.03828125 0.09296875
3 0.2703125 0.315625 0.04296875 0.1
6 0.1609375 0.29453125 0.04921875 0.1
3 0.46328125 0.19375 0.02578125 0.07109375
3 0.39140625 0.215625 0.028125 0.065625
6 0.44375 0.11484375 0.0203125 0.05
6 0.46484375 0.13828125 0.0234375 0.05
10 0.44453125 0.134375 0.03046875 0.09375
10 0.47265625 0.15625 0.03828125 0.0953125
3 0.44375 0.24140625 0.03203125 0.07890625
6 0.5234375 0.159375 0.025 0.05546875
3 0.56015625 0.13046875 0.02109375 0.0484375
3 0.5796875 0.16875 0.02421875 0.05078125
1 0.56953125 0.1734375 0.05546875 0.06953125
3 0.58046875 0.21484375 0.02578125 0.0515625
3 0.5296875 0.265625 0.03203125 0.07890625
1 0.5234375 0.27578125 0.04609375 0.10546875
6 0.54453125 0.3171875 0.04140625 0.0953125
3 0.65078125 0.3359375 0.046875 0.10546875
3 0.62109375 0.3109375 0.0328125 0.08125
6 0.62890625 0.20546875 0.028125 0.06484375
3 0.61328125 0.278125 0.03359375 0.06640625
0 0.65546875 0.43125 0.05390625 0.04140625
3 0.71875 0.17265625 0.01875 0.04375
3 0.7453125 0.18359375 0.02421875 0.05546875
9 0.77265625 0.19375 0.02265625 0.0515625
9 0.80625 0.20390625 0.02578125 0.053125
3 0.89765625 0.19140625 0.028125 0.05390625
3 0.8546875 0.275 0.02890625 0.06875
7 0.84609375 0.34140625 0.0390625 0.03046875
6 0.90703125 0.29375 0.03828125 0.0734375
6 0.98046875 0.31328125 0.0390625 0.0953125
2 0.89453125 0.41640625 0.03359375 0.025
2 0.978125 0.46796875 0.0390625 0.03046875
3 0.45546875 0.30859375 0.0375 0.0890625