8 0.084375 0.734375 0.0671875 0.10546875
5 0.0453125 0.84609375 0.046875 0.03671875
6 0.23984375 0.65546875 0.0546875 0.0984375
6 0.2390625 0.578125 0.03984375 0.059375
2 0.1875 0.84140625 0.1171875 0.05
6 0.34765625 0.58125 0.0375 0.07421875
5 0.32421875 0.71171875 0.0171875 0.03125
2 0.35390625 0.71015625 0.034375 0.03125
6 0.4859375 0.57421875 0.03359375 0.08125
6 0.59453125 0.565625 0.04140625 0.08359375
5 0.61171875 0.70546875 0.0265625 0.02578125
3 0.5296875 0.68828125 0.05625 0.11875
0 0.53984375 0.803125 0.05546875 0.0609375
6 0.70390625 0.603125 0.05859375 0.1015625
5 0.6953125 0.81875 0.025 0.03671875
3 0.83828125 0.67421875 0.05859375 0.10703125
2 0.88515625 0.8234375 0.08515625 0.05703125
10 0.24140625 0.72265625 0.11796875 0.21796875
10 0.24453125 0.6265625 0.08359375 0.14375
10 0.34609375 0.62890625 0.0828125 0.15703125
10 0.48359375 0.6234375 0.1078125 0.16015625
10 0.53046875 0.73359375 0.13203125 0.19453125
10 0.5984375 0.6171875 0.07890625 0.1640625
10 0.7078125 0.684375 0.11953125 0.26171875
10 0.85625 0.721875 0.1265625 0.1859375
1 0.1078125 0.73671875 0.13984375 0.20390625