3 0.11953125 0.53359375 0.06171875 0.1109375
7 0.0875 0.64140625 0.1046875 0.0796875
3 0.25625 0.5265625 0.0578125 0.11328125
0 0.21640625 0.65546875 0.04140625 0.05390625
6 0.38828125 0.49375 0.05859375 0.10546875
0 0.32265625 0.66015625 0.04140625 0.06875
6 0.43203125 0.49296875 0.0375 0.08125
6 0.60390625 0.49296875 0.03984375 0.08125
6 0.66953125 0.50625 0.0375 0.07578125
6 0.7921875 0.5234375 0.04296875 0.08125
3 0.7359375 0.58125 0.0625 0.11484375
2 0.7359375 0.74140625 0.08828125 0.05703125
10 0.26171875 0.57734375 0.11484375 0.2046875
10 0.38515625 0.571875 0.15859375 0.25
10 0.44609375 0.53671875 0.06875 0.15625
10 0.5859375 0.540625 0.09453125 0.171875
10 0.67265625 0.553125 0.08515625 0.15625
10 0.79375 0.56953125 0.08046875 0.15859375
10 0.72734375 0.6375 0.134375 0.21171875
1 0.140625 0.571875 0.115625 0.1734375