9 0.15 0.59375 0.03671875 0.0796875
0 0.13203125 0.69609375 0.04609375 0.04375
3 0.23984375 0.590625 0.0453125 0.09296875
0 0.2171875 0.68671875 0.05 0.04453125
9 0.31015625 0.61875 0.04765625 0.08671875
5 0.29921875 0.71875 0.0390625 0.02578125
3 0.40078125 0.60546875 0.04140625 0.090625
7 0.38671875 0.709375 0.0859375 0.05546875
3 0.57421875 0.60390625 0.0390625 0.0890625
0 0.57578125 0.69375 0.05 0.05
3 0.6734375 0.58125 0.04140625 0.10390625
0 0.68203125 0.69375 0.05390625 0.0515625
3 0.7921875 0.59296875 0.04765625 0.09609375
0 0.79296875 0.6796875 0.0484375 0.040625
3 0.878125 0.65703125 0.071875 0.13671875
0 0.87890625 0.82421875 0.07421875 0.06875
10 0.15 0.63671875 0.1015625 0.14453125
10 0.2375 0.62890625 0.10390625 0.16875
10 0.325 0.64296875 0.06640625 0.125
10 0.39765625 0.64375 0.09765625 0.15546875
10 0.5734375 0.6390625 0.1078125 0.15078125
10 0.67421875 0.63203125 0.09453125 0.175
10 0.78359375 0.62890625 0.10234375 0.1546875
10 0.86796875 0.721875 0.19765625 0.25546875