3 0.17578125 0.61875 0.06796875 0.11953125
5 0.14140625 0.80390625 0.04140625 0.03671875
3 0.3171875 0.59375 0.03828125 0.06640625
3 0.31953125 0.65546875 0.05625 0.109375
2 0.27578125 0.78046875 0.09140625 0.0515625
3 0.3953125 0.61875 0.04453125 0.09296875
7 0.3984375 0.6984375 0.07109375 0.05546875
6 0.5578125 0.55546875 0.0375 0.08125
9 0.6046875 0.63515625 0.05859375 0.10546875
5 0.59765625 0.815625 0.02890625 0.04609375
3 0.66328125 0.590625 0.04140625 0.08515625
0 0.66953125 0.68984375 0.04609375 0.04609375
3 0.78515625 0.62109375 0.06015625 0.13046875
0 0.80078125 0.78046875 0.05 0.06328125
3 0.92578125 0.65 0.06640625 0.11875
2 0.96328125 0.81875 0.06640625 0.059375
10 0.18515625 0.68359375 0.13046875 0.23046875
10 0.32734375 0.70703125 0.1265625 0.19609375
10 0.328125 0.61875 0.0734375 0.11484375
10 0.41171875 0.6515625 0.0984375 0.1484375
10 0.546875 0.6046875 0.07578125 0.16328125
10 0.59765625 0.703125 0.12421875 0.23515625
10 0.6734375 0.63125 0.08828125 0.1546875
10 0.78984375 0.684375 0.13046875 0.26328125
10 0.93671875 0.7015625 0.1265625 0.21953125