8 0.08828125 0.73828125 0.06796875 0.12109375
5 0.04921875 0.84921875 0.05234375 0.04453125
6 0.2421875 0.653125 0.05390625 0.10546875
2 0.184375 0.84453125 0.1203125 0.059375
6 0.23828125 0.58046875 0.0375 0.06171875
6 0.34921875 0.578125 0.03671875 0.0765625
5 0.3265625 0.71328125 0.02109375 0.02578125
2 0.35390625 0.7109375 0.04140625 0.03046875
6 0.4859375 0.57421875 0.03828125 0.0703125
6 0.6 0.584375 0.04140625 0.0859375
5 0.61171875 0.70546875 0.0265625 0.03359375
3 0.52734375 0.6859375 0.0578125 0.10859375
0 0.53515625 0.809375 0.053125 0.06953125
6 0.7046875 0.60625 0.05 0.1
5 0.69921875 0.82109375 0.028125 0.04296875
3 0.84140625 0.678125 0.06484375 0.10390625
2 0.88671875 0.8296875 0.08984375 0.059375
1 0.1078125 0.740625 0.14140625 0.21328125
10 0.23515625 0.71796875 0.128125 0.22109375
10 0.246875 0.6265625 0.08203125 0.1359375
10 0.34609375 0.62890625 0.0828125 0.15546875
10 0.48203125 0.61953125 0.103125 0.15546875
10 0.5328125 0.73203125 0.13984375 0.1953125
10 0.60078125 0.62265625 0.07890625 0.1546875
10 0.709375 0.6921875 0.12265625 0.246875
10 0.85546875 0.71953125 0.12421875 0.18203125