3 0.16953125 0.628125 0.0625 0.121875
5 0.140625 0.8015625 0.0453125 0.040625
3 0.31953125 0.59375 0.04609375 0.05703125
3 0.31953125 0.66484375 0.06015625 0.11484375
2 0.275 0.78046875 0.0953125 0.05
3 0.39765625 0.625 0.04140625 0.09453125
7 0.4 0.70546875 0.0640625 0.0515625
6 0.5546875 0.55546875 0.0375 0.07421875
9 0.6046875 0.64140625 0.05703125 0.10625
5 0.59765625 0.81875 0.034375 0.03671875
3 0.6625 0.59296875 0.0421875 0.09609375
0 0.66953125 0.68828125 0.05234375 0.04453125
3 0.7828125 0.621875 0.05859375 0.13125
0 0.80078125 0.78046875 0.05078125 0.059375
3 0.92578125 0.6484375 0.06484375 0.11875
2 0.96484375 0.81484375 0.0703125 0.0609375
10 0.17734375 0.69296875 0.12578125 0.2140625
10 0.32421875 0.70625 0.1234375 0.18671875
10 0.3359375 0.61875 0.084375 0.10546875
10 0.4109375 0.65859375 0.103125 0.14609375
10 0.55078125 0.6078125 0.06953125 0.1734375
10 0.5984375 0.69921875 0.12421875 0.21875
10 0.671875 0.62578125 0.09296875 0.16875
10 0.784375 0.68203125 0.1296875 0.24375
10 0.9375 0.696875 0.125 0.21875