10 0.06640625 0.24296875 0.08984375 0.1203125
10 0.09609375 0.1640625 0.06015625 0.1015625
10 0.1375 0.153125 0.05 0.0734375
10 0.16015625 0.34375 0.09921875 0.16875
10 0.27734375 0.3546875 0.11640625 0.159375
1 0.20546875 0.31640625 0.0859375 0.12578125
1 0.315625 0.30859375 0.08515625 0.14453125
1 0.24765625 0.25546875 0.06953125 0.10546875
10 0.34296875 0.253125 0.0640625 0.14296875
10 0.30703125 0.18125 0.04375 0.08125
10 0.3984375 0.2109375 0.059375 0.10625
10 0.33671875 0.15234375 0.04296875 0.0859375
10 0.38125 0.1421875 0.0421875 0.065625
10 0.42421875 0.15625 0.0484375 0.084375
10 0.475 0.159375 0.0421875 0.10625
1 0.51328125 0.20078125 0.05078125 0.08125
10 0.62890625 0.228125 0.06015625 0.10625
1 0.571875 0.18046875 0.06328125 0.06640625
10 0.56875 0.20625 0.05078125 0.07421875
10 0.44453125 0.3484375 0.09296875 0.18359375
10 0.53515625 0.35625 0.08828125 0.17109375
10 0.646875 0.36875 0.13828125 0.171875
10 0.60703125 0.33125 0.07265625 0.13359375
10 0.52578125 0.2765625 0.06796875 0.103125
2 0.259375 0.4265625 0.06953125 0.03515625
2 0.51328125 0.44296875 0.0375 0.03203125
1 0.71015625 0.17734375 0.0375 0.053125
1 0.73203125 0.19296875 0.053125 0.078125
10 0.765625 0.21484375 0.0484375 0.0890625
10 0.81640625 0.21875 0.05234375 0.08671875
10 0.8765625 0.18984375 0.05625 0.0796875
10 0.83203125 0.303125 0.07734375 0.1234375
10 0.89375 0.35625 0.09296875 0.134375
10 0.959375 0.371875 0.08046875 0.19375
1 0.59765625 0.28671875 0.06640625 0.09453125
2 0.9796875 0.46875 0.040625 0.03359375
0 0.65390625 0.43125 0.053125 0.04140625
3 0.71640625 0.1734375 0.02109375 0.04453125
10 0.44453125 0.13125 0.03359375 0.08984375
3 0.0640625 0.22265625 0.03359375 0.08046875
3 0.08203125 0.14375 0.03046875 0.0609375
3 0.1296875 0.14375 0.02578125 0.05546875
3 0.14375 0.3109375 0.04609375 0.09453125
3 0.18203125 0.2984375 0.03828125 0.08046875
3 0.26796875 0.31796875 0.0453125 0.09375
3 0.26484375 0.24296875 0.0359375 0.0765625
3 0.303125 0.30546875 0.0390625 0.08515625
6 0.34296875 0.215625 0.0328125 0.0640625
3 0.3046875 0.1765625 0.02578125 0.059375
9 0.33125 0.1359375 0.02421875 0.05546875
3 0.3796875 0.13046875 0.02109375 0.05
9 0.40234375 0.19296875 0.0328125 0.0640625
3 0.4234375 0.14375 0.025 0.0609375
6 0.44140625 0.1109375 0.02109375 0.0453125
6 0.471875 0.13046875 0.02265625 0.0484375
6 0.46328125 0.190625 0.02734375 0.0609375
10 0.471875 0.21953125 0.0609375 0.1265625
6 0.45 0.30078125 0.0390625 0.08828125
3 0.51328125 0.18671875 0.02578125 0.05546875
3 0.52578125 0.2609375 0.03125 0.06953125
6 0.5328125 0.31796875 0.040625 0.09375
3 0.578125 0.16796875 0.028125 0.04921875
3 0.5453125 0.15078125 0.02109375 0.04921875
1 0.54375 0.15546875 0.03984375 0.06484375
3 0.56953125 0.203125 0.02421875 0.05390625
3 0.62265625 0.30546875 0.03359375 0.08125
6 0.62265625 0.20546875 0.028125 0.059375
3 0.653125 0.33125 0.05078125 0.1046875
3 0.74296875 0.18125 0.02421875 0.053125
3 0.765625 0.19296875 0.02265625 0.053125
3 0.79375 0.1859375 0.02578125 0.05546875
3 0.8234375 0.20546875 0.02421875 0.05390625
3 0.8875 0.1765625 0.02734375 0.05390625
3 0.85390625 0.27578125 0.02890625 0.06875
7 0.84375 0.33671875 0.0421875 0.03046875
3 0.9171875 0.33125 0.03984375 0.08046875
3 0.91015625 0.27578125 0.03984375 0.07421875
3 0.96875 0.27109375 0.0296875 0.06953125
10 0.95859375 0.29296875 0.0515625 0.10859375