3 0.18828125 0.60546875 0.0625 0.11484375
5 0.14140625 0.76171875 0.04140625 0.04453125
3 0.3171875 0.59375 0.059375 0.13515625
0 0.29140625 0.74453125 0.05859375 0.06640625
9 0.378125 0.5515625 0.0484375 0.09609375
0 0.38984375 0.64296875 0.0390625 0.0484375
3 0.59765625 0.61875 0.0625 0.128125
0 0.59453125 0.778125 0.06953125 0.06640625
6 0.74375 0.55546875 0.0578125 0.1109375
5 0.7453125 0.784375 0.04140625 0.04453125
6 0.86640625 0.571875 0.06171875 0.1109375
2 0.91015625 0.80703125 0.146875 0.06328125
1 0.55859375 0.6109375 0.08046875 0.13203125
10 0.18671875 0.6515625 0.13828125 0.22109375
10 0.31796875 0.659375 0.13359375 0.2484375
10 0.39609375 0.58828125 0.09140625 0.16875
10 0.59375 0.6765625 0.13984375 0.2390625
10 0.7453125 0.65078125 0.12734375 0.29140625
10 0.878125 0.6515625 0.1546875 0.2703125