8 0.08984375 0.78671875 0.0703125 0.11875
5 0.0453125 0.90078125 0.05 0.0390625
6 0.2484375 0.68359375 0.053125 0.10390625
2 0.19765625 0.89296875 0.12734375 0.06328125
6 0.24453125 0.625 0.0375 0.04453125
6 0.346875 0.6203125 0.040625 0.07421875
5 0.32578125 0.75625 0.02734375 0.028125
2 0.35703125 0.75703125 0.03515625 0.02578125
6 0.48046875 0.625 0.0390625 0.08125
6 0.59765625 0.60625 0.046875 0.07578125
5 0.6125 0.75078125 0.025 0.02421875
3 0.5234375 0.725 0.05625 0.11875
0 0.53359375 0.8515625 0.04296875 0.059375
6 0.69453125 0.65078125 0.05390625 0.11328125
5 0.69765625 0.86015625 0.03359375 0.03125
3 0.84140625 0.71796875 0.06015625 0.10546875
2 0.88828125 0.86640625 0.1 0.059375
1 0.11328125 0.78515625 0.15078125 0.20546875
10 0.25390625 0.75703125 0.12421875 0.228125
10 0.34765625 0.6734375 0.0828125 0.16171875
10 0.4875 0.671875 0.0703125 0.16171875
10 0.53046875 0.7734375 0.1359375 0.20546875
10 0.60078125 0.66484375 0.08125 0.16328125
10 0.70859375 0.73046875 0.12421875 0.25390625
10 0.85703125 0.75859375 0.12578125 0.18359375