6 0.21640625 0.5796875 0.05625 0.10703125
5 0.14140625 0.76640625 0.04296875 0.03671875
3 0.27578125 0.5703125 0.03515625 0.09296875
0 0.27578125 0.640625 0.0375 0.03671875
6 0.3171875 0.59296875 0.05625 0.13359375
0 0.29140625 0.7390625 0.05390625 0.0890625
3 0.39765625 0.55703125 0.04609375 0.09609375
0 0.39140625 0.64453125 0.03671875 0.0484375
3 0.56640625 0.58359375 0.03359375 0.07421875
3 0.60078125 0.61953125 0.05703125 0.12421875
0 0.59765625 0.76796875 0.06484375 0.08359375
6 0.740625 0.56875 0.0640625 0.11640625
3 0.86171875 0.640625 0.0765625 0.11875
2 0.91171875 0.80546875 0.14921875 0.059375
10 0.209375 0.646875 0.11953125 0.2296875
10 0.3171875 0.65625 0.14765625 0.24453125
10 0.59375 0.678125 0.14140625 0.23203125
10 0.7359375 0.65625 0.1390625 0.2796875
10 0.8578125 0.69140625 0.128125 0.203125
1 0.27890625 0.59921875 0.05234375 0.134375
1 0.40625 0.59609375 0.0921875 0.16640625
1 0.56015625 0.60625 0.096875 0.13359375
1 0.7875 0.609375 0.0546875 0.13359375