6 0.1859375 0.58515625 0.06328125 0.10546875
5 0.13828125 0.76640625 0.03359375 0.03671875
3 0.28828125 0.575 0.04140625 0.0796875
0 0.27578125 0.63125 0.03203125 0.03671875
6 0.3328125 0.56875 0.053125 0.10390625
5 0.29453125 0.76484375 0.03828125 0.040625
3 0.3984375 0.56328125 0.04609375 0.09296875
0 0.39375 0.64609375 0.0296875 0.0515625
6 0.5734375 0.5640625 0.03671875 0.08671875
3 0.596875 0.61875 0.0515625 0.13671875
0 0.59453125 0.7703125 0.07109375 0.0703125
3 0.71953125 0.575 0.053125 0.1203125
0 0.72578125 0.68515625 0.05625 0.05546875
3 0.76328125 0.559375 0.04140625 0.08515625
9 0.834375 0.6234375 0.0671875 0.13125
2 0.91015625 0.80625 0.14609375 0.0609375
1 0.28203125 0.60234375 0.075 0.1265625
1 0.4109375 0.596875 0.08046875 0.1640625
10 0.18359375 0.64921875 0.13671875 0.22890625
10 0.33515625 0.64375 0.11953125 0.2515625
10 0.56015625 0.59765625 0.07890625 0.15625
10 0.5921875 0.678125 0.13671875 0.24140625
10 0.72734375 0.65078125 0.13984375 0.2765625
10 0.771875 0.6046875 0.06796875 0.15546875
10 0.85703125 0.67890625 0.140625 0.22890625