3 0.15078125 0.65546875 0.040625 0.08359375
0 0.1296875 0.71875 0.05859375 0.03671875
8 0.22578125 0.69375 0.05 0.08125
8 0.3046875 0.69375 0.05078125 0.07421875
3 0.3953125 0.61875 0.04453125 0.08359375
7 0.3765625 0.7296875 0.07421875 0.04453125
3 0.56640625 0.65546875 0.03828125 0.06640625
0 0.56640625 0.71875 0.04140625 0.03671875
8 0.76953125 0.66875 0.05 0.08515625
8 0.87734375 0.78046875 0.0796875 0.1109375
3 0.68671875 0.68671875 0.0609375 0.13125
0 0.69375 0.83125 0.0796875 0.06328125
1 0.1484375 0.68046875 0.10078125 0.128125
1 0.23046875 0.68125 0.0921875 0.115625
1 0.3140625 0.69921875 0.08515625 0.08125
1 0.559375 0.68125 0.09921875 0.121875
1 0.7671875 0.665625 0.09609375 0.1359375
1 0.8640625 0.775 0.15703125 0.19453125
10 0.3953125 0.6625 0.0921875 0.15859375
10 0.68515625 0.74375 0.16328125 0.24609375