3 0.06015625 0.6015625 0.06328125 0.11484375
3 0.1625 0.6015625 0.06953125 0.11484375
7 0.1484375 0.74921875 0.09609375 0.08359375
3 0.29140625 0.55078125 0.04765625 0.08671875
0 0.27890625 0.64375 0.075 0.05703125
3 0.38203125 0.57578125 0.06640625 0.13671875
3 0.46015625 0.51484375 0.053125 0.0890625
0 0.47109375 0.60703125 0.0421875 0.0484375
5 0.31875 0.75546875 0.0421875 0.04453125
7 0.37265625 0.74140625 0.07734375 0.109375
3 0.67109375 0.53046875 0.05546875 0.13671875
3 0.73828125 0.47890625 0.04375 0.08359375
3 0.82578125 0.44375 0.05078125 0.08125
3 0.81328125 0.534375 0.07109375 0.14453125
7 0.8359375 0.68046875 0.10390625 0.1390625
3 0.96875 0.5109375 0.0578125 0.14453125
10 0.08125 0.65625 0.11328125 0.209375
10 0.1796875 0.66171875 0.15703125 0.215625
10 0.3 0.5859375 0.0953125 0.14375
10 0.39921875 0.62890625 0.14609375 0.23046875
10 0.47734375 0.55625 0.09453125 0.159375
10 0.67109375 0.603125 0.13671875 0.27890625
10 0.7359375 0.52109375 0.07421875 0.165625
10 0.8421875 0.50234375 0.0875 0.17890625
10 0.81328125 0.6015625 0.1546875 0.27421875
10 0.94609375 0.5859375 0.1078125 0.26875