3 0.1484375 0.63046875 0.046875 0.08125
0 0.13828125 0.7046875 0.05 0.04296875
6 0.2390625 0.59140625 0.04375 0.08359375
0 0.21328125 0.70546875 0.05 0.05546875
9 0.328125 0.58046875 0.0453125 0.08125
5 0.29140625 0.71875 0.02890625 0.03671875
3 0.39296875 0.61484375 0.0515625 0.0890625
7 0.37578125 0.715625 0.08515625 0.05
9 0.58203125 0.59375 0.04453125 0.078125
0 0.5734375 0.70546875 0.0375 0.040625
6 0.69453125 0.56875 0.04609375 0.09296875
0 0.6671875 0.6796875 0.05625 0.06640625
3 0.78671875 0.59375 0.0484375 0.09296875
0 0.79453125 0.69375 0.05234375 0.05390625
9 0.85078125 0.6390625 0.075 0.121875
0 0.85703125 0.81875 0.1 0.0703125
1 0.1546875 0.65703125 0.10078125 0.1265625
10 0.23359375 0.64375 0.1046875 0.1703125
10 0.325 0.63125 0.07890625 0.16953125
10 0.4046875 0.6515625 0.1015625 0.16015625
10 0.57265625 0.6390625 0.1109375 0.16015625
10 0.68046875 0.62265625 0.09765625 0.17890625
10 0.7796875 0.63203125 0.10078125 0.16171875
10 0.8859375 0.71875 0.20234375 0.2703125