3 0.178125 0.628125 0.0640625 0.12578125
5 0.14140625 0.80546875 0.04296875 0.03671875
3 0.3171875 0.59375 0.040625 0.059375
2 0.2765625 0.78046875 0.09453125 0.05546875
3 0.31640625 0.65625 0.05390625 0.10390625
3 0.39765625 0.61953125 0.046875 0.0890625
7 0.40078125 0.70546875 0.06875 0.0515625
6 0.55703125 0.55625 0.0375 0.08125
9 0.60390625 0.63046875 0.06015625 0.1109375
5 0.5953125 0.81171875 0.03125 0.04375
3 0.66328125 0.59375 0.04375 0.1
0 0.66953125 0.690625 0.05 0.0515625
3 0.78203125 0.6234375 0.05546875 0.13046875
0 0.8 0.78203125 0.0515625 0.0515625
3 0.92578125 0.65078125 0.065625 0.11953125
2 0.96328125 0.8203125 0.06796875 0.0609375
10 0.1796875 0.68984375 0.13203125 0.221875
10 0.32578125 0.70234375 0.125 0.19375
10 0.32890625 0.61015625 0.08359375 0.0984375
10 0.4109375 0.6546875 0.10078125 0.15
10 0.54921875 0.61171875 0.0671875 0.1703125
10 0.5984375 0.70234375 0.121875 0.23046875
10 0.66796875 0.63125 0.0796875 0.16015625
10 0.78828125 0.6859375 0.13828125 0.25859375
10 0.93828125 0.69453125 0.12265625 0.21640625