6 0.18203125 0.59375 0.05859375 0.1203125
5 0.13828125 0.76796875 0.03359375 0.03515625
3 0.2859375 0.575 0.0375 0.0796875
0 0.27890625 0.640625 0.034375 0.03671875
6 0.33046875 0.5765625 0.0515625 0.11875
5 0.29453125 0.76640625 0.040625 0.03671875
3 0.39453125 0.559375 0.04375 0.0890625
0 0.3921875 0.64453125 0.03203125 0.0484375
6 0.57265625 0.559375 0.03984375 0.08515625
3 0.596875 0.61796875 0.0515625 0.11640625
0 0.59453125 0.77578125 0.06171875 0.07421875
3 0.72265625 0.5765625 0.05234375 0.11875
3 0.7609375 0.56484375 0.03828125 0.078125
0 0.734375 0.68046875 0.05 0.06328125
9 0.83125 0.63671875 0.0671875 0.1296875
2 0.9078125 0.80546875 0.14453125 0.059375
10 0.184375 0.64921875 0.13515625 0.21640625
10 0.334375 0.64453125 0.121875 0.2484375
1 0.28125 0.6046875 0.0671875 0.121875
1 0.41015625 0.6 0.084375 0.159375
10 0.56015625 0.59609375 0.078125 0.15390625
10 0.59453125 0.6765625 0.13671875 0.23125
10 0.72734375 0.653125 0.1375 0.26796875
10 0.85390625 0.6875 0.13203125 0.215625