8 0.11328125 0.75546875 0.06640625 0.1203125
5 0.0578125 0.83125 0.0375 0.040625
3 0.2328125 0.60546875 0.04375 0.0890625
0 0.2125 0.6890625 0.0421875 0.03671875
8 0.24453125 0.74296875 0.06484375 0.121875
3 0.3453125 0.6046875 0.05 0.0984375
0 0.33828125 0.68671875 0.03984375 0.05546875
3 0.5234375 0.61875 0.04375 0.08359375
5 0.52890625 0.70078125 0.03671875 0.02421875
3 0.62578125 0.615625 0.04140625 0.08671875
7 0.62265625 0.69375 0.05234375 0.0515625
6 0.753125 0.59453125 0.0609375 0.1109375
5 0.7515625 0.828125 0.03984375 0.040625
6 0.875 0.61875 0.0609375 0.10390625
2 0.9390625 0.84375 0.11640625 0.05546875
5 0.22890625 0.84296875 0.03125 0.03359375
10 0.234375 0.63203125 0.09921875 0.1515625
10 0.35390625 0.63828125 0.09140625 0.1609375
10 0.51875 0.64140625 0.10234375 0.125
10 0.62109375 0.63671875 0.10390625 0.14375
10 0.734375 0.68203125 0.175 0.27890625
10 0.87734375 0.6953125 0.1171875 0.25
1 0.1046875 0.7265625 0.1625 0.178125
1 0.25390625 0.746875 0.146875 0.19609375