10 0.06875 0.24375 0.0921875 0.128125
10 0.05625 0.18203125 0.07734375 0.103125
10 0.09140625 0.16640625 0.06015625 0.10546875
10 0.13515625 0.1453125 0.04765625 0.07421875
10 0.1640625 0.33515625 0.09609375 0.18125
10 0.27734375 0.35546875 0.11640625 0.159375
1 0.21328125 0.31796875 0.059375 0.11796875
10 0.3171875 0.296875 0.075 0.16875
1 0.25078125 0.2546875 0.07109375 0.11328125
10 0.34453125 0.246875 0.05859375 0.13125
10 0.30625 0.18125 0.04140625 0.08828125
1 0.39921875 0.21953125 0.0609375 0.08984375
10 0.3359375 0.14375 0.05390625 0.1015625
10 0.38046875 0.140625 0.0421875 0.06875
10 0.42265625 0.15703125 0.053125 0.08671875
10 0.47578125 0.15703125 0.04140625 0.0984375
10 0.4703125 0.21953125 0.06328125 0.12578125
10 0.446875 0.26875 0.07734375 0.121875
10 0.5234375 0.1890625 0.05078125 0.11015625
10 0.628125 0.22890625 0.0578125 0.10546875
1 0.56953125 0.178125 0.053125 0.065625
1 0.56875 0.2109375 0.04453125 0.05703125
10 0.44453125 0.35625 0.10078125 0.1765625
10 0.53828125 0.35625 0.096875 0.17890625
10 0.64453125 0.3703125 0.13671875 0.17421875
10 0.60703125 0.33125 0.071875 0.12890625
1 0.51796875 0.2796875 0.0578125 0.109375
2 0.259375 0.4265625 0.06953125 0.03515625
2 0.51328125 0.44296875 0.0375 0.03203125
1 0.71015625 0.178125 0.03671875 0.0546875
1 0.73203125 0.19296875 0.05390625 0.075
10 0.7671875 0.21796875 0.05078125 0.09375
10 0.8140625 0.2203125 0.04765625 0.08515625
10 0.88828125 0.20078125 0.053125 0.075
10 0.834375 0.2890625 0.07109375 0.13125
10 0.89453125 0.35625 0.09765625 0.13828125
10 0.96171875 0.36953125 0.0765625 0.2
3 0.06015625 0.22265625 0.03515625 0.08046875
3 0.0484375 0.16875 0.03359375 0.06640625
3 0.07734375 0.14921875 0.02734375 0.06953125
3 0.128125 0.140625 0.02578125 0.0546875
9 0.34375 0.11875 0.02890625 0.0515625
3 0.375 0.13125 0.0203125 0.05078125
3 0.4234375 0.14375 0.02578125 0.05859375
9 0.4734375 0.1359375 0.02578125 0.05625
3 0.3 0.16875 0.02734375 0.06171875
3 0.26640625 0.23671875 0.03359375 0.08046875
6 0.340625 0.21875 0.03203125 0.06875
3 0.3015625 0.2671875 0.03984375 0.09375
3 0.2703125 0.321875 0.046875 0.09453125
3 0.20234375 0.30625 0.0359375 0.0859375
6 0.16328125 0.29296875 0.04296875 0.0953125
3 0.38984375 0.2125 0.0296875 0.06953125
3 0.46640625 0.19296875 0.02890625 0.06796875
3 0.54453125 0.15390625 0.021875 0.05390625
3 0.58046875 0.17890625 0.0234375 0.05546875
3 0.528125 0.265625 0.03515625 0.08125
3 0.45234375 0.3171875 0.0390625 0.0859375
6 0.440625 0.2484375 0.03359375 0.08046875
6 0.54453125 0.3140625 0.04296875 0.096875
6 0.625 0.20546875 0.02890625 0.059375
6 0.5203125 0.1609375 0.02578125 0.05625
3 0.56875 0.20546875 0.02265625 0.05703125
3 0.62578125 0.30546875 0.034375 0.08125
1 0.5984375 0.29140625 0.06796875 0.096875
3 0.65 0.3359375 0.0484375 0.10546875
0 0.65390625 0.43125 0.05078125 0.03984375
3 0.71640625 0.17265625 0.02109375 0.04375
3 0.746875 0.1859375 0.0234375 0.05625
9 0.77578125 0.196875 0.02578125 0.05390625
3 0.8234375 0.20625 0.02421875 0.0546875
6 0.79375 0.18046875 0.02421875 0.05
3 0.90078125 0.19140625 0.02578125 0.053125
6 0.84375 0.25390625 0.02890625 0.05859375
0 0.846875 0.3390625 0.04765625 0.03125
3 0.896875 0.26953125 0.03515625 0.0734375
3 0.91875 0.33046875 0.04140625 0.08359375
6 0.98515625 0.315625 0.02890625 0.0890625
2 0.97890625 0.46875 0.03828125 0.03125