10 0.065625 0.24375 0.0796875 0.1203125
10 0.096875 0.16484375 0.05390625 0.10390625
10 0.1375 0.1515625 0.05078125 0.0734375
10 0.14375 0.34296875 0.12578125 0.178125
10 0.278125 0.35625 0.1140625 0.15546875
1 0.25 0.25625 0.0734375 0.10078125
10 0.31953125 0.2984375 0.07890625 0.16953125
10 0.30625 0.16875 0.03515625 0.09296875
10 0.378125 0.13125 0.04453125 0.06875
1 0.39609375 0.2234375 0.06640625 0.084375
10 0.41875 0.15625 0.05546875 0.084375
10 0.44453125 0.13125 0.028125 0.07890625
10 0.46640625 0.21875 0.065625 0.13125
1 0.44765625 0.28125 0.07265625 0.103125
10 0.446875 0.34609375 0.08984375 0.18046875
10 0.53515625 0.34453125 0.09140625 0.18828125
10 0.51875 0.19921875 0.0484375 0.06953125
10 0.5640625 0.1765625 0.05546875 0.0765625
10 0.5640625 0.20703125 0.04609375 0.0765625
10 0.63828125 0.22890625 0.05546875 0.10546875
1 0.59765625 0.290625 0.06953125 0.0890625
10 0.63828125 0.36875 0.13359375 0.16484375
0 0.64375 0.43125 0.0515625 0.03984375
1 0.7375 0.19375 0.04921875 0.0703125
10 0.76640625 0.21640625 0.053125 0.09453125
10 0.81640625 0.2078125 0.05390625 0.103125
10 0.884375 0.1984375 0.04609375 0.0703125
10 0.83359375 0.3 0.0734375 0.11875
10 0.89453125 0.3390625 0.08203125 0.16015625
10 0.95 0.2890625 0.0453125 0.1140625
2 0.26015625 0.4265625 0.06953125 0.03515625
2 0.515625 0.44296875 0.03828125 0.03203125
2 0.978125 0.46875 0.04375 0.03125
10 0.3375 0.2484375 0.04921875 0.14375
10 0.94765625 0.36796875 0.10390625 0.19921875
10 0.703125 0.1765625 0.0421875 0.1
3 0.065625 0.2234375 0.0328125 0.06875
9 0.08515625 0.14375 0.02890625 0.0609375
3 0.12734375 0.14296875 0.0265625 0.0546875
6 0.153125 0.30390625 0.04296875 0.09921875
1 0.21328125 0.31875 0.07890625 0.1140625
3 0.26796875 0.3265625 0.04296875 0.08671875
3 0.309375 0.26171875 0.0390625 0.09453125
3 0.2671875 0.24296875 0.03359375 0.0734375
6 0.328125 0.21171875 0.0296875 0.06796875
6 0.30625 0.1515625 0.025 0.05
6 0.31953125 0.13125 0.01953125 0.053125
10 0.32578125 0.14296875 0.03359375 0.0765625
3 0.3359375 0.1203125 0.01796875 0.0484375
9 0.36796875 0.12578125 0.0203125 0.05
3 0.396875 0.21796875 0.0296875 0.06640625
3 0.42421875 0.14375 0.02265625 0.05703125
6 0.43984375 0.11640625 0.0203125 0.04609375
6 0.46328125 0.18046875 0.02578125 0.05390625
6 0.45546875 0.296875 0.03828125 0.08125
6 0.5375 0.29609375 0.03828125 0.0890625
3 0.51875 0.19296875 0.0234375 0.0546875
6 0.56875 0.19375 0.02265625 0.05078125
3 0.571875 0.159375 0.025 0.04375
6 0.6359375 0.20625 0.02734375 0.06015625
3 0.64375 0.34296875 0.04453125 0.10078125
3 0.7109375 0.146875 0.01875 0.04453125
3 0.746875 0.18203125 0.02421875 0.05
3 0.771875 0.19375 0.0234375 0.0515625
3 0.81640625 0.1875 0.02421875 0.05625
9 0.8515625 0.275 0.03203125 0.06875
3 0.89453125 0.18828125 0.02578125 0.04921875
6 0.90703125 0.2953125 0.03671875 0.078125
6 0.95625 0.2671875 0.0296875 0.06796875
6 0.984375 0.31328125 0.03125 0.09453125
3 0.1921875 0.31015625 0.03515625 0.08125