10 0.06484375 0.24375 0.0828125 0.11796875
10 0.07421875 0.17421875 0.08828125 0.1296875
10 0.11015625 0.1640625 0.05703125 0.08125
10 0.14140625 0.146875 0.04921875 0.075
10 0.34140625 0.13359375 0.03125 0.0765625
10 0.30546875 0.17421875 0.0328125 0.09140625
10 0.37890625 0.13359375 0.04296875 0.071875
10 0.42578125 0.15546875 0.04140625 0.090625
10 0.3953125 0.20703125 0.06484375 0.11640625
10 0.47109375 0.21796875 0.08046875 0.13046875
10 0.51875 0.18125 0.04296875 0.10546875
10 0.340625 0.2484375 0.0546875 0.14453125
10 0.5640625 0.20546875 0.04921875 0.07578125
10 0.625 0.228125 0.0734375 0.10078125
1 0.596875 0.28671875 0.06640625 0.09453125
10 0.64140625 0.37109375 0.13359375 0.16328125
10 0.53359375 0.34921875 0.0921875 0.184375
10 0.44609375 0.35234375 0.0890625 0.18828125
10 0.26328125 0.24140625 0.06640625 0.1203125
10 0.2078125 0.284375 0.0875 0.17421875
10 0.27734375 0.35546875 0.1140625 0.153125
10 0.32265625 0.296875 0.09453125 0.18125
10 0.153125 0.33671875 0.1078125 0.18046875
2 0.259375 0.42734375 0.0703125 0.03828125
1 0.4484375 0.28046875 0.071875 0.1
2 0.53828125 0.43046875 0.078125 0.02578125
10 0.70078125 0.1734375 0.04140625 0.09375
1 0.7328125 0.19296875 0.05859375 0.078125
1 0.76953125 0.221875 0.05703125 0.08046875
10 0.81640625 0.2171875 0.04453125 0.0953125
10 0.88203125 0.19609375 0.05234375 0.0765625
10 0.83203125 0.29375 0.07109375 0.12109375
10 0.896875 0.3390625 0.07890625 0.15625
10 0.953125 0.36640625 0.09375 0.2015625
2 0.98046875 0.4703125 0.0390625 0.03125
3 0.06640625 0.2203125 0.03203125 0.0703125
6 0.06328125 0.13671875 0.028125 0.05390625
6 0.03828125 0.13671875 0.02734375 0.05390625
3 0.09765625 0.153125 0.028125 0.05859375
3 0.13046875 0.13671875 0.02421875 0.05546875
6 0.1390625 0.29453125 0.04375 0.09609375
3 0.26953125 0.3234375 0.04609375 0.09140625
3 0.209375 0.24296875 0.03671875 0.08828125
6 0.2796875 0.215625 0.03359375 0.06171875
3 0.2984375 0.25546875 0.03828125 0.09296875
6 0.32890625 0.20625 0.02734375 0.05625
3 0.30625 0.16171875 0.02578125 0.05546875
3 0.3375 0.121875 0.0203125 0.04921875
6 0.37890625 0.12109375 0.01875 0.04609375
6 0.39765625 0.1828125 0.03046875 0.0640625
3 0.42421875 0.1421875 0.02265625 0.0546875
10 0.44453125 0.13203125 0.02734375 0.0796875
6 0.44375 0.11640625 0.0203125 0.04296875
6 0.459375 0.18125 0.02734375 0.05546875
6 0.51953125 0.15625 0.02421875 0.0515625
6 0.56953125 0.19375 0.02421875 0.0515625
1 0.55078125 0.15546875 0.04140625 0.0609375
3 0.55625 0.15 0.0203125 0.04453125
6 0.453125 0.3046875 0.03828125 0.0890625
3 0.5375 0.30625 0.03671875 0.09921875
3 0.6265625 0.20703125 0.02734375 0.06484375
3 0.61328125 0.28125 0.03203125 0.07109375
3 0.646875 0.3421875 0.04609375 0.09921875
0 0.64453125 0.43046875 0.05390625 0.03828125
3 0.7125 0.1484375 0.0171875 0.04375
3 0.746875 0.18046875 0.02265625 0.0515625
9 0.78515625 0.20625 0.021875 0.0484375
3 0.81015625 0.1953125 0.02421875 0.05390625
3 0.89453125 0.18359375 0.02578125 0.05
3 0.846875 0.26875 0.03046875 0.06796875
0 0.85 0.33125 0.03203125 0.03359375
6 0.909375 0.29921875 0.03671875 0.071875
3 0.9625 0.26875 0.0296875 0.06171875
10 0.9546875 0.284375 0.05 0.09375