3 0.06171875 0.603125 0.0609375 0.11640625
5 0.01484375 0.66328125 0.02890625 0.03671875
3 0.16328125 0.60546875 0.05859375 0.11875
7 0.15546875 0.75625 0.11796875 0.07578125
3 0.2921875 0.55546875 0.04375 0.08125
0 0.278125 0.64296875 0.0640625 0.0515625
9 0.3765625 0.59921875 0.06796875 0.11875
5 0.315625 0.75546875 0.0359375 0.04296875
7 0.37421875 0.746875 0.0890625 0.08125
3 0.47265625 0.52421875 0.040625 0.08515625
0 0.4765625 0.61953125 0.034375 0.04296875
3 0.67578125 0.5296875 0.05859375 0.140625
3 0.7359375 0.48046875 0.04375 0.090625
3 0.83203125 0.4515625 0.04609375 0.0890625
9 0.80234375 0.53046875 0.06953125 0.140625
7 0.8390625 0.684375 0.10234375 0.12421875
3 0.96640625 0.503125 0.0625 0.14609375
10 0.08046875 0.6578125 0.11484375 0.21171875
10 0.18515625 0.66328125 0.16171875 0.21953125
10 0.3 0.5859375 0.09921875 0.14375
10 0.4 0.65 0.153125 0.21484375
10 0.48125 0.56328125 0.10078125 0.15546875
10 0.67421875 0.59921875 0.1359375 0.28046875
10 0.73515625 0.52578125 0.07265625 0.175
10 0.81875 0.596875 0.15234375 0.2796875
10 0.8484375 0.5 0.07734375 0.1796875
10 0.94609375 0.58046875 0.1078125 0.27109375