6 0.184375 0.58984375 0.065625 0.11328125
5 0.140625 0.76328125 0.0359375 0.04453125
3 0.28828125 0.5734375 0.04140625 0.08125
0 0.27890625 0.634375 0.03125 0.03515625
6 0.3328125 0.5734375 0.05390625 0.11640625
5 0.29140625 0.76484375 0.040625 0.040625
3 0.40078125 0.5640625 0.05 0.09453125
0 0.39296875 0.64375 0.0328125 0.0515625
6 0.57265625 0.5609375 0.03984375 0.08125
3 0.59765625 0.615625 0.06171875 0.1203125
0 0.59296875 0.77109375 0.0640625 0.07578125
3 0.71953125 0.57890625 0.05390625 0.12421875
0 0.72265625 0.68828125 0.04609375 0.05546875
3 0.7609375 0.56640625 0.04453125 0.08125
9 0.8359375 0.61875 0.07265625 0.11875
2 0.91015625 0.80703125 0.14609375 0.05546875
10 0.18515625 0.653125 0.13359375 0.22421875
10 0.3328125 0.64453125 0.1171875 0.25546875
10 0.59453125 0.6734375 0.140625 0.2390625
10 0.725 0.65546875 0.13828125 0.27578125
10 0.85703125 0.68046875 0.13515625 0.2265625
10 0.77109375 0.60078125 0.06015625 0.14375
10 0.55859375 0.5953125 0.0734375 0.15546875
1 0.28125 0.60234375 0.06953125 0.1234375
1 0.4078125 0.60390625 0.08828125 0.16484375