3 0.10625 0.53984375 0.06640625 0.11328125
7 0.09140625 0.634375 0.11015625 0.06953125
3 0.24375 0.5359375 0.059375 0.10859375
0 0.21640625 0.65390625 0.04609375 0.059375
9 0.38515625 0.4859375 0.06015625 0.10625
5 0.32265625 0.68203125 0.0375 0.03671875
9 0.42265625 0.48671875 0.03359375 0.08046875
9 0.6046875 0.49296875 0.03984375 0.08125
3 0.690625 0.53671875 0.0421875 0.08046875
3 0.79453125 0.54375 0.04609375 0.09296875
6 0.73671875 0.56484375 0.0515625 0.11484375
2 0.7421875 0.74375 0.09140625 0.0484375
1 0.13515625 0.57109375 0.12890625 0.1734375
10 0.25390625 0.578125 0.12578125 0.196875
10 0.38828125 0.565625 0.15703125 0.26171875
10 0.440625 0.534375 0.0671875 0.1609375
10 0.5890625 0.54453125 0.09765625 0.17421875
10 0.68515625 0.5640625 0.08046875 0.1265625
10 0.72890625 0.628125 0.14140625 0.23359375
10 0.79375 0.57890625 0.06640625 0.16015625