3 0.0625 0.5859375 0.0421875 0.06875
3 0.02890625 0.64375 0.05625 0.11875
0 0.01953125 0.778125 0.03828125 0.059375
3 0.1578125 0.63203125 0.05859375 0.11328125
7 0.13203125 0.778125 0.0875 0.0515625
3 0.265625 0.59296875 0.0453125 0.08125
7 0.25703125 0.66875 0.06953125 0.0515625
3 0.45234375 0.55546875 0.0390625 0.078125
0 0.4546875 0.6390625 0.040625 0.04453125
3 0.3859375 0.621875 0.053125 0.11875
2 0.36953125 0.76171875 0.09453125 0.04453125
5 0.30703125 0.7734375 0.02890625 0.04453125
3 0.61953125 0.5234375 0.03828125 0.06875
3 0.70390625 0.50703125 0.03984375 0.09296875
3 0.6515625 0.55390625 0.05078125 0.11875
3 0.79375 0.48046875 0.0421875 0.08671875
3 0.78203125 0.58203125 0.06484375 0.11328125
5 0.73125 0.74140625 0.0328125 0.03125
7 0.7828125 0.71484375 0.09609375 0.06328125
3 0.91953125 0.5296875 0.06328125 0.1109375
0 0.9234375 0.684375 0.05390625 0.06484375
1 0.0546875 0.69375 0.1046875 0.196875
10 0.08515625 0.63125 0.08203125 0.14375
10 0.15625 0.69375 0.13515625 0.23359375
10 0.275 0.6109375 0.0921875 0.1296875
10 0.3796875 0.66640625 0.12890625 0.18828125
10 0.4640625 0.5890625 0.09453125 0.1359375
10 0.61015625 0.56171875 0.05234375 0.14296875
10 0.64765625 0.61875 0.13203125 0.24375
10 0.70859375 0.54296875 0.07421875 0.15625
10 0.77890625 0.61796875 0.13671875 0.20859375
10 0.8 0.50546875 0.0984375 0.125
10 0.921875 0.59140625 0.15390625 0.240625