10 0.06640625 0.24375 0.08359375 0.11875
10 0.09375 0.1609375 0.0546875 0.109375
10 0.1390625 0.14921875 0.046875 0.06875
10 0.16328125 0.353125 0.09765625 0.14453125
10 0.27734375 0.35625 0.11484375 0.1546875
1 0.20625 0.31953125 0.08828125 0.12421875
1 0.315625 0.31171875 0.0859375 0.14453125
1 0.246875 0.25859375 0.07109375 0.1046875
10 0.34375 0.25078125 0.06171875 0.14453125
10 0.30703125 0.18203125 0.04375 0.0796875
1 0.396875 0.22578125 0.06015625 0.08046875
10 0.3359375 0.153125 0.04140625 0.0796875
10 0.378125 0.1390625 0.04765625 0.071875
10 0.42265625 0.1515625 0.05390625 0.1
10 0.475 0.1625 0.04140625 0.10625
10 0.62421875 0.22421875 0.06484375 0.10625
1 0.57265625 0.1796875 0.06328125 0.06484375
10 0.56875 0.21171875 0.05546875 0.071875
10 0.4453125 0.3515625 0.090625 0.1859375
10 0.53515625 0.35546875 0.09296875 0.171875
10 0.6390625 0.3640625 0.12890625 0.18125
10 0.52265625 0.25546875 0.06796875 0.153125
2 0.259375 0.4265625 0.06953125 0.03515625
2 0.51328125 0.44296875 0.0375 0.03203125
1 0.709375 0.17890625 0.0328125 0.04921875
1 0.73359375 0.19296875 0.05546875 0.07421875
10 0.765625 0.21640625 0.05 0.08671875
10 0.81640625 0.21953125 0.05078125 0.08125
10 0.87578125 0.19140625 0.05234375 0.0765625
10 0.83125 0.303125 0.0765625 0.1234375
10 0.89453125 0.35546875 0.09296875 0.134375
10 0.96015625 0.36953125 0.07890625 0.19375
1 0.59765625 0.28828125 0.065625 0.09375
2 0.9796875 0.46875 0.040625 0.03359375
3 0.7140625 0.17421875 0.01796875 0.04140625
10 0.44375 0.1296875 0.03046875 0.08359375
10 0.06015625 0.184375 0.071875 0.10546875
10 0.46640625 0.21796875 0.06640625 0.125
1 0.54453125 0.1578125 0.03828125 0.0640625
3 0.0625 0.221875 0.0359375 0.07421875
3 0.0515625 0.16640625 0.03203125 0.06171875
3 0.08125 0.1390625 0.0296875 0.06484375
3 0.1328125 0.14375 0.025 0.05546875
3 0.14296875 0.32890625 0.0453125 0.0890625
3 0.18203125 0.3 0.03984375 0.071875
3 0.2671875 0.321875 0.046875 0.08671875
3 0.30078125 0.30546875 0.04140625 0.0859375
3 0.265625 0.2453125 0.03359375 0.07578125
3 0.30625 0.1734375 0.02734375 0.05859375
6 0.34375 0.2125 0.0296875 0.06015625
6 0.3328125 0.1390625 0.021875 0.053125
9 0.3640625 0.13046875 0.01953125 0.05390625
3 0.38984375 0.21953125 0.0296875 0.06640625
6 0.4234375 0.13203125 0.021875 0.05859375
6 0.44140625 0.1125 0.01953125 0.046875
6 0.4703125 0.134375 0.02265625 0.04921875
6 0.46328125 0.1875 0.028125 0.05859375
6 0.45078125 0.2984375 0.03828125 0.08671875
6 0.534375 0.31796875 0.0421875 0.09140625
6 0.521875 0.21796875 0.03125 0.08046875
3 0.54609375 0.1515625 0.0234375 0.04921875
3 0.578125 0.17109375 0.02578125 0.046875
3 0.5734375 0.20546875 0.02265625 0.0515625
6 0.62265625 0.2015625 0.02578125 0.059375
6 0.63359375 0.3234375 0.0484375 0.0984375
0 0.646875 0.43203125 0.05390625 0.0390625
3 0.7421875 0.18125 0.025 0.05390625
6 0.765625 0.196875 0.02265625 0.04921875
3 0.79453125 0.18828125 0.025 0.05078125
1 0.79140625 0.1921875 0.03671875 0.05859375
3 0.82265625 0.20546875 0.02421875 0.05078125
3 0.85390625 0.278125 0.028125 0.06953125
7 0.84453125 0.33828125 0.040625 0.0296875
3 0.88671875 0.17890625 0.02578125 0.0515625
3 0.9171875 0.3265625 0.04140625 0.08125
3 0.98515625 0.32421875 0.02890625 0.10625