6 0.1921875 0.59140625 0.065625 0.109375
5 0.14140625 0.76171875 0.0375 0.04453125
3 0.290625 0.57421875 0.0359375 0.08125
6 0.33828125 0.565625 0.05859375 0.10546875
6 0.40078125 0.53515625 0.04609375 0.09296875
3 0.57109375 0.58046875 0.0359375 0.08125
3 0.60078125 0.60703125 0.053125 0.1296875
0 0.584375 0.778125 0.0515625 0.059375
3 0.7671875 0.56171875 0.04140625 0.05703125
6 0.81015625 0.56796875 0.05703125 0.109375
3 0.96796875 0.6359375 0.05859375 0.11875
10 0.19140625 0.6515625 0.13046875 0.22421875
10 0.29140625 0.6 0.05859375 0.11875
10 0.3421875 0.64296875 0.13203125 0.25078125
10 0.41015625 0.5875 0.084375 0.184375
10 0.59453125 0.675 0.13984375 0.24296875
10 0.79921875 0.65546875 0.14296875 0.2765625
10 0.94140625 0.69375 0.11171875 0.2203125
1 0.553125 0.61171875 0.07421875 0.13359375
1 0.74609375 0.609375 0.084375 0.14375