6 0.13515625 0.47421875 0.05546875 0.10390625
2 0.090625 0.63984375 0.1140625 0.071875
6 0.26015625 0.50546875 0.05625 0.10546875
0 0.20390625 0.64921875 0.05 0.06484375
6 0.3921875 0.48359375 0.05078125 0.09609375
5 0.325 0.6609375 0.0421875 0.06640625
6 0.43828125 0.49296875 0.0375 0.07421875
8 0.60703125 0.56875 0.05390625 0.1
8 0.7125 0.56171875 0.046875 0.090625
8 0.8078125 0.59609375 0.05703125 0.0890625
8 0.75546875 0.67109375 0.0765625 0.128125
10 0.1328125 0.54375 0.15078125 0.2296875
10 0.25078125 0.565625 0.12890625 0.2140625
10 0.37734375 0.57265625 0.13984375 0.26171875
10 0.45078125 0.534375 0.06328125 0.14921875
1 0.6 0.5703125 0.10859375 0.13359375
1 0.69765625 0.578125 0.08671875 0.115625
1 0.81640625 0.61171875 0.10234375 0.10859375
1 0.74453125 0.6640625 0.16484375 0.18828125