6 0.09765625 0.63515625 0.07265625 0.13125
5 0.0484375 0.84375 0.0625 0.040625
3 0.2484375 0.58125 0.053125 0.0890625
8 0.1921875 0.75546875 0.06328125 0.12421875
6 0.340625 0.57890625 0.04375 0.08359375
5 0.32265625 0.70546875 0.028125 0.03359375
6 0.49140625 0.56328125 0.03984375 0.07421875
3 0.51328125 0.68984375 0.06015625 0.1203125
0 0.53828125 0.81015625 0.0375 0.06875
6 0.6203125 0.56875 0.05 0.08125
6 0.6984375 0.60546875 0.053125 0.10546875
5 0.61015625 0.70390625 0.02734375 0.0296875
5 0.69453125 0.8234375 0.02890625 0.04296875
3 0.83515625 0.671875 0.05234375 0.10546875
2 0.88515625 0.821875 0.09375 0.05546875
10 0.10703125 0.70390625 0.13359375 0.26484375
10 0.25390625 0.6265625 0.09453125 0.17578125
10 0.3421875 0.62578125 0.090625 0.16484375
10 0.48984375 0.61328125 0.1046875 0.17578125
1 0.534375 0.728125 0.134375 0.21640625
10 0.61328125 0.61875 0.10859375 0.18125
10 0.71015625 0.6890625 0.13203125 0.271875
10 0.853125 0.71875 0.13203125 0.20546875
1 0.21875 0.74296875 0.1484375 0.22109375