10 0.06640625 0.23984375 0.0875 0.13671875
10 0.0921875 0.16640625 0.05703125 0.11015625
10 0.1359375 0.14296875 0.05703125 0.08046875
10 0.38125 0.14140625 0.0421875 0.06953125
10 0.30625 0.17265625 0.03984375 0.09375
10 0.25625 0.25625 0.06171875 0.12109375
10 0.340625 0.2484375 0.04609375 0.13203125
10 0.32265625 0.29453125 0.071875 0.16953125
10 0.2828125 0.34375 0.11171875 0.17578125
10 0.16328125 0.334375 0.096875 0.18125
10 0.421875 0.15546875 0.05390625 0.08359375
1 0.396875 0.22421875 0.0609375 0.09375
10 0.45 0.26328125 0.0765625 0.13828125
10 0.44453125 0.3515625 0.10234375 0.18984375
2 0.51484375 0.44296875 0.03984375 0.03828125
10 0.51640625 0.18125 0.04921875 0.10546875
10 0.56640625 0.2046875 0.04921875 0.08515625
10 0.525 0.26328125 0.07109375 0.14921875
10 0.540625 0.35703125 0.09453125 0.17421875
10 0.63125 0.22578125 0.05859375 0.11171875
10 0.634375 0.3671875 0.1 0.1640625
1 0.7109375 0.178125 0.0375 0.05390625
1 0.73125 0.1921875 0.0578125 0.08203125
1 0.79140625 0.19296875 0.04453125 0.06484375
10 0.7625 0.21796875 0.0484375 0.09375
10 0.81875 0.21875 0.0546875 0.09296875
10 0.8859375 0.18984375 0.04375 0.090625
10 0.8375 0.3015625 0.078125 0.13125
10 0.90390625 0.3390625 0.084375 0.1609375
10 0.9609375 0.36953125 0.07734375 0.20546875
1 0.55078125 0.15703125 0.04375 0.0640625
10 0.334375 0.14296875 0.04765625 0.09140625
10 0.47890625 0.2234375 0.04921875 0.1203125
6 0.059375 0.20546875 0.03359375 0.06640625
3 0.053125 0.15390625 0.0296875 0.0640625
3 0.078125 0.14296875 0.0234375 0.065625
3 0.128125 0.13203125 0.02578125 0.059375
6 0.33046875 0.12421875 0.0234375 0.05390625
6 0.3015625 0.15625 0.02578125 0.05625
3 0.378125 0.13125 0.0203125 0.0515625
3 0.42265625 0.14375 0.02265625 0.05546875
3 0.38515625 0.21796875 0.03125 0.06796875
6 0.334375 0.21171875 0.02890625 0.05703125
6 0.265625 0.23515625 0.0359375 0.08125
9 0.2859375 0.3046875 0.04609375 0.090625
3 0.30703125 0.25625 0.0375 0.0859375
3 0.2 0.30390625 0.03828125 0.0859375
1 0.21328125 0.31875 0.06328125 0.125
6 0.159375 0.29296875 0.04296875 0.09609375
6 0.46875 0.19453125 0.02734375 0.0640625
6 0.44375 0.23203125 0.03515625 0.07421875
6 0.51328125 0.1578125 0.02421875 0.0546875
3 0.525 0.2296875 0.02890625 0.07578125
3 0.5578125 0.153125 0.02109375 0.04609375
6 0.56953125 0.190625 0.02265625 0.05078125
6 0.634375 0.203125 0.02890625 0.06171875
9 0.4421875 0.30078125 0.04921875 0.0890625
3 0.5421875 0.328125 0.040625 0.1
3 0.63125 0.33828125 0.0484375 0.09375
3 0.71640625 0.1734375 0.02109375 0.04453125
3 0.7453125 0.1796875 0.025 0.05390625
3 0.79453125 0.1875 0.025 0.05625
3 0.825 0.20234375 0.0234375 0.0546875
3 0.89375 0.16953125 0.025 0.05078125
3 0.85703125 0.2734375 0.03046875 0.06875
6 0.7625 0.1953125 0.0234375 0.0484375
6 0.91875 0.2953125 0.03984375 0.07421875
6 0.97734375 0.3125 0.0453125 0.09375