6 0.18203125 0.5890625 0.0625 0.12578125
5 0.1390625 0.76171875 0.0375 0.04453125
3 0.27421875 0.571875 0.0421875 0.0890625
0 0.27578125 0.640625 0.03125 0.03671875
6 0.321875 0.57890625 0.065625 0.128125
0 0.29140625 0.75546875 0.05390625 0.078125
3 0.403125 0.55546875 0.0421875 0.0890625
0 0.3921875 0.6515625 0.03671875 0.059375
3 0.57578125 0.5734375 0.0375 0.08125
3 0.59765625 0.60546875 0.05 0.12578125
0 0.6 0.76875 0.0625 0.0609375
6 0.75625 0.55546875 0.0578125 0.11484375
5 0.7515625 0.79140625 0.03515625 0.04296875
6 0.87265625 0.61484375 0.06953125 0.121875
2 0.91953125 0.80390625 0.13984375 0.06640625
1 0.40859375 0.59375 0.08203125 0.165625
1 0.55703125 0.60546875 0.07578125 0.13515625
10 0.1765625 0.65234375 0.13515625 0.225
10 0.27109375 0.5984375 0.0640625 0.1296875
10 0.31875 0.65703125 0.1359375 0.259375
10 0.5921875 0.6703125 0.14140625 0.25390625
10 0.7484375 0.64453125 0.12890625 0.28828125
10 0.86953125 0.67578125 0.13046875 0.234375