10 0.0640625 0.24375 0.08203125 0.11796875
10 0.09375 0.1671875 0.0578125 0.10078125
1 0.13671875 0.15390625 0.05078125 0.0765625
10 0.14609375 0.33828125 0.12734375 0.17578125
10 0.27734375 0.359375 0.1140625 0.15546875
1 0.2515625 0.25625 0.06953125 0.10078125
10 0.321875 0.29921875 0.0828125 0.16484375
10 0.3046875 0.17578125 0.03984375 0.08828125
10 0.38125 0.13984375 0.04765625 0.06640625
1 0.3953125 0.221875 0.06796875 0.0890625
10 0.41953125 0.1578125 0.05703125 0.0859375
10 0.44375 0.13046875 0.03046875 0.0796875
10 0.46640625 0.21796875 0.06328125 0.13046875
1 0.44765625 0.27890625 0.07265625 0.103125
10 0.446875 0.34765625 0.08984375 0.18046875
10 0.534375 0.34453125 0.0921875 0.18828125
1 0.5171875 0.20078125 0.04921875 0.07421875
10 0.56640625 0.17734375 0.06015625 0.0734375
10 0.56328125 0.20625 0.046875 0.07890625
10 0.63125 0.22890625 0.0828125 0.109375
1 0.59765625 0.290625 0.06875 0.08984375
10 0.63828125 0.37109375 0.13359375 0.1609375
0 0.64375 0.43046875 0.05234375 0.0390625
1 0.74375 0.18828125 0.04921875 0.08125
10 0.765625 0.2171875 0.05234375 0.08984375
10 0.815625 0.215625 0.04921875 0.096875
10 0.8875 0.19296875 0.04921875 0.078125
10 0.83203125 0.30234375 0.08359375 0.1234375
10 0.89609375 0.3390625 0.08203125 0.15546875
10 0.95 0.2875 0.0421875 0.11953125
2 0.26015625 0.4265625 0.06953125 0.03515625
2 0.515625 0.44296875 0.03828125 0.03203125
2 0.978125 0.46875 0.04375 0.03125
10 0.3421875 0.25 0.05390625 0.14296875
10 0.94453125 0.36640625 0.10859375 0.19609375
10 0.70078125 0.17734375 0.04296875 0.09921875
10 0.32578125 0.14375 0.03515625 0.078125
10 0.34375 0.134375 0.0328125 0.08046875
10 0.05859375 0.19375 0.0734375 0.1
1 0.21328125 0.321875 0.06328125 0.11953125
10 0.54375 0.15625 0.03984375 0.07109375
3 0.065625 0.228125 0.0328125 0.0734375
3 0.05078125 0.17734375 0.03125 0.06015625
3 0.08046875 0.14609375 0.02890625 0.06328125
3 0.128125 0.14375 0.02578125 0.05546875
6 0.165625 0.29765625 0.0453125 0.09375
3 0.26953125 0.3265625 0.04375 0.0859375
3 0.2671875 0.24453125 0.03515625 0.078125
3 0.3078125 0.26171875 0.04140625 0.09453125
6 0.33125 0.2140625 0.0296875 0.0640625
6 0.30859375 0.16015625 0.02578125 0.05546875
6 0.31953125 0.13046875 0.02109375 0.0515625
3 0.33671875 0.1203125 0.0171875 0.05
3 0.390625 0.2140625 0.02890625 0.0640625
3 0.38515625 0.13046875 0.02109375 0.0484375
3 0.42265625 0.14375 0.02109375 0.05625
3 0.4390625 0.11796875 0.01953125 0.04921875
6 0.465625 0.18359375 0.02890625 0.05546875
3 0.4734375 0.14453125 0.02421875 0.053125
3 0.51796875 0.19375 0.0234375 0.05390625
6 0.4546875 0.30390625 0.03828125 0.0890625
6 0.5328125 0.29453125 0.03984375 0.08828125
3 0.5484375 0.1453125 0.02109375 0.04609375
3 0.57578125 0.165625 0.02265625 0.05
3 0.565625 0.196875 0.02265625 0.05625
6 0.61640625 0.20546875 0.02578125 0.0609375
3 0.615625 0.28203125 0.03203125 0.0734375
3 0.64375 0.34375 0.0453125 0.10390625
3 0.71171875 0.1484375 0.0171875 0.04375
9 0.75390625 0.17421875 0.025 0.05390625
3 0.771875 0.19609375 0.02265625 0.0515625
9 0.7984375 0.17421875 0.02578125 0.05390625
3 0.81875 0.19375 0.0234375 0.0515625
3 0.896875 0.18125 0.02578125 0.05078125
3 0.859375 0.2765625 0.0296875 0.06953125
7 0.83203125 0.34296875 0.03046875 0.03984375
6 0.9109375 0.3015625 0.0375 0.0765625
6 0.95234375 0.2609375 0.02890625 0.05546875
6 0.98203125 0.31171875 0.03515625 0.084375