8 0.11484375 0.75546875 0.0703125 0.11875
5 0.0578125 0.83203125 0.0375 0.040625
3 0.2328125 0.60546875 0.04375 0.0890625
0 0.2125 0.68359375 0.0421875 0.03515625
8 0.2421875 0.740625 0.06875 0.11875
3 0.346875 0.60390625 0.0484375 0.0890625
0 0.33828125 0.6859375 0.03515625 0.05625
3 0.52578125 0.61875 0.04375 0.078125
5 0.52890625 0.7015625 0.03359375 0.02578125
3 0.62890625 0.6203125 0.04140625 0.08671875
7 0.62578125 0.6953125 0.05859375 0.0484375
6 0.75078125 0.60078125 0.059375 0.11328125
5 0.75390625 0.828125 0.03828125 0.040625
6 0.8765625 0.61875 0.06015625 0.109375
2 0.9390625 0.84765625 0.11875 0.06796875
5 0.228125 0.84375 0.03125 0.0296875
10 0.22890625 0.63125 0.09765625 0.13046875
10 0.35234375 0.63359375 0.0859375 0.1609375
10 0.51796875 0.64453125 0.1078125 0.11640625
10 0.62890625 0.64140625 0.10703125 0.12890625
10 0.7328125 0.68125 0.17109375 0.27421875
10 0.88046875 0.703125 0.11484375 0.25625
1 0.10859375 0.73046875 0.1640625 0.18984375
1 0.25859375 0.74921875 0.14453125 0.2015625