6 0.11796875 0.49375 0.0578125 0.09609375
7 0.09765625 0.6453125 0.12109375 0.05390625
3 0.24453125 0.53203125 0.05546875 0.11640625
0 0.2078125 0.65390625 0.03828125 0.05546875
3 0.384375 0.5109375 0.0515625 0.11875
0 0.37265625 0.60546875 0.05 0.0515625
2 0.334375 0.68828125 0.1078125 0.04453125
6 0.4390625 0.490625 0.03359375 0.078125
6 0.60703125 0.49609375 0.04140625 0.0890625
0 0.60546875 0.6 0.0359375 0.04453125
3 0.69140625 0.53984375 0.03984375 0.08671875
6 0.7921875 0.51875 0.03984375 0.0890625
3 0.75390625 0.59453125 0.059375 0.11484375
2 0.74453125 0.74453125 0.096875 0.05546875
10 0.13203125 0.5546875 0.14609375 0.2015625
10 0.253125 0.5734375 0.11953125 0.196875
10 0.3890625 0.56875 0.12578125 0.24296875
10 0.45078125 0.53515625 0.065625 0.15546875
10 0.6015625 0.54921875 0.09375 0.171875
10 0.79765625 0.565625 0.07421875 0.175
10 0.69453125 0.56640625 0.09453125 0.13046875
1 0.740625 0.63984375 0.1328125 0.209375