10 0.06875 0.24296875 0.0859375 0.13046875
1 0.1359375 0.14921875 0.04921875 0.06875
10 0.3828125 0.13984375 0.03984375 0.06640625
10 0.30625 0.16953125 0.03828125 0.08203125
10 0.33984375 0.24921875 0.053125 0.14375
10 0.275 0.353125 0.11015625 0.16328125
10 0.165625 0.33515625 0.09609375 0.18125
10 0.42265625 0.15625 0.05078125 0.08125
10 0.4 0.2203125 0.065625 0.10390625
10 0.4484375 0.26328125 0.07421875 0.13125
10 0.44609375 0.3484375 0.09921875 0.18359375
2 0.51484375 0.44296875 0.03984375 0.03828125
10 0.571875 0.20546875 0.0515625 0.078125
10 0.53671875 0.3453125 0.0921875 0.19609375
10 0.63125 0.22890625 0.0578125 0.109375
10 0.646875 0.37109375 0.13984375 0.175
1 0.7109375 0.178125 0.0375 0.05390625
1 0.734375 0.190625 0.05625 0.0859375
1 0.79375 0.190625 0.04140625 0.0734375
10 0.76328125 0.215625 0.04765625 0.09296875
10 0.81640625 0.215625 0.05546875 0.0890625
10 0.884375 0.18984375 0.0421875 0.0890625
10 0.8375 0.296875 0.07265625 0.12578125
10 0.9 0.3453125 0.09453125 0.159375
10 0.96015625 0.36875 0.07890625 0.21328125
10 0.0375 0.159375 0.0421875 0.08671875
10 0.3421875 0.14140625 0.06328125 0.09453125
10 0.47578125 0.2234375 0.05625 0.12109375
1 0.2109375 0.315625 0.06953125 0.12890625
10 0.521875 0.18828125 0.04921875 0.1046875
2 0.25625 0.41875 0.0734375 0.03359375
1 0.3125 0.31640625 0.06484375 0.15625
10 0.60703125 0.33828125 0.06328125 0.13125
1 0.596875 0.2890625 0.0640625 0.09453125
3 0.0625 0.21875 0.034375 0.0765625
3 0.0375 0.1515625 0.02890625 0.059375
3 0.1265625 0.14296875 0.02578125 0.05625
9 0.3484375 0.12109375 0.02578125 0.0515625
3 0.378125 0.13203125 0.0203125 0.0515625
6 0.30078125 0.15859375 0.025 0.05703125
6 0.33671875 0.21015625 0.028125 0.05546875
6 0.16171875 0.29296875 0.04453125 0.09375
3 0.265625 0.31953125 0.04765625 0.096875
3 0.27421875 0.19296875 0.0265625 0.065625
3 0.42265625 0.1484375 0.02421875 0.05703125
6 0.45703125 0.11875 0.02109375 0.04609375
6 0.46953125 0.1328125 0.02421875 0.04375
3 0.46328125 0.196875 0.02734375 0.065625
3 0.4046875 0.20625 0.03203125 0.065625
6 0.44453125 0.2375 0.03359375 0.07890625
6 0.51640625 0.1640625 0.02421875 0.05546875
6 0.4546875 0.2984375 0.03984375 0.08125
6 0.540625 0.29921875 0.0421875 0.09296875
6 0.5734375 0.19296875 0.021875 0.04921875
6 0.5609375 0.140625 0.02265625 0.0515625
10 0.55390625 0.16171875 0.04609375 0.09453125
10 0.63203125 0.20546875 0.028125 0.0609375
3 0.62265625 0.315625 0.03359375 0.075
3 0.64921875 0.3390625 0.046875 0.10546875
0 0.65234375 0.43046875 0.046875 0.04296875
3 0.71640625 0.1734375 0.02109375 0.04296875
3 0.7453125 0.1765625 0.02421875 0.05625
3 0.796875 0.18046875 0.02734375 0.05546875
3 0.825 0.203125 0.0234375 0.0546875
3 0.8921875 0.171875 0.02421875 0.05078125
3 0.8515625 0.2734375 0.02734375 0.06875
6 0.76484375 0.19140625 0.0234375 0.04609375
7 0.84375 0.334375 0.0421875 0.03984375
3 0.925 0.31015625 0.04140625 0.08671875
6 0.978125 0.31171875 0.04375 0.0953125