9 0.06015625 0.64375 0.06328125 0.12421875
0 0.0203125 0.76875 0.03984375 0.078125
3 0.14296875 0.61953125 0.06171875 0.10390625
7 0.14453125 0.74453125 0.09765625 0.09375
3 0.25703125 0.59296875 0.046875 0.0890625
7 0.25390625 0.66171875 0.06953125 0.0546875
3 0.37109375 0.61875 0.0578125 0.12578125
0 0.36640625 0.73984375 0.0625 0.04609375
2 0.3765625 0.77265625 0.08515625 0.01953125
3 0.459375 0.55390625 0.04140625 0.078125
0 0.4546875 0.63046875 0.0375 0.040625
3 0.62265625 0.528125 0.03515625 0.0703125
3 0.70078125 0.50546875 0.04375 0.08515625
3 0.7765625 0.48046875 0.04140625 0.06640625
3 0.66015625 0.56171875 0.05 0.10859375
9 0.75078125 0.5625 0.05859375 0.11953125
7 0.79609375 0.703125 0.0921875 0.07578125
3 0.91015625 0.5265625 0.065625 0.11953125
0 0.93671875 0.6875 0.0640625 0.05625
10 0.0609375 0.6859375 0.12109375 0.2
10 0.17578125 0.66640625 0.13046875 0.20078125
10 0.27578125 0.61171875 0.09921875 0.11953125
10 0.37890625 0.66640625 0.14921875 0.20546875
10 0.46484375 0.5859375 0.08984375 0.1359375
10 0.61640625 0.56015625 0.05 0.1296875
10 0.64765625 0.615625 0.10859375 0.21875
10 0.70390625 0.53125 0.05078125 0.121875
10 0.7703125 0.61796875 0.14609375 0.22890625
10 0.79453125 0.528125 0.08125 0.15703125
10 0.9140625 0.73125 0.14296875 0.509375