3 0.15078125 0.653125 0.04609375 0.0796875
0 0.12578125 0.71484375 0.04609375 0.03671875
8 0.22578125 0.69375 0.04765625 0.0890625
8 0.3046875 0.6953125 0.04375 0.078125
3 0.39765625 0.61953125 0.04609375 0.0890625
7 0.37265625 0.72421875 0.07109375 0.04375
3 0.5671875 0.6515625 0.03828125 0.059375
0 0.56875 0.7140625 0.0453125 0.05
8 0.76640625 0.67421875 0.05859375 0.09375
8 0.87578125 0.74453125 0.065625 0.12421875
5 0.85703125 0.85390625 0.05625 0.04453125
3 0.6859375 0.68046875 0.06953125 0.128125
0 0.69453125 0.82578125 0.06015625 0.06953125
1 0.15390625 0.6796875 0.09453125 0.12578125
10 0.3984375 0.6578125 0.08984375 0.1640625
10 0.68515625 0.74296875 0.15625 0.24609375
1 0.23203125 0.6828125 0.10078125 0.10859375
1 0.3109375 0.69296875 0.08671875 0.08046875
1 0.55625 0.68203125 0.1015625 0.11484375
1 0.7625 0.659375 0.09453125 0.12578125
1 0.86328125 0.77109375 0.15390625 0.18515625