3 0.1703125 0.628125 0.06328125 0.12578125
5 0.14140625 0.7984375 0.04375 0.04375
3 0.31875 0.59375 0.04296875 0.06640625
3 0.31953125 0.66171875 0.05546875 0.10859375
2 0.27578125 0.78046875 0.09140625 0.04296875
3 0.3953125 0.62890625 0.04453125 0.090625
7 0.40078125 0.70546875 0.06875 0.05
6 0.55390625 0.55546875 0.0375 0.07578125
9 0.603125 0.63671875 0.0546875 0.10625
5 0.59765625 0.81875 0.03125 0.0390625
3 0.6625 0.59296875 0.0421875 0.09609375
0 0.6671875 0.69296875 0.04375 0.0515625
3 0.7828125 0.61953125 0.05390625 0.1296875
0 0.80078125 0.78046875 0.04765625 0.05546875
3 0.92578125 0.65546875 0.0625 0.11875
2 0.9640625 0.81875 0.06875 0.06640625
10 0.17890625 0.6921875 0.13359375 0.22109375
10 0.3265625 0.7140625 0.12265625 0.19296875
10 0.3328125 0.603125 0.06875 0.09921875
10 0.4109375 0.65859375 0.10234375 0.134375
10 0.5453125 0.61640625 0.07421875 0.20078125
10 0.59609375 0.7015625 0.12421875 0.21875
10 0.66953125 0.63125 0.0875 0.153125
10 0.7859375 0.684375 0.134375 0.25546875
10 0.9375 0.70546875 0.12265625 0.20390625