10 0.06640625 0.24375 0.0875 0.11640625
10 0.096875 0.1578125 0.05078125 0.11171875
10 0.13828125 0.1515625 0.04453125 0.0734375
10 0.16171875 0.353125 0.0984375 0.14296875
10 0.27734375 0.3546875 0.11640625 0.159375
1 0.315625 0.31015625 0.0828125 0.14453125
1 0.2484375 0.25625 0.06953125 0.10078125
10 0.346875 0.2625 0.05859375 0.11953125
10 0.30703125 0.18046875 0.04296875 0.0796875
10 0.3984375 0.21484375 0.05625 0.1015625
10 0.3375 0.15390625 0.0421875 0.08125
10 0.38125 0.1421875 0.0421875 0.065625
10 0.42265625 0.15703125 0.04921875 0.084375
10 0.47578125 0.16171875 0.03828125 0.10546875
1 0.51484375 0.19609375 0.04921875 0.08046875
10 0.62734375 0.22578125 0.0609375 0.1015625
1 0.57265625 0.1796875 0.06171875 0.06484375
10 0.56953125 0.2140625 0.04921875 0.071875
10 0.44453125 0.34453125 0.090625 0.1859375
10 0.534375 0.35625 0.08828125 0.17109375
10 0.6375 0.3515625 0.10390625 0.18984375
1 0.52578125 0.278125 0.06875 0.09921875
2 0.259375 0.4265625 0.06953125 0.03515625
2 0.51328125 0.44296875 0.0375 0.03203125
1 0.71328125 0.17421875 0.034375 0.05546875
1 0.73203125 0.19296875 0.05546875 0.0734375
10 0.76640625 0.21640625 0.04765625 0.08203125
10 0.815625 0.21875 0.0515625 0.08671875
10 0.87734375 0.18984375 0.0484375 0.07578125
10 0.83125 0.30390625 0.0765625 0.11953125
10 0.89453125 0.35625 0.09296875 0.12890625
10 0.959375 0.36953125 0.08046875 0.1890625
1 0.596875 0.2859375 0.0640625 0.09375
2 0.9796875 0.46875 0.040625 0.03359375
3 0.72109375 0.16875 0.01796875 0.0390625
10 0.44453125 0.13125 0.03046875 0.084375
3 0.06328125 0.22578125 0.03359375 0.07421875
3 0.0859375 0.1390625 0.02734375 0.0640625
3 0.1296875 0.14296875 0.02421875 0.05859375
3 0.140625 0.32890625 0.04609375 0.08984375
3 0.26796875 0.32265625 0.0453125 0.09375
3 0.30390625 0.30546875 0.040625 0.084375
3 0.265625 0.24375 0.03359375 0.07578125
3 0.3046875 0.1734375 0.02734375 0.05625
1 0.20390625 0.3171875 0.08828125 0.12109375
3 0.18125 0.29765625 0.04296875 0.08046875
6 0.35703125 0.240625 0.0375 0.06640625
3 0.33671875 0.1859375 0.02734375 0.06875
6 0.33125 0.13671875 0.02109375 0.04453125
3 0.37890625 0.13046875 0.01953125 0.0484375
3 0.42265625 0.14609375 0.02421875 0.05625
6 0.4421875 0.1125 0.02109375 0.04375
3 0.39453125 0.196875 0.02890625 0.06953125
10 0.46875 0.21875 0.065625 0.12421875
6 0.46484375 0.1859375 0.02734375 0.05546875
6 0.471875 0.13046875 0.02265625 0.04609375
6 0.45 0.30078125 0.0390625 0.08828125
3 0.52578125 0.265625 0.02890625 0.06953125
3 0.515625 0.18515625 0.0234375 0.05546875
3 0.57734375 0.16875 0.0265625 0.04609375
3 0.54453125 0.15078125 0.02109375 0.0484375
1 0.54453125 0.15546875 0.03671875 0.0609375
3 0.56953125 0.20625 0.02421875 0.05625
6 0.534375 0.315625 0.04140625 0.0890625
6 0.62265625 0.2046875 0.028125 0.059375
3 0.61328125 0.2734375 0.03125 0.06875
6 0.6375 0.303125 0.04453125 0.09453125
3 0.7421875 0.18125 0.02578125 0.053125
6 0.7734375 0.196875 0.02265625 0.04375
3 0.79453125 0.18671875 0.02421875 0.05625
3 0.82265625 0.20390625 0.021875 0.05078125
3 0.8859375 0.17734375 0.02578125 0.05078125
10 0.85 0.24375 0.08046875 0.09453125
6 0.85703125 0.21875 0.02734375 0.0484375
3 0.853125 0.27890625 0.02890625 0.06875
7 0.84375 0.33515625 0.0421875 0.03125
3 0.91328125 0.271875 0.034375 0.06875
6 0.95078125 0.26171875 0.02890625 0.05625
10 0.95078125 0.29140625 0.046875 0.1140625
3 0.9171875 0.33046875 0.03828125 0.0796875
3 0.98515625 0.3296875 0.02890625 0.10390625