10 0.07265625 0.24453125 0.07421875 0.128125
10 0.0921875 0.159375 0.05390625 0.10625
10 0.134375 0.14296875 0.0578125 0.084375
10 0.37890625 0.13359375 0.04296875 0.08125
10 0.30703125 0.17890625 0.03828125 0.09453125
10 0.259375 0.24453125 0.07890625 0.13828125
10 0.34140625 0.2484375 0.06328125 0.14453125
1 0.315625 0.3109375 0.08984375 0.13046875
1 0.26328125 0.36796875 0.12734375 0.13828125
10 0.165625 0.33125 0.12109375 0.18203125
10 0.41796875 0.15625 0.0546875 0.084375
10 0.45078125 0.13359375 0.03125 0.06875
1 0.396875 0.22265625 0.0609375 0.09375
10 0.45078125 0.25546875 0.08203125 0.15390625
10 0.44765625 0.36875 0.09765625 0.15390625
2 0.51484375 0.44296875 0.03984375 0.03828125
10 0.52265625 0.18828125 0.046875 0.09453125
10 0.56796875 0.20625 0.0484375 0.07890625
10 0.51875 0.25546875 0.05546875 0.14296875
10 0.540625 0.3515625 0.09375 0.1890625
10 0.646875 0.23046875 0.0578125 0.11484375
10 0.6 0.28125 0.06328125 0.1
10 0.63671875 0.36328125 0.09921875 0.1765625
1 0.709375 0.17890625 0.0390625 0.05859375
1 0.73203125 0.19296875 0.059375 0.08203125
10 0.79375 0.18046875 0.0390625 0.08125
10 0.76328125 0.21875 0.05234375 0.09296875
10 0.81640625 0.21875 0.05546875 0.09296875
10 0.88515625 0.18984375 0.04375 0.090625
10 0.865625 0.24296875 0.03984375 0.09375
10 0.83671875 0.29296875 0.0640625 0.1234375
10 0.90546875 0.34375 0.08359375 0.1515625
10 0.9625 0.390625 0.075 0.19140625
10 0.54453125 0.14453125 0.03125 0.06953125
1 0.4703125 0.22265625 0.04296875 0.10625
6 0.01484375 0.23046875 0.02890625 0.0703125
10 0.0296875 0.28125 0.05859375 0.165625
3 0.05390625 0.159375 0.03203125 0.05546875
3 0.06328125 0.21875 0.03359375 0.071875
9 0.08125 0.1390625 0.02890625 0.06171875
3 0.1265625 0.13125 0.02734375 0.0546875
3 0.33359375 0.11796875 0.0203125 0.04921875
3 0.375 0.1203125 0.0203125 0.04609375
3 0.32578125 0.14453125 0.021875 0.05625
6 0.30078125 0.15625 0.02578125 0.0546875
3 0.421875 0.14375 0.0234375 0.05703125
6 0.45390625 0.1234375 0.01953125 0.04453125
6 0.4734375 0.140625 0.02421875 0.0484375
3 0.53828125 0.13359375 0.01796875 0.04453125
9 0.52890625 0.16953125 0.02578125 0.05546875
9 0.56640625 0.19296875 0.02578125 0.04921875
3 0.52578125 0.228125 0.03046875 0.07578125
6 0.6515625 0.20625 0.02890625 0.065625
3 0.61328125 0.26875 0.03359375 0.06953125
3 0.46171875 0.20546875 0.02421875 0.06328125
3 0.38828125 0.21796875 0.02890625 0.06484375
9 0.4375 0.21875 0.0328125 0.078125
9 0.34140625 0.21015625 0.03046875 0.06875
9 0.26484375 0.21796875 0.03515625 0.075
3 0.31953125 0.31171875 0.040625 0.08046875
6 0.19609375 0.28125 0.04296875 0.0890625
3 0.246875 0.346875 0.05 0.09453125
3 0.46484375 0.3359375 0.0421875 0.09453125
6 0.5421875 0.30625 0.04140625 0.09921875
3 0.64140625 0.32265625 0.04453125 0.09375
3 0.71640625 0.16796875 0.01953125 0.04140625
3 0.746875 0.18046875 0.02734375 0.0515625
3 0.8 0.16640625 0.0234375 0.05703125
3 0.825 0.19921875 0.0234375 0.05546875
3 0.8921875 0.16796875 0.02578125 0.05078125
6 0.76875 0.19765625 0.02109375 0.05625
6 0.83828125 0.2640625 0.028125 0.06015625
6 0.91484375 0.30390625 0.0421875 0.0734375
3 0.86328125 0.23125 0.02578125 0.05859375
3 0.98671875 0.28515625 0.0265625 0.06875
1 0.96796875 0.2984375 0.0640625 0.09453125