3 0.13125 0.5265625 0.059375 0.11328125
2 0.09140625 0.640625 0.11875 0.08125
3 0.246875 0.53125 0.0578125 0.11875
0 0.21171875 0.65390625 0.05546875 0.059375
6 0.38515625 0.47890625 0.05390625 0.109375
5 0.3203125 0.68046875 0.040625 0.03671875
3 0.43515625 0.50546875 0.040625 0.090625
6 0.60390625 0.490625 0.03984375 0.078125
6 0.69609375 0.51875 0.0421875 0.07421875
6 0.7890625 0.525 0.040625 0.08125
3 0.7359375 0.58359375 0.05390625 0.11953125
2 0.73828125 0.74140625 0.090625 0.05703125
10 0.14609375 0.5703125 0.1171875 0.190625
10 0.25625 0.57890625 0.12578125 0.19453125
10 0.38046875 0.5640625 0.13046875 0.2734375
10 0.44609375 0.54296875 0.06640625 0.153125
10 0.5890625 0.5390625 0.09375 0.16953125
10 0.68515625 0.55625 0.09453125 0.1390625
10 0.7296875 0.63515625 0.13515625 0.21875
10 0.7984375 0.56953125 0.07421875 0.165625