10 0.075 0.24296875 0.0734375 0.1265625
10 0.09140625 0.159375 0.05546875 0.11953125
10 0.13515625 0.14296875 0.05859375 0.08046875
10 0.378125 0.1375 0.04921875 0.075
10 0.30703125 0.17421875 0.03828125 0.09453125
10 0.26015625 0.24609375 0.07421875 0.14375
10 0.340625 0.24921875 0.0609375 0.13046875
1 0.3171875 0.31328125 0.0875 0.13125
1 0.26328125 0.36796875 0.12734375 0.13828125
10 0.1609375 0.33125 0.10625 0.18125
10 0.41640625 0.153125 0.05390625 0.09453125
1 0.39765625 0.21796875 0.06015625 0.09375
10 0.440625 0.25390625 0.0828125 0.1453125
10 0.4546875 0.35546875 0.11328125 0.16328125
2 0.51484375 0.44296875 0.03984375 0.03828125
10 0.521875 0.18046875 0.0484375 0.10546875
10 0.56953125 0.20625 0.04921875 0.08203125
10 0.5265625 0.25625 0.06796875 0.13828125
10 0.54140625 0.35625 0.09375 0.17890625
10 0.646875 0.23046875 0.0578125 0.11484375
10 0.6359375 0.36796875 0.103125 0.16640625
1 0.709375 0.17890625 0.0390625 0.05859375
1 0.73203125 0.19296875 0.059375 0.08203125
10 0.79609375 0.18125 0.0453125 0.0765625
10 0.76328125 0.21875 0.05234375 0.09296875
10 0.81640625 0.21875 0.05546875 0.09296875
10 0.88515625 0.18984375 0.04375 0.090625
10 0.86328125 0.24375 0.040625 0.096875
10 0.83671875 0.29296875 0.0640625 0.1234375
10 0.90078125 0.34140625 0.07734375 0.16328125
10 0.94921875 0.37734375 0.1015625 0.2140625
10 0.54375 0.15234375 0.0328125 0.07890625
10 0.0296875 0.28046875 0.05859375 0.16875
6 0.0140625 0.23046875 0.02734375 0.071875
3 0.06328125 0.21796875 0.034375 0.0765625
6 0.05625 0.15625 0.03046875 0.05625
3 0.08046875 0.14140625 0.0265625 0.0640625
3 0.128125 0.13046875 0.02578125 0.05546875
9 0.34375 0.11875 0.021875 0.05
3 0.37890625 0.1265625 0.02109375 0.0515625
3 0.41328125 0.13203125 0.02265625 0.05546875
6 0.3375 0.16875 0.0296875 0.05546875
6 0.3015625 0.15546875 0.02734375 0.05546875
6 0.45234375 0.13046875 0.0203125 0.05078125
6 0.4671875 0.14140625 0.02265625 0.05078125
6 0.52265625 0.15625 0.02578125 0.053125
6 0.53828125 0.134375 0.01875 0.04375
9 0.56953125 0.19375 0.025 0.0515625
6 0.65078125 0.20625 0.03046875 0.06796875
3 0.52578125 0.22890625 0.02890625 0.07578125
9 0.44609375 0.21953125 0.03671875 0.08046875
3 0.3875 0.21171875 0.0328125 0.06953125
3 0.31953125 0.31015625 0.040625 0.08125
3 0.20625 0.30625 0.03671875 0.084375
6 0.26328125 0.21796875 0.03671875 0.08046875
6 0.3375 0.21796875 0.0296875 0.0640625
6 0.16328125 0.29453125 0.04453125 0.09375
9 0.48515625 0.32421875 0.04921875 0.09453125
3 0.53828125 0.31875 0.04140625 0.10078125
9 0.625 0.33203125 0.04765625 0.0984375
3 0.7171875 0.17109375 0.01953125 0.04375
3 0.7453125 0.17890625 0.025 0.053125
3 0.803125 0.17421875 0.0265625 0.05546875
3 0.825 0.20234375 0.02421875 0.0546875
3 0.8921875 0.16875 0.025 0.05390625
3 0.86328125 0.23125 0.02734375 0.05859375
6 0.9109375 0.29921875 0.03671875 0.08046875
6 0.8375 0.265625 0.03046875 0.0609375
6 0.76953125 0.19375 0.02421875 0.05078125