10 0.06953125 0.2484375 0.08828125 0.13125
10 0.134375 0.14296875 0.0546875 0.08046875
10 0.0921875 0.16484375 0.05546875 0.1109375
10 0.38125 0.134375 0.0453125 0.08125
10 0.32890625 0.14375 0.03984375 0.09453125
10 0.30859375 0.178125 0.0390625 0.096875
10 0.34375 0.2515625 0.0609375 0.1359375
1 0.39765625 0.228125 0.06171875 0.08671875
10 0.42109375 0.15703125 0.0578125 0.084375
10 0.47109375 0.21875 0.04921875 0.11484375
1 0.44453125 0.26796875 0.07265625 0.1140625
10 0.52578125 0.25625 0.06875 0.14140625
10 0.56953125 0.20546875 0.04921875 0.08359375
10 0.64453125 0.228125 0.059375 0.11015625
10 0.59375 0.2796875 0.05 0.1015625
10 0.63515625 0.36796875 0.09921875 0.1640625
10 0.54375 0.365625 0.0953125 0.16875
10 0.44765625 0.3484375 0.090625 0.18046875
1 0.2625 0.36796875 0.12421875 0.1359375
10 0.3171875 0.309375 0.08671875 0.13046875
10 0.14453125 0.34296875 0.12578125 0.1796875
10 0.21953125 0.303125 0.07265625 0.13984375
10 0.28828125 0.20859375 0.04375 0.10546875
10 0.26015625 0.24296875 0.06953125 0.1453125
1 0.709375 0.17890625 0.0390625 0.05625
1 0.7296875 0.19296875 0.05546875 0.084375
10 0.790625 0.18125 0.0453125 0.08125
10 0.76328125 0.21875 0.05859375 0.1
10 0.81796875 0.21875 0.04765625 0.0890625
10 0.88515625 0.190625 0.04140625 0.09140625
10 0.83359375 0.29375 0.07578125 0.13046875
10 0.90390625 0.34296875 0.08671875 0.14921875
10 0.9625 0.384375 0.075 0.19375
10 0.03359375 0.15625 0.05390625 0.075
10 0.55 0.1609375 0.0453125 0.09453125
3 0.03359375 0.146875 0.0296875 0.05625
9 0.08046875 0.1390625 0.0296875 0.06015625
3 0.06328125 0.221875 0.03359375 0.06953125
3 0.12890625 0.13125 0.02578125 0.059375
9 0.33125 0.128125 0.0265625 0.053125
9 0.3796875 0.12578125 0.02109375 0.0546875
6 0.3015625 0.15625 0.028125 0.0546875
6 0.28125 0.18671875 0.0265625 0.05546875
6 0.25703125 0.20625 0.034375 0.065625
6 0.33828125 0.2140625 0.02890625 0.0609375
3 0.38828125 0.21875 0.03359375 0.06640625
3 0.4234375 0.14375 0.02421875 0.05859375
3 0.3125 0.2953125 0.04140625 0.08671875
3 0.215625 0.2796875 0.03984375 0.08671875
6 0.1484375 0.30546875 0.046875 0.1
3 0.23828125 0.35390625 0.04765625 0.0953125
6 0.45625 0.11953125 0.01953125 0.04375
10 0.45625 0.13203125 0.02578125 0.0765625
6 0.47890625 0.13671875 0.021875 0.04453125
6 0.46875 0.19296875 0.02734375 0.05625
6 0.4421875 0.24296875 0.03359375 0.06171875
6 0.52265625 0.22890625 0.03359375 0.078125
6 0.5171875 0.165625 0.02421875 0.05546875
10 0.52265625 0.18671875 0.05078125 0.10546875
6 0.54453125 0.14140625 0.02421875 0.05
6 0.56953125 0.19140625 0.02421875 0.04921875
9 0.45 0.30390625 0.04765625 0.08671875
2 0.3984375 0.43046875 0.06015625 0.03125
9 0.5640625 0.33125 0.04296875 0.09921875
2 0.51328125 0.44375 0.03828125 0.03515625
3 0.625 0.3390625 0.04609375 0.096875
6 0.64765625 0.20625 0.02890625 0.065625
3 0.71796875 0.16953125 0.01953125 0.040625
3 0.74375 0.17890625 0.02265625 0.053125
3 0.7875 0.1703125 0.02421875 0.05546875
3 0.76328125 0.19296875 0.02421875 0.05078125
3 0.825 0.2015625 0.02578125 0.053125
3 0.89296875 0.17265625 0.02578125 0.053125
6 0.8671875 0.23046875 0.02890625 0.05625
6 0.8390625 0.2640625 0.03046875 0.06015625
10 0.86796875 0.24765625 0.04140625 0.09375
10 0.9078125 0.26796875 0.0375 0.0640625
9 0.9234375 0.315625 0.040625 0.08203125
3 0.98671875 0.284375 0.0265625 0.06953125
1 0.96875 0.29375 0.06171875 0.0984375