8 0.0890625 0.78828125 0.071875 0.09453125
5 0.04765625 0.9015625 0.04921875 0.040625
6 0.2390625 0.69921875 0.0625 0.109375
6 0.23828125 0.6203125 0.04296875 0.059375
2 0.19140625 0.890625 0.12421875 0.059375
6 0.3453125 0.621875 0.04140625 0.08125
5 0.32734375 0.75859375 0.0265625 0.02421875
2 0.35859375 0.75859375 0.0328125 0.02421875
6 0.48203125 0.62109375 0.0375 0.07578125
6 0.59921875 0.615625 0.03828125 0.08671875
5 0.61328125 0.7484375 0.02734375 0.0296875
3 0.5171875 0.7234375 0.05625 0.1203125
0 0.5265625 0.85546875 0.0375 0.06640625
6 0.6984375 0.6515625 0.05546875 0.10390625
5 0.69609375 0.85625 0.0328125 0.0390625
3 0.84140625 0.71484375 0.0625 0.1109375
2 0.88984375 0.8640625 0.0921875 0.05546875
1 0.1078125 0.790625 0.13984375 0.20390625
10 0.23828125 0.76640625 0.12109375 0.22578125
10 0.2484375 0.6734375 0.08984375 0.14375
10 0.34765625 0.67421875 0.07890625 0.1609375
10 0.4859375 0.67109375 0.06796875 0.16015625
10 0.5296875 0.7734375 0.13359375 0.2
10 0.60234375 0.659375 0.0828125 0.159375
10 0.7109375 0.73125 0.12109375 0.25703125
10 0.85703125 0.75859375 0.125 0.18671875