6 0.19453125 0.596875 0.06875 0.11328125
5 0.14140625 0.7640625 0.034375 0.0390625
3 0.27890625 0.5796875 0.04140625 0.078125
0 0.2734375 0.640625 0.03046875 0.03359375
6 0.33828125 0.56796875 0.05390625 0.11328125
6 0.40234375 0.53046875 0.0453125 0.08359375
3 0.56640625 0.58046875 0.03359375 0.08125
3 0.60390625 0.609375 0.05625 0.121875
0 0.59453125 0.77421875 0.07109375 0.06875
3 0.75390625 0.55546875 0.04140625 0.07421875
3 0.80625 0.590625 0.0640625 0.12578125
0 0.81640625 0.75390625 0.06171875 0.0515625
3 0.96640625 0.6484375 0.05859375 0.13125
10 0.190625 0.65390625 0.1359375 0.2265625
10 0.33984375 0.64296875 0.13203125 0.253125
10 0.41015625 0.5859375 0.0875 0.18203125
10 0.59609375 0.6734375 0.1421875 0.2515625
10 0.8 0.6625 0.13671875 0.25625
10 0.9421875 0.6984375 0.11484375 0.20546875
10 0.7421875 0.59765625 0.07890625 0.16171875
1 0.55390625 0.60625 0.075 0.14140625