3 0.1484375 0.4796875 0.06328125 0.1
2 0.0953125 0.60546875 0.10859375 0.0703125
3 0.2578125 0.51484375 0.05859375 0.1109375
0 0.2421875 0.621875 0.05 0.05546875
6 0.3875 0.45625 0.0546875 0.109375
0 0.33828125 0.63046875 0.04375 0.07578125
6 0.4265625 0.4640625 0.0375 0.07578125
6 0.6171875 0.4765625 0.0375 0.08125
6 0.7046875 0.49453125 0.04296875 0.06640625
3 0.79453125 0.51171875 0.03515625 0.0796875
6 0.75703125 0.53125 0.05390625 0.11875
2 0.746875 0.70546875 0.0890625 0.0515625
10 0.2703125 0.5546875 0.11171875 0.1796875
10 0.15 0.528125 0.13046875 0.20078125
10 0.39453125 0.53671875 0.14921875 0.24375
10 0.44765625 0.5125 0.071875 0.16015625
10 0.6015625 0.52421875 0.10546875 0.16640625
10 0.696875 0.53671875 0.0890625 0.140625
10 0.74296875 0.59609375 0.13671875 0.22890625
10 0.80390625 0.54921875 0.06328125 0.15625