6 0.17890625 0.59296875 0.06875 0.11875
5 0.140625 0.76796875 0.0359375 0.0390625
3 0.27578125 0.56875 0.0375 0.0890625
0 0.2703125 0.64296875 0.03359375 0.03359375
6 0.3234375 0.58046875 0.06328125 0.121875
0 0.28828125 0.75546875 0.05859375 0.071875
3 0.40390625 0.55703125 0.04375 0.0984375
0 0.3921875 0.6515625 0.03203125 0.0515625
6 0.58828125 0.60859375 0.059375 0.12578125
0 0.60703125 0.77265625 0.04609375 0.06953125
9 0.8046875 0.58203125 0.06640625 0.13359375
0 0.8234375 0.75390625 0.05546875 0.06328125
9 0.89453125 0.61171875 0.06875 0.128125
2 0.91953125 0.80546875 0.13984375 0.059375
1 0.40859375 0.596875 0.08984375 0.165625
1 0.57109375 0.596875 0.1046875 0.13671875
10 0.17734375 0.65 0.13671875 0.23125
10 0.27265625 0.59765625 0.07109375 0.13046875
10 0.31875 0.65546875 0.13515625 0.26484375
10 0.596875 0.671875 0.13359375 0.24375
10 0.7625 0.65625 0.1390625 0.27109375
10 0.88125 0.66953125 0.12265625 0.23984375