8 0.08515625 0.73046875 0.07421875 0.0984375
5 0.04453125 0.85 0.05546875 0.03359375
6 0.23515625 0.57890625 0.0375 0.05703125
6 0.24140625 0.659375 0.05234375 0.10546875
2 0.1875 0.84296875 0.1125 0.059375
6 0.34765625 0.58046875 0.03828125 0.06875
5 0.32578125 0.71484375 0.02578125 0.02578125
2 0.35703125 0.71171875 0.03515625 0.03125
6 0.48046875 0.5703125 0.0390625 0.078125
6 0.59375 0.56875 0.0453125 0.0890625
6 0.52890625 0.68515625 0.05234375 0.11875
5 0.61328125 0.70625 0.028125 0.02421875
0 0.54140625 0.80859375 0.05625 0.0609375
6 0.70390625 0.60703125 0.05078125 0.10390625
5 0.696875 0.81875 0.0328125 0.03359375
3 0.83828125 0.678125 0.05703125 0.1109375
2 0.884375 0.828125 0.0921875 0.05546875
1 0.10625 0.73671875 0.14140625 0.20390625
10 0.2375 0.721875 0.1234375 0.22578125
10 0.24765625 0.628125 0.0875 0.14609375
10 0.346875 0.63046875 0.08203125 0.159375
10 0.4828125 0.62421875 0.09609375 0.1640625
10 0.5328125 0.73359375 0.1375 0.19609375
10 0.6 0.61796875 0.08203125 0.1640625
10 0.709375 0.69296875 0.12265625 0.2515625
10 0.85625 0.72265625 0.12578125 0.18203125