10 0.065625 0.24375 0.0796875 0.1203125
10 0.096875 0.16796875 0.05 0.10546875
10 0.14375 0.14296875 0.0515625 0.08046875
10 0.14375 0.3359375 0.12578125 0.1796875
10 0.278125 0.35625 0.1140625 0.15625
1 0.25078125 0.25625 0.07265625 0.10078125
10 0.3203125 0.29453125 0.07890625 0.17109375
10 0.3046875 0.17109375 0.04140625 0.09453125
10 0.38046875 0.13046875 0.04765625 0.0796875
1 0.3953125 0.228125 0.06796875 0.0890625
10 0.41875 0.15546875 0.05703125 0.08359375
10 0.44453125 0.13046875 0.02890625 0.078125
10 0.465625 0.21796875 0.06640625 0.12890625
1 0.44765625 0.28125 0.07265625 0.103125
10 0.446875 0.34453125 0.08984375 0.184375
10 0.53359375 0.35078125 0.0921875 0.18828125
1 0.5171875 0.2015625 0.04765625 0.071875
10 0.56953125 0.16640625 0.065625 0.09453125
10 0.56328125 0.2078125 0.04609375 0.0765625
10 0.6375 0.23125 0.0578125 0.10625
1 0.59765625 0.290625 0.06875 0.09453125
10 0.640625 0.37109375 0.13359375 0.16953125
0 0.64375 0.43046875 0.05234375 0.0390625
1 0.734375 0.19375 0.0578125 0.078125
10 0.765625 0.2171875 0.05234375 0.08984375
10 0.81484375 0.2078125 0.05390625 0.10078125
10 0.88203125 0.18671875 0.04296875 0.09140625
10 0.834375 0.303125 0.0765625 0.1234375
10 0.89609375 0.340625 0.0796875 0.15859375
10 0.95 0.2859375 0.04296875 0.10625
2 0.26015625 0.4265625 0.06953125 0.03515625
2 0.515625 0.44296875 0.03828125 0.03203125
2 0.978125 0.46875 0.04375 0.03125
10 0.33828125 0.2484375 0.04765625 0.14375
10 0.94296875 0.375 0.1140625 0.19453125
10 0.703125 0.1765625 0.0421875 0.09921875
10 0.32578125 0.14375 0.03515625 0.078125
10 0.34375 0.1359375 0.0296875 0.08046875
10 0.0578125 0.19140625 0.07578125 0.09921875
1 0.215625 0.31796875 0.0734375 0.1140625
10 0.54375 0.1546875 0.04140625 0.07421875
3 0.06484375 0.2234375 0.03359375 0.07109375
3 0.05390625 0.1703125 0.02890625 0.059375
3 0.0859375 0.14296875 0.02734375 0.06171875
3 0.1390625 0.13125 0.02578125 0.05546875
6 0.16015625 0.29375 0.04140625 0.08984375
3 0.26875 0.32109375 0.04296875 0.0890625
3 0.265625 0.24296875 0.03203125 0.0734375
3 0.31015625 0.259375 0.040625 0.09453125
6 0.30390625 0.15546875 0.02578125 0.0546875
6 0.31953125 0.13125 0.021875 0.053125
6 0.33203125 0.2109375 0.028125 0.05859375
3 0.33828125 0.11953125 0.01875 0.05078125
9 0.375 0.11796875 0.02109375 0.053125
3 0.39765625 0.21875 0.03046875 0.06484375
3 0.4234375 0.14375 0.02265625 0.05703125
6 0.440625 0.11640625 0.0203125 0.0453125
6 0.4640625 0.18125 0.02578125 0.053125
6 0.45390625 0.2984375 0.03671875 0.08046875
3 0.5171875 0.19375 0.02421875 0.05546875
6 0.5296875 0.30078125 0.03828125 0.09453125
6 0.56640625 0.1953125 0.021875 0.0484375
6 0.54921875 0.140625 0.01953125 0.04453125
3 0.575 0.146875 0.02421875 0.05625
6 0.6359375 0.20625 0.02734375 0.06015625
3 0.64453125 0.34140625 0.04765625 0.10078125
3 0.615625 0.2765625 0.03046875 0.0609375
3 0.7109375 0.14765625 0.01796875 0.04375
3 0.74765625 0.18125 0.02421875 0.05078125
3 0.771875 0.19609375 0.02109375 0.05078125
3 0.81640625 0.18828125 0.02421875 0.05625
9 0.88984375 0.16875 0.02421875 0.05
3 0.853125 0.27421875 0.03046875 0.06953125
6 0.9078125 0.29609375 0.03828125 0.0734375
6 0.95625 0.26171875 0.02890625 0.05703125
3 0.98046875 0.328125 0.0390625 0.103125