3 0.15234375 0.65546875 0.0421875 0.08125
0 0.12890625 0.71875 0.04609375 0.04453125
3 0.221875 0.62109375 0.0453125 0.0890625
0 0.22109375 0.71875 0.0421875 0.04453125
9 0.3125 0.61875 0.0421875 0.08671875
0 0.3046875 0.72890625 0.04140625 0.04296875
3 0.3921875 0.6296875 0.04140625 0.0890625
7 0.37265625 0.72578125 0.07109375 0.0515625
6 0.571875 0.63046875 0.0421875 0.08125
5 0.56953125 0.73046875 0.03046875 0.03359375
3 0.76484375 0.61875 0.0453125 0.09609375
6 0.85078125 0.66875 0.0625 0.12421875
5 0.859375 0.85546875 0.059375 0.0390625
0 0.77578125 0.70390625 0.04296875 0.059375
9 0.65078125 0.63046875 0.05859375 0.1109375
1 0.15234375 0.67890625 0.09609375 0.12421875
10 0.23046875 0.659375 0.0953125 0.14921875
10 0.3109375 0.659375 0.078125 0.1515625
10 0.39609375 0.66328125 0.09453125 0.146875
10 0.5703125 0.71328125 0.08046875 0.24453125
10 0.6796875 0.70625 0.11015625 0.2546875
10 0.76328125 0.6484375 0.096875 0.1546875
10 0.859375 0.73125 0.1390625 0.23828125