3 0.028125 0.6234375 0.0546875 0.1203125
9 0.1234375 0.61640625 0.0640625 0.11875
7 0.1171875 0.771875 0.090625 0.05546875
3 0.26953125 0.56171875 0.05 0.08125
7 0.25703125 0.65390625 0.07890625 0.06328125
3 0.371875 0.60078125 0.0625 0.13125
0 0.35390625 0.73125 0.05390625 0.06328125
3 0.4578125 0.5359375 0.040625 0.08125
0 0.46015625 0.61328125 0.03125 0.04453125
3 0.6421875 0.50546875 0.040625 0.078125
3 0.68203125 0.55546875 0.05390625 0.12578125
3 0.72109375 0.48046875 0.0421875 0.0890625
9 0.76953125 0.54609375 0.071875 0.14375
3 0.81640625 0.46640625 0.05234375 0.0890625
7 0.83671875 0.7109375 0.1234375 0.09453125
3 0.95078125 0.509375 0.06953125 0.13125
0 0.97265625 0.68046875 0.05234375 0.059375
10 0.0515625 0.68203125 0.10234375 0.23046875
10 0.15234375 0.66875 0.13984375 0.228125
10 0.2828125 0.58828125 0.08984375 0.14453125
10 0.3765625 0.65 0.15859375 0.23125
10 0.4640625 0.56640625 0.090625 0.14609375
10 0.63203125 0.53828125 0.06171875 0.14375
10 0.66953125 0.61328125 0.121875 0.2453125
10 0.72578125 0.51171875 0.06796875 0.1546875
10 0.79765625 0.60546875 0.1625 0.259375
10 0.82421875 0.50546875 0.08984375 0.16796875
10 0.9375 0.578125 0.12265625 0.275