6 0.0921875 0.640625 0.07734375 0.140625
5 0.04453125 0.84921875 0.05234375 0.04453125
6 0.24375 0.59140625 0.0453125 0.090625
8 0.19453125 0.76484375 0.07265625 0.11484375
6 0.35078125 0.571875 0.0375 0.08125
5 0.32578125 0.70546875 0.03046875 0.03671875
6 0.48515625 0.56875 0.03671875 0.08515625
3 0.50859375 0.7046875 0.0578125 0.109375
0 0.53828125 0.81171875 0.03515625 0.05546875
6 0.60625 0.56875 0.0421875 0.0796875
6 0.70078125 0.60546875 0.05390625 0.10390625
5 0.69453125 0.81875 0.028125 0.03671875
3 0.84375 0.65546875 0.0546875 0.11484375
2 0.8859375 0.8203125 0.09609375 0.06328125
5 0.6109375 0.7046875 0.02890625 0.028125
1 0.21796875 0.7515625 0.1515625 0.209375
10 0.10390625 0.6984375 0.13203125 0.25546875
10 0.246875 0.63046875 0.09609375 0.1703125
10 0.34609375 0.61953125 0.09453125 0.17578125
10 0.490625 0.61796875 0.09765625 0.16796875
1 0.53203125 0.73984375 0.13984375 0.2
10 0.6046875 0.61640625 0.09921875 0.18359375
10 0.70703125 0.6890625 0.12734375 0.27421875
10 0.8546875 0.71171875 0.13203125 0.21875