3 0.1484375 0.63046875 0.046875 0.09296875
0 0.1390625 0.70390625 0.05546875 0.04453125
6 0.2390625 0.59375 0.04375 0.0890625
0 0.21484375 0.70390625 0.0546875 0.059375
9 0.32578125 0.58046875 0.05 0.08125
5 0.29453125 0.71875 0.02890625 0.0296875
3 0.3921875 0.61484375 0.05 0.0890625
7 0.37890625 0.71796875 0.0875 0.05
9 0.5796875 0.59375 0.04296875 0.08125
0 0.56953125 0.70546875 0.0375 0.04453125
6 0.69453125 0.5734375 0.04609375 0.09453125
0 0.66875 0.68515625 0.05078125 0.06875
3 0.78515625 0.59375 0.04453125 0.09609375
0 0.7921875 0.690625 0.04765625 0.0515625
9 0.85078125 0.63125 0.07421875 0.121875
0 0.86484375 0.81796875 0.0953125 0.05703125
1 0.15703125 0.65625 0.10390625 0.11953125
10 0.2375 0.64453125 0.1046875 0.1703125
10 0.325 0.63046875 0.084375 0.16875
10 0.4046875 0.6515625 0.1015625 0.15625
10 0.57421875 0.64296875 0.11015625 0.16640625
10 0.68203125 0.62578125 0.10078125 0.184375
10 0.784375 0.634375 0.1 0.16875
10 0.890625 0.71796875 0.19765625 0.26875