6 0.18203125 0.59375 0.0625 0.11875
5 0.13828125 0.76015625 0.034375 0.04296875
3 0.27890625 0.5703125 0.04140625 0.08515625
0 0.27265625 0.64296875 0.03515625 0.03671875
6 0.32265625 0.58125 0.0625 0.121875
0 0.29140625 0.75546875 0.06015625 0.078125
3 0.3984375 0.55703125 0.046875 0.09609375
0 0.3921875 0.6515625 0.03359375 0.059375
3 0.57734375 0.56875 0.0328125 0.07421875
3 0.60234375 0.61875 0.0546875 0.11484375
0 0.59765625 0.7734375 0.05625 0.06875
6 0.74765625 0.54375 0.0375 0.06484375
9 0.7890625 0.58828125 0.0625 0.14296875
3 0.8921875 0.60546875 0.06796875 0.1296875
0 0.81015625 0.7515625 0.0625 0.0515625
7 0.9171875 0.78671875 0.13828125 0.09453125
10 0.178125 0.65390625 0.13828125 0.23125
10 0.31875 0.65703125 0.1359375 0.26015625
10 0.271875 0.5953125 0.06015625 0.128125
10 0.59609375 0.6796875 0.13359375 0.24296875
10 0.7578125 0.65546875 0.12890625 0.26875
10 0.87890625 0.66796875 0.12109375 0.25078125
10 0.7359375 0.5921875 0.06171875 0.15625
1 0.4078125 0.59375 0.08671875 0.16640625
1 0.5640625 0.60390625 0.08515625 0.13984375