3 0.1546875 0.65546875 0.05 0.0703125
0 0.13203125 0.71640625 0.05546875 0.0484375
8 0.22578125 0.69453125 0.05234375 0.08671875
8 0.30390625 0.69375 0.04765625 0.0796875
3 0.39765625 0.61875 0.04375 0.08125
7 0.37265625 0.7265625 0.06640625 0.04609375
3 0.5734375 0.67265625 0.04453125 0.05625
0 0.56953125 0.715625 0.03984375 0.03515625
8 0.76953125 0.68046875 0.06484375 0.08671875
8 0.88046875 0.77578125 0.0765625 0.11953125
5 0.8609375 0.85546875 0.05546875 0.03671875
3 0.68671875 0.68203125 0.0640625 0.12578125
0 0.69296875 0.83046875 0.0671875 0.078125
1 0.15390625 0.68125 0.1 0.12890625
10 0.396875 0.65703125 0.09140625 0.16015625
10 0.68515625 0.74609375 0.1625 0.24921875
1 0.234375 0.6828125 0.10234375 0.12109375
1 0.31328125 0.6953125 0.08984375 0.08671875
1 0.55703125 0.68203125 0.10078125 0.11640625
1 0.7609375 0.65703125 0.09765625 0.134375
1 0.86328125 0.77109375 0.15390625 0.18515625