6 0.1359375 0.48046875 0.053125 0.10703125
2 0.0921875 0.6484375 0.1125 0.05546875
6 0.2546875 0.50546875 0.05859375 0.10703125
0 0.20625 0.65546875 0.0453125 0.059375
6 0.38515625 0.4859375 0.04765625 0.109375
6 0.4390625 0.490625 0.03828125 0.08515625
5 0.32109375 0.67421875 0.0328125 0.04453125
8 0.60625 0.5734375 0.0515625 0.09453125
8 0.709375 0.56640625 0.0515625 0.08125
8 0.8078125 0.60078125 0.05 0.08671875
8 0.75703125 0.678125 0.071875 0.140625
10 0.13671875 0.5421875 0.14140625 0.2265625
10 0.2515625 0.56171875 0.13203125 0.221875
10 0.38515625 0.57578125 0.12734375 0.2640625
10 0.44921875 0.5359375 0.065625 0.15546875
1 0.59765625 0.5765625 0.10859375 0.12578125
1 0.7015625 0.58046875 0.10234375 0.1203125
1 0.815625 0.6125 0.10390625 0.115625
1 0.74296875 0.66640625 0.16640625 0.19140625