8 0.08515625 0.734375 0.075 0.10546875
5 0.0453125 0.85078125 0.05 0.04453125
6 0.23828125 0.653125 0.06015625 0.10546875
6 0.23671875 0.57421875 0.0390625 0.0515625
2 0.18828125 0.84375 0.10859375 0.05703125
6 0.3484375 0.575 0.0375 0.06875
5 0.325 0.70625 0.0234375 0.028125
2 0.35390625 0.71015625 0.03359375 0.03125
6 0.4859375 0.5703125 0.04609375 0.07421875
6 0.59140625 0.57109375 0.040625 0.07578125
5 0.61171875 0.70546875 0.0234375 0.028125
3 0.5265625 0.68515625 0.06484375 0.10703125
0 0.53828125 0.8109375 0.05 0.06640625
6 0.70390625 0.61015625 0.04765625 0.10546875
5 0.69765625 0.81875 0.03671875 0.03671875
3 0.8390625 0.6703125 0.06015625 0.10390625
2 0.88671875 0.828125 0.0890625 0.05546875
1 0.10625 0.73671875 0.14296875 0.20390625
10 0.23828125 0.71875 0.12421875 0.228125
10 0.34609375 0.6296875 0.084375 0.15703125
10 0.246875 0.63046875 0.0828125 0.153125
10 0.48359375 0.621875 0.10546875 0.15859375
10 0.5328125 0.73359375 0.1375 0.19453125
10 0.6 0.6203125 0.0796875 0.16484375
10 0.709375 0.69140625 0.1171875 0.2546875
10 0.8546875 0.72265625 0.12578125 0.18203125