7 0.23984375 0.1328125 0.0140625 0.01953125
3 0.24296875 0.09921875 0.01328125 0.03046875
10 0.24453125 0.109375 0.03984375 0.0515625
7 0.38515625 0.08046875 0.02421875 0.01953125
3 0.38671875 0.03984375 0.015625 0.03359375
10 0.39375 0.053125 0.04140625 0.059375
2 0.42578125 0.07734375 0.02265625 0.01171875
2 0.53671875 0.03203125 0.0140625 0.01171875
0 0.57421875 0.03125 0.01328125 0.01171875
2 0.9 0.39140625 0.0203125 0.0265625
2 0.67421875 0.31171875 0.03046875 0.04140625
7 0.70390625 0.30546875 0.03828125 0.03671875
3 0.7125 0.2515625 0.0234375 0.03984375
10 0.696875 0.259375 0.06171875 0.0984375