8 0.11484375 0.76484375 0.0703125 0.121875
5 0.0578125 0.82890625 0.03359375 0.03515625
3 0.22890625 0.60546875 0.04140625 0.0890625
0 0.21328125 0.68671875 0.0375 0.04375
8 0.24140625 0.740625 0.06640625 0.11484375
3 0.3484375 0.6046875 0.04609375 0.08359375
0 0.33828125 0.68046875 0.03359375 0.059375
3 0.52578125 0.621875 0.04609375 0.08046875
5 0.528125 0.69453125 0.0359375 0.03046875
3 0.62890625 0.61875 0.04453125 0.09609375
7 0.62265625 0.69375 0.06015625 0.0609375
6 0.75546875 0.60390625 0.0640625 0.1109375
6 0.87265625 0.62265625 0.05703125 0.09375
5 0.75234375 0.828125 0.0328125 0.040625
2 0.93828125 0.8359375 0.11640625 0.06953125
10 0.23125 0.628125 0.0921875 0.125
10 0.3515625 0.6359375 0.09609375 0.159375
10 0.51484375 0.64296875 0.10546875 0.14140625
10 0.62421875 0.65078125 0.1078125 0.13046875
10 0.734375 0.6921875 0.1703125 0.275
10 0.87734375 0.69453125 0.1234375 0.25859375
1 0.11015625 0.73125 0.165625 0.18046875
1 0.259375 0.74609375 0.13984375 0.1984375