3 0.03515625 0.4640625 0.0625 0.12421875
2 0.04140625 0.584375 0.08203125 0.08046875
3 0.19453125 0.4859375 0.0625 0.11953125
0 0.17890625 0.6015625 0.05234375 0.06328125
3 0.32265625 0.45546875 0.05390625 0.12578125
0 0.28125 0.5796875 0.0375 0.0515625
2 0.2828125 0.63046875 0.11484375 0.04296875
6 0.37265625 0.440625 0.03828125 0.06640625
6 0.5546875 0.44375 0.0375 0.0796875
9 0.64140625 0.4765625 0.03828125 0.075
6 0.70078125 0.5109375 0.05625 0.10625
2 0.6890625 0.6734375 0.0875 0.05625
10 0.6875 0.56796875 0.1328125 0.22109375
10 0.63359375 0.515625 0.0828125 0.14296875
10 0.546875 0.49921875 0.0953125 0.16875
10 0.39140625 0.49140625 0.07578125 0.15390625
10 0.3390625 0.51640625 0.14921875 0.23515625
10 0.20625 0.5296875 0.1203125 0.19296875
1 0.071875 0.515625 0.1421875 0.20078125