3 0.1484375 0.65390625 0.04375 0.078125
0 0.12578125 0.7203125 0.05 0.0390625
8 0.2296875 0.69375 0.05078125 0.078125
8 0.30703125 0.6890625 0.05390625 0.0890625
3 0.3953125 0.61796875 0.04921875 0.08671875
7 0.378125 0.71875 0.071875 0.05546875
3 0.56953125 0.65546875 0.04375 0.06640625
0 0.56640625 0.71875 0.03671875 0.04609375
3 0.75703125 0.61640625 0.04375 0.08125
0 0.759375 0.703125 0.0515625 0.05390625
3 0.6890625 0.690625 0.06015625 0.1296875
0 0.69453125 0.83046875 0.07734375 0.06640625
8 0.87734375 0.78046875 0.0796875 0.12578125
1 0.2328125 0.6828125 0.09765625 0.115625
1 0.31328125 0.69296875 0.08671875 0.0890625
1 0.559375 0.68125 0.10390625 0.11875
1 0.8625 0.77890625 0.15625 0.190625
1 0.14765625 0.67890625 0.09609375 0.12890625
10 0.4 0.66015625 0.09140625 0.15703125
10 0.6875 0.74765625 0.16015625 0.2453125
10 0.75703125 0.6515625 0.09140625 0.14921875