10 0.06328125 0.240625 0.07890625 0.1203125
10 0.0625 0.184375 0.07109375 0.10546875
10 0.14140625 0.14375 0.04921875 0.07421875
10 0.16875 0.33359375 0.10546875 0.18125
10 0.278125 0.35546875 0.1140625 0.15546875
1 0.25 0.25546875 0.0703125 0.1015625
1 0.315625 0.30546875 0.0828125 0.14453125
10 0.30546875 0.17890625 0.03671875 0.08984375
10 0.37734375 0.134375 0.0453125 0.06953125
10 0.39765625 0.22578125 0.06328125 0.0890625
10 0.42109375 0.15546875 0.0546875 0.08125
10 0.44453125 0.13046875 0.02890625 0.0796875
10 0.47890625 0.165625 0.0375 0.1
10 0.46328125 0.21796875 0.06640625 0.125
1 0.44765625 0.28046875 0.07265625 0.103125
10 0.446875 0.346875 0.08984375 0.18046875
10 0.534375 0.34375 0.0953125 0.190625
10 0.51953125 0.18125 0.04921875 0.10078125
1 0.56640625 0.178125 0.05859375 0.071875
10 0.5640625 0.20625 0.04609375 0.0765625
10 0.64140625 0.234375 0.05390625 0.09453125
1 0.596875 0.290625 0.0671875 0.0890625
10 0.640625 0.36796875 0.1296875 0.16953125
0 0.6421875 0.43046875 0.053125 0.040625
1 0.73203125 0.19375 0.05625 0.0796875
1 0.796875 0.18984375 0.03671875 0.06640625
10 0.76640625 0.215625 0.05078125 0.09296875
10 0.815625 0.21875 0.05 0.08359375
10 0.8859375 0.203125 0.04921875 0.07109375
10 0.8328125 0.29921875 0.07578125 0.11875
10 0.896875 0.33671875 0.0828125 0.15625
10 0.94921875 0.290625 0.04921875 0.11171875
2 0.26015625 0.4265625 0.06953125 0.03515625
2 0.515625 0.44296875 0.03828125 0.03203125
2 0.978125 0.46875 0.04375 0.03125
10 0.34453125 0.24296875 0.06640625 0.13984375
10 0.95234375 0.36484375 0.0953125 0.2015625
10 0.70625 0.1609375 0.0390625 0.08125
3 0.0625 0.21796875 0.034375 0.075
3 0.05703125 0.16796875 0.03203125 0.05703125
9 0.034375 0.14296875 0.02890625 0.06015625
3 0.13515625 0.134375 0.02265625 0.05546875
6 0.18671875 0.290625 0.0421875 0.0859375
3 0.2671875 0.321875 0.04453125 0.09375
3 0.2640625 0.24296875 0.03359375 0.0734375
3 0.27578125 0.19296875 0.02578125 0.0640625
10 0.284375 0.20625 0.0453125 0.08984375
3 0.30078125 0.29296875 0.03984375 0.084375
6 0.340625 0.20546875 0.03046875 0.06484375
3 0.30546875 0.16171875 0.02578125 0.05625
3 0.33671875 0.121875 0.0203125 0.05625
10 0.34140625 0.13125 0.03125 0.075
9 0.36953125 0.1265625 0.02109375 0.05
3 0.396875 0.21640625 0.0296875 0.065625
3 0.4234375 0.14296875 0.02265625 0.05625
6 0.4421875 0.1109375 0.02109375 0.04375
3 0.47265625 0.14296875 0.021875 0.05078125
6 0.4609375 0.184375 0.028125 0.05546875
3 0.43984375 0.2609375 0.0296875 0.06953125
6 0.45390625 0.30390625 0.03828125 0.09140625
6 0.52265625 0.159375 0.025 0.05546875
3 0.57109375 0.16171875 0.02578125 0.04375
6 0.56796875 0.19375 0.02421875 0.04609375
3 0.6421875 0.2234375 0.028125 0.06328125
3 0.5421875 0.303125 0.03671875 0.09921875
3 0.64375 0.34140625 0.04765625 0.1046875
6 0.709375 0.14140625 0.01796875 0.03203125
3 0.7453125 0.18046875 0.025 0.05
3 0.76953125 0.19375 0.021875 0.0515625
3 0.8015625 0.18125 0.02578125 0.05078125
3 0.8234375 0.20390625 0.02265625 0.05
3 0.85390625 0.27421875 0.02890625 0.06953125
7 0.84375 0.34140625 0.0421875 0.02890625
3 0.89765625 0.19375 0.02734375 0.05
6 0.90625 0.29296875 0.03671875 0.07109375
6 0.95 0.26171875 0.02890625 0.05546875
3 0.9859375 0.315625 0.028125 0.10390625