6 0.1875 0.60546875 0.0546875 0.11875
5 0.1375 0.765625 0.0390625 0.04609375
3 0.32265625 0.58671875 0.05546875 0.13203125
0 0.30078125 0.74375 0.065625 0.06640625
9 0.36953125 0.54921875 0.040625 0.08671875
3 0.5734375 0.5875 0.03828125 0.06953125
3 0.59765625 0.61796875 0.05625 0.11640625
0 0.59453125 0.76953125 0.07109375 0.0703125
6 0.74609375 0.55546875 0.0671875 0.11640625
5 0.75078125 0.784375 0.04140625 0.04375
6 0.8546875 0.5796875 0.059375 0.11484375
2 0.90703125 0.809375 0.14453125 0.06953125
10 0.184375 0.65703125 0.13671875 0.21484375
10 0.334375 0.65 0.12890625 0.24453125
10 0.39375 0.5875 0.0890625 0.16796875
10 0.5953125 0.67890625 0.13984375 0.2359375
10 0.7453125 0.64296875 0.12578125 0.2859375
10 0.8703125 0.65546875 0.146875 0.26171875
10 0.28828125 0.59375 0.06015625 0.13359375
1 0.55625 0.6109375 0.07734375 0.13046875