3 0.2078125 0.43359375 0.02578125 0.0640625
10 0.2078125 0.45625 0.07109375 0.096875
3 0.11484375 0.40546875 0.0234375 0.0453125
1 0.121875 0.41640625 0.05859375 0.06953125
3 0.1625 0.3859375 0.02109375 0.04453125
1 0.16640625 0.39296875 0.04765625 0.05078125
3 0.23828125 0.35234375 0.01953125 0.03828125
3 0.259375 0.40625 0.0203125 0.04140625
10 0.26796875 0.42265625 0.0484375 0.08046875
1 0.23828125 0.35859375 0.03671875 0.05546875
3 0.27265625 0.3546875 0.01640625 0.0390625
10 0.27734375 0.36796875 0.04140625 0.06484375
3 0.31015625 0.34609375 0.015625 0.03046875
1 0.3140625 0.35546875 0.03359375 0.04609375
3 0.3171875 0.46875 0.02734375 0.06875
10 0.31015625 0.490625 0.09375 0.11015625
0 0.30390625 0.521875 0.03046875 0.03046875
6 0.40703125 0.45546875 0.028125 0.0546875
10 0.40625 0.484375 0.06953125 0.11875
3 0.51328125 0.48046875 0.02890625 0.06875
3 0.596875 0.46796875 0.02890625 0.0734375
10 0.58828125 0.49375 0.06328125 0.11875
6 0.66328125 0.45625 0.03125 0.065625
10 0.66484375 0.48984375 0.07265625 0.12578125
3 0.6484375 0.44375 0.02109375 0.05
10 0.6375 0.46875 0.0421875 0.09296875
3 0.4265625 0.44296875 0.025 0.05625
1 0.44140625 0.46484375 0.05546875 0.090625
3 0.35625 0.45625 0.02578125 0.053125
1 0.36171875 0.46875 0.0609375 0.07421875
6 0.38828125 0.4 0.02421875 0.05
10 0.38828125 0.41796875 0.05078125 0.084375
6 0.45078125 0.390625 0.01953125 0.0390625
10 0.453125 0.41640625 0.0375 0.09140625
6 0.52578125 0.4015625 0.01953125 0.05078125
10 0.521875 0.41875 0.05234375 0.09453125
3 0.58125 0.41484375 0.02109375 0.05
10 0.58046875 0.43125 0.0546875 0.0859375
3 0.634375 0.41875 0.0234375 0.0484375
10 0.628125 0.43125 0.03828125 0.0765625
6 0.65625 0.378125 0.01796875 0.04140625
10 0.66015625 0.39296875 0.03828125 0.07109375
6 0.5375 0.36640625 0.0203125 0.03828125
10 0.546875 0.38984375 0.0390625 0.08671875
6 0.484375 0.3796875 0.0203125 0.0390625
10 0.4859375 0.39296875 0.040625 0.06953125
6 0.403125 0.37734375 0.01796875 0.0359375
10 0.4078125 0.390625 0.03046875 0.0703125
3 0.41875 0.3515625 0.01796875 0.0390625
10 0.425 0.36484375 0.03203125 0.06640625
3 0.434375 0.3421875 0.01328125 0.034375
3 0.475 0.334375 0.0140625 0.03125
10 0.475 0.33671875 0.0296875 0.04453125
3 0.50625 0.34140625 0.01484375 0.03828125
10 0.50703125 0.34375 0.03125 0.0515625
6 0.575 0.34765625 0.01640625 0.03046875
10 0.57578125 0.3671875 0.0375 0.06953125
3 0.60078125 0.33125 0.01328125 0.03203125
1 0.5953125 0.34375 0.02421875 0.05546875
3 0.61640625 0.36796875 0.01796875 0.03046875
10 0.61484375 0.37890625 0.04140625 0.04140625
3 0.7203125 0.34375 0.01171875 0.03359375
3 0.73203125 0.35390625 0.01484375 0.034375
10 0.73203125 0.36796875 0.034375 0.065625
3 0.77890625 0.35546875 0.01640625 0.040625
10 0.775 0.35859375 0.02578125 0.04453125
6 0.75546875 0.36796875 0.0140625 0.0359375
3 0.7984375 0.36875 0.01953125 0.040625
3 0.86015625 0.34921875 0.01875 0.040625
3 0.853125 0.35859375 0.03203125 0.059375
3 0.83203125 0.38984375 0.01796875 0.040625
6 0.81875 0.409375 0.01953125 0.04453125
10 0.815625 0.43046875 0.04609375 0.0890625
6 0.8609375 0.41171875 0.02578125 0.046875
6 0.92265625 0.40703125 0.02109375 0.04453125
10 0.91015625 0.43046875 0.046875 0.08515625
3 0.95703125 0.41875 0.02421875 0.0453125
3 0.8765625 0.4484375 0.02734375 0.06171875
10 0.86484375 0.47265625 0.0578125 0.11171875
3 0.9421875 0.46640625 0.03671875 0.06953125
10 0.921875 0.49765625 0.08828125 0.13046875
10 0.515625 0.49296875 0.07109375 0.096875
2 0.1625 0.54375 0.03984375 0.02421875
2 0.26875 0.45546875 0.02421875 0.02421875
10 0.75234375 0.38203125 0.0328125 0.06875
10 0.79296875 0.38046875 0.0390625 0.06640625