10 0.06640625 0.23828125 0.08671875 0.13125
10 0.09140625 0.15859375 0.05546875 0.103125
10 0.13515625 0.14296875 0.05703125 0.0796875
10 0.3796875 0.140625 0.04375 0.06640625
10 0.30703125 0.17109375 0.03828125 0.09453125
10 0.25625 0.24609375 0.06796875 0.1359375
10 0.34140625 0.2515625 0.046875 0.13828125
10 0.2859375 0.3453125 0.10234375 0.17578125
10 0.16328125 0.33203125 0.09921875 0.18359375
10 0.4203125 0.15546875 0.05390625 0.08359375
1 0.396875 0.225 0.0609375 0.09453125
10 0.45 0.265625 0.078125 0.1359375
10 0.44453125 0.3515625 0.10234375 0.18984375
2 0.51484375 0.44296875 0.03984375 0.03828125
10 0.51640625 0.1859375 0.04921875 0.10546875
10 0.56640625 0.20546875 0.04765625 0.08203125
10 0.52421875 0.2609375 0.06953125 0.14375
10 0.5390625 0.35625 0.09609375 0.1796875
10 0.63125 0.22890625 0.05703125 0.10859375
10 0.63515625 0.37109375 0.1 0.15625
1 0.7109375 0.178125 0.0375 0.05390625
1 0.7328125 0.19140625 0.05859375 0.08515625
1 0.790625 0.1921875 0.04453125 0.06796875
10 0.7625 0.21640625 0.04921875 0.090625
10 0.81875 0.21875 0.0546875 0.09296875
10 0.8859375 0.18984375 0.04375 0.090625
10 0.83828125 0.3015625 0.078125 0.13125
10 0.903125 0.3390625 0.08359375 0.16171875
10 0.9609375 0.36953125 0.07734375 0.196875
1 0.55078125 0.15703125 0.04375 0.0640625
10 0.334375 0.14296875 0.04609375 0.09140625
10 0.478125 0.221875 0.04765625 0.12421875
6 0.0578125 0.20625 0.03359375 0.065625
3 0.078125 0.14296875 0.02734375 0.0609375
3 0.1265625 0.13203125 0.025 0.05859375
6 0.3296875 0.1234375 0.02109375 0.0453125
3 0.378125 0.13359375 0.0203125 0.05
3 0.42265625 0.14453125 0.02421875 0.05703125
6 0.3015625 0.159375 0.02578125 0.05546875
6 0.334375 0.21328125 0.0296875 0.05546875
3 0.38828125 0.21875 0.028125 0.06640625
6 0.253125 0.21875 0.0359375 0.071875
3 0.275 0.1984375 0.02734375 0.06796875
3 0.20078125 0.303125 0.0375 0.08515625
1 0.2140625 0.31640625 0.06640625 0.11875
6 0.30625 0.25390625 0.03671875 0.078125
9 0.29453125 0.30625 0.04453125 0.09375
6 0.159375 0.29296875 0.04296875 0.09375
6 0.459375 0.10625 0.0203125 0.04375
10 0.45390625 0.12890625 0.03359375 0.08359375
6 0.51328125 0.1609375 0.025 0.05546875
6 0.46640625 0.19609375 0.02578125 0.0640625
6 0.44453125 0.23359375 0.03359375 0.07421875
3 0.525 0.22890625 0.03203125 0.0765625
3 0.5578125 0.1515625 0.01953125 0.046875
6 0.56953125 0.18984375 0.02265625 0.05
3 0.4546875 0.30625 0.04296875 0.08828125
3 0.53828125 0.32109375 0.04140625 0.1015625
3 0.63125 0.34375 0.0484375 0.09296875
6 0.63203125 0.20546875 0.028125 0.06328125
3 0.71640625 0.1734375 0.02109375 0.04375
3 0.7453125 0.178125 0.02578125 0.0546875
3 0.79453125 0.18671875 0.02421875 0.05546875
6 0.76171875 0.19609375 0.0234375 0.05078125
3 0.89296875 0.17109375 0.0265625 0.053125
3 0.82421875 0.2015625 0.0234375 0.05390625
3 0.85703125 0.27421875 0.03046875 0.06875
6 0.91875 0.2953125 0.0421875 0.07578125
3 0.9796875 0.32890625 0.03984375 0.10390625