6 0.09609375 0.63359375 0.06796875 0.12890625
5 0.046875 0.84375 0.0515625 0.04453125
6 0.24609375 0.58828125 0.04453125 0.08515625
6 0.34921875 0.578125 0.04296875 0.07421875
5 0.32578125 0.70546875 0.02578125 0.03359375
8 0.19375 0.76484375 0.0703125 0.1296875
6 0.490625 0.575 0.0390625 0.07578125
3 0.51015625 0.70078125 0.05859375 0.11328125
0 0.53828125 0.815625 0.03984375 0.05703125
6 0.60859375 0.57421875 0.0375 0.078125
6 0.70078125 0.60546875 0.05546875 0.10546875
5 0.69453125 0.81875 0.034375 0.0390625
3 0.84296875 0.65625 0.0609375 0.11875
2 0.88515625 0.81875 0.1 0.0609375
10 0.1046875 0.69765625 0.134375 0.26796875
10 0.24765625 0.62890625 0.09296875 0.17109375
10 0.3453125 0.6265625 0.09765625 0.1765625
10 0.4921875 0.61953125 0.09765625 0.17109375
1 0.53203125 0.7359375 0.13984375 0.19453125
10 0.60703125 0.61796875 0.10234375 0.16796875
10 0.70703125 0.69140625 0.13046875 0.26796875
10 0.85546875 0.70546875 0.1328125 0.2203125
1 0.2171875 0.74921875 0.14609375 0.20625