3 0.21015625 0.4359375 0.028125 0.0609375
10 0.20625 0.4546875 0.0734375 0.1015625
3 0.1125 0.4109375 0.02578125 0.053125
1 0.1171875 0.41875 0.05703125 0.0703125
3 0.16328125 0.38828125 0.02265625 0.04375
1 0.165625 0.39375 0.04609375 0.05703125
3 0.259375 0.40546875 0.021875 0.04375
10 0.2671875 0.42265625 0.05078125 0.08046875
9 0.27109375 0.3578125 0.02109375 0.04375
10 0.28203125 0.36640625 0.040625 0.06484375
3 0.31171875 0.3453125 0.01796875 0.0390625
10 0.31328125 0.35078125 0.03984375 0.04921875
3 0.3171875 0.46328125 0.0296875 0.071875
10 0.31015625 0.490625 0.08984375 0.11953125
0 0.303125 0.52421875 0.0359375 0.03125
3 0.40390625 0.46171875 0.03046875 0.06875
10 0.40625 0.48984375 0.09921875 0.1203125
0 0.39765625 0.53125 0.03515625 0.03828125
6 0.5171875 0.44375 0.03359375 0.05859375
10 0.515625 0.48203125 0.07421875 0.134375
6 0.58125 0.44921875 0.0328125 0.05625
10 0.58515625 0.48515625 0.06328125 0.13125
6 0.665625 0.44375 0.03046875 0.059375
10 0.6671875 0.48046875 0.07265625 0.1390625
3 0.64765625 0.446875 0.01953125 0.05546875
3 0.3640625 0.44609375 0.02734375 0.05625
1 0.36484375 0.4625 0.05546875 0.09375
3 0.42890625 0.4515625 0.025 0.05390625
1 0.44453125 0.4609375 0.05546875 0.09453125
3 0.39375 0.4171875 0.0265625 0.04921875
6 0.5234375 0.40078125 0.02109375 0.0484375
10 0.5234375 0.41875 0.05078125 0.090625
3 0.58359375 0.40859375 0.02109375 0.04453125
3 0.6359375 0.41875 0.021875 0.0515625
3 0.62734375 0.43125 0.04140625 0.0765625
6 0.6578125 0.37734375 0.01796875 0.04375
10 0.66171875 0.39296875 0.0421875 0.08046875
3 0.5375 0.3734375 0.02265625 0.04296875
10 0.54453125 0.39140625 0.03828125 0.08046875
6 0.48515625 0.378125 0.02109375 0.03828125
10 0.48828125 0.39296875 0.04140625 0.07109375
6 0.4484375 0.39296875 0.02265625 0.04140625
10 0.45546875 0.41875 0.0359375 0.090625
3 0.4 0.38125 0.01875 0.0359375
3 0.6171875 0.37109375 0.0171875 0.03828125
10 0.6125 0.38046875 0.04140625 0.05
6 0.57578125 0.34921875 0.0171875 0.040625
10 0.57578125 0.36640625 0.03515625 0.0703125
6 0.4171875 0.35234375 0.01796875 0.0359375
10 0.41953125 0.36640625 0.034375 0.06640625
3 0.4375 0.340625 0.01484375 0.04375
10 0.4390625 0.3453125 0.02890625 0.05
3 0.50546875 0.33984375 0.01640625 0.03671875
10 0.50546875 0.34765625 0.03515625 0.05625
3 0.475 0.334375 0.01484375 0.03515625
10 0.475 0.3375 0.02890625 0.04375
3 0.53359375 0.33359375 0.0140625 0.03125
3 0.60078125 0.334375 0.01640625 0.03671875
10 0.596875 0.34140625 0.0265625 0.05
3 0.71875 0.34296875 0.01328125 0.03046875
3 0.73125 0.35546875 0.01484375 0.034375
10 0.73125 0.3625 0.03515625 0.05625
3 0.77734375 0.353125 0.01640625 0.03828125
10 0.77421875 0.35546875 0.0296875 0.0484375
6 0.75625 0.36875 0.01484375 0.03515625
3 0.796875 0.36875 0.0203125 0.0390625
3 0.8578125 0.35078125 0.01953125 0.03828125
10 0.85234375 0.35859375 0.03203125 0.06328125
3 0.83125 0.38671875 0.01953125 0.04453125
10 0.83203125 0.39921875 0.01953125 0.06953125
6 0.815625 0.41640625 0.02890625 0.05
10 0.815625 0.4359375 0.04921875 0.09453125
9 0.9125 0.40625 0.02265625 0.0453125
10 0.90390625 0.4234375 0.03828125 0.08046875
3 0.95703125 0.42578125 0.02421875 0.0484375
10 0.959375 0.43671875 0.02890625 0.08046875
3 0.87421875 0.44609375 0.0265625 0.06484375
10 0.8625 0.46953125 0.0578125 0.1140625
3 0.925 0.45546875 0.03359375 0.071875
10 0.92109375 0.49140625 0.0796875 0.13984375
6 0.9875 0.48125 0.02421875 0.065625
10 0.97890625 0.50625 0.04140625 0.10859375
2 0.16328125 0.54375 0.040625 0.021875
2 0.26875 0.4609375 0.02265625 0.02421875
10 0.753125 0.3828125 0.03671875 0.065625
7 0.92890625 0.54609375 0.03828125 0.05859375
10 0.79140625 0.38203125 0.03515625 0.0640625