10 0.06640625 0.23515625 0.08515625 0.13125
10 0.13828125 0.14296875 0.05625 0.08515625
10 0.38046875 0.14140625 0.0421875 0.06796875
10 0.30703125 0.17578125 0.03828125 0.09375
10 0.33828125 0.25 0.053125 0.14296875
10 0.2734375 0.34609375 0.10625 0.1796875
10 0.165625 0.33828125 0.09609375 0.18046875
10 0.4203125 0.15546875 0.05390625 0.08359375
1 0.3953125 0.23046875 0.059375 0.08359375
10 0.4546875 0.2640625 0.06953125 0.1265625
10 0.44140625 0.34609375 0.10390625 0.1859375
2 0.51484375 0.44296875 0.03984375 0.03828125
10 0.56875 0.20390625 0.0453125 0.08203125
10 0.534375 0.35 0.08984375 0.19453125
10 0.63125 0.22890625 0.0578125 0.109375
10 0.6359375 0.37421875 0.10078125 0.153125
1 0.709375 0.17734375 0.03515625 0.0546875
10 0.73203125 0.18671875 0.05703125 0.09453125
1 0.79296875 0.18671875 0.04453125 0.071875
10 0.7625 0.215625 0.05078125 0.09296875
10 0.815625 0.21796875 0.05546875 0.0890625
10 0.884375 0.18984375 0.0421875 0.0890625
10 0.8390625 0.29296875 0.06953125 0.1234375
10 0.90390625 0.340625 0.08359375 0.16328125
10 0.96015625 0.36640625 0.07890625 0.21328125
10 0.55078125 0.16640625 0.04375 0.103125
10 0.0359375 0.15859375 0.04765625 0.08828125
10 0.33125 0.14921875 0.04140625 0.08984375
10 0.4765625 0.22265625 0.04921875 0.11953125
1 0.2140625 0.32109375 0.06328125 0.109375
10 0.5171875 0.18828125 0.04609375 0.0953125
6 0.05703125 0.20625 0.03359375 0.06796875
3 0.03671875 0.14765625 0.0265625 0.06015625
3 0.13203125 0.128125 0.02734375 0.05625
3 0.37890625 0.13359375 0.02109375 0.05078125
3 0.42265625 0.14609375 0.02421875 0.05703125
3 0.3859375 0.22421875 0.028125 0.06953125
3 0.27578125 0.3125 0.04609375 0.0953125
3 0.29296875 0.26328125 0.0390625 0.09453125
10 0.31640625 0.29921875 0.08359375 0.16953125
6 0.16640625 0.29375 0.04375 0.09296875
3 0.2015625 0.30859375 0.034375 0.08203125
6 0.30078125 0.15703125 0.02578125 0.05625
6 0.3359375 0.209375 0.03125 0.06171875
6 0.328125 0.13203125 0.021875 0.053125
6 0.42890625 0.30234375 0.040625 0.08828125
6 0.53203125 0.296875 0.04296875 0.08046875
6 0.44375 0.23984375 0.0328125 0.0796875
3 0.465625 0.19453125 0.02734375 0.0640625
6 0.48203125 0.1390625 0.021875 0.046875
10 0.48828125 0.1609375 0.03515625 0.09296875
3 0.51875 0.16875 0.02578125 0.05859375
6 0.553125 0.13984375 0.02265625 0.0484375
3 0.53671875 0.24375 0.03359375 0.06640625
6 0.5703125 0.1890625 0.02421875 0.05
6 0.63359375 0.20625 0.02890625 0.0609375
3 0.621875 0.3109375 0.0359375 0.0796875
3 0.64453125 0.35078125 0.04453125 0.09453125
1 0.60546875 0.3359375 0.06796875 0.13046875
1 0.59296875 0.29453125 0.06796875 0.10859375
3 0.71640625 0.1734375 0.01796875 0.04296875
3 0.740625 0.16875 0.02578125 0.05625
3 0.79609375 0.18203125 0.0265625 0.05625
3 0.76875 0.196875 0.0234375 0.0515625
3 0.89140625 0.17109375 0.02421875 0.053125
3 0.82265625 0.19921875 0.02421875 0.0546875
6 0.85 0.2640625 0.0296875 0.05703125
6 0.9109375 0.296875 0.03984375 0.0734375
6 0.9796875 0.31640625 0.03984375 0.0984375
2 0.25546875 0.42109375 0.07734375 0.03984375