3 0.15078125 0.65546875 0.03984375 0.078125
0 0.12578125 0.7203125 0.04765625 0.03671875
8 0.22578125 0.69296875 0.04609375 0.08125
8 0.30703125 0.69375 0.046875 0.07421875
3 0.39453125 0.61953125 0.04140625 0.08671875
7 0.37890625 0.7265625 0.07265625 0.0609375
3 0.56953125 0.653125 0.04609375 0.071875
0 0.56640625 0.71796875 0.04296875 0.0390625
8 0.7671875 0.65546875 0.053125 0.0890625
8 0.8765625 0.77890625 0.07734375 0.11640625
3 0.69140625 0.68671875 0.06328125 0.13125
0 0.69453125 0.84140625 0.07890625 0.06875
1 0.23125 0.68046875 0.10390625 0.11640625
1 0.3140625 0.69453125 0.08515625 0.0859375
1 0.56015625 0.6828125 0.103125 0.11953125
1 0.76953125 0.66796875 0.096875 0.14921875
1 0.865625 0.7796875 0.15625 0.19296875
1 0.15078125 0.678125 0.09765625 0.13046875
10 0.39453125 0.6578125 0.10078125 0.1640625
10 0.68515625 0.75390625 0.1625 0.25703125
5 0.86015625 0.86171875 0.0546875 0.053125