8 0.115625 0.75625 0.06875 0.12578125
5 0.0578125 0.83359375 0.03671875 0.0390625
3 0.2328125 0.60546875 0.04296875 0.0890625
0 0.21328125 0.68046875 0.03984375 0.03515625
8 0.2421875 0.74296875 0.065625 0.121875
3 0.3484375 0.6046875 0.04609375 0.09453125
0 0.33828125 0.6859375 0.03359375 0.05625
3 0.5234375 0.61875 0.04453125 0.08359375
5 0.5296875 0.70390625 0.03828125 0.0296875
3 0.62734375 0.61875 0.0453125 0.08125
7 0.621875 0.69375 0.0578125 0.05
6 0.75390625 0.59921875 0.05859375 0.11953125
5 0.75390625 0.82109375 0.0375 0.0484375
6 0.8765625 0.61875 0.05625 0.10703125
2 0.9390625 0.84765625 0.1125 0.06796875
5 0.228125 0.84296875 0.0296875 0.03359375
1 0.10234375 0.73359375 0.14921875 0.18671875
1 0.25390625 0.74453125 0.14921875 0.20859375
10 0.228125 0.6296875 0.09140625 0.13125
10 0.35234375 0.63359375 0.09140625 0.16484375
10 0.51640625 0.64453125 0.10390625 0.11953125
10 0.628125 0.64453125 0.1046875 0.128125
10 0.73671875 0.68515625 0.1796875 0.26875
10 0.87578125 0.69375 0.11796875 0.2453125