6 0.13828125 0.478125 0.05390625 0.1
2 0.090625 0.64375 0.1078125 0.059375
6 0.25703125 0.5046875 0.05390625 0.10546875
0 0.20390625 0.64921875 0.04140625 0.06484375
6 0.38515625 0.48359375 0.05546875 0.09609375
5 0.32109375 0.6765625 0.0328125 0.0390625
6 0.4390625 0.49453125 0.0375 0.078125
8 0.6078125 0.56953125 0.05 0.090625
8 0.71015625 0.56484375 0.04765625 0.0890625
8 0.81015625 0.61171875 0.053125 0.09453125
8 0.753125 0.67109375 0.0609375 0.109375
10 0.13359375 0.54453125 0.14921875 0.225
10 0.25 0.56171875 0.13046875 0.22109375
10 0.38515625 0.56953125 0.11953125 0.25
10 0.446875 0.5375 0.07109375 0.1546875
1 0.6015625 0.5765625 0.10390625 0.12578125
1 0.70625 0.58125 0.103125 0.11796875
1 0.74609375 0.66796875 0.165625 0.18046875
1 0.815625 0.609375 0.10390625 0.11171875