8 0.11328125 0.75625 0.06875 0.1109375
5 0.059375 0.83046875 0.0328125 0.040625
8 0.24296875 0.74375 0.0734375 0.13359375
6 0.234375 0.60078125 0.0453125 0.08671875
0 0.2109375 0.68046875 0.0375 0.04296875
3 0.3484375 0.59296875 0.04453125 0.10390625
0 0.33828125 0.6859375 0.04296875 0.05625
3 0.5234375 0.6203125 0.04375 0.08671875
5 0.5265625 0.6984375 0.0375 0.03046875
3 0.63046875 0.61875 0.0421875 0.08359375
7 0.63125 0.69921875 0.0703125 0.05625
6 0.75390625 0.5984375 0.06015625 0.11953125
5 0.75078125 0.82109375 0.03984375 0.03671875
6 0.87109375 0.6265625 0.0578125 0.109375
2 0.93828125 0.84375 0.109375 0.059375
10 0.228125 0.63125 0.103125 0.140625
10 0.35390625 0.63671875 0.090625 0.17109375
10 0.51484375 0.64453125 0.10546875 0.13515625
10 0.63203125 0.64453125 0.103125 0.153125
10 0.734375 0.68984375 0.17578125 0.28359375
10 0.88203125 0.68984375 0.12734375 0.25546875
1 0.1109375 0.73671875 0.17421875 0.19609375
1 0.26015625 0.74453125 0.14140625 0.21328125