10 0.06953125 0.246875 0.0875 0.13125
10 0.13515625 0.14296875 0.05546875 0.08046875
10 0.09140625 0.165625 0.05546875 0.1109375
10 0.38125 0.1390625 0.0421875 0.07421875
10 0.33046875 0.146875 0.0421875 0.08125
10 0.30703125 0.17734375 0.03984375 0.096875
10 0.34140625 0.2515625 0.05859375 0.13828125
1 0.396875 0.2265625 0.06328125 0.08671875
10 0.41953125 0.15625 0.05625 0.08203125
10 0.47578125 0.21796875 0.04296875 0.115625
10 0.45078125 0.2609375 0.084375 0.14375
10 0.52265625 0.25546875 0.05859375 0.140625
10 0.56953125 0.20546875 0.04765625 0.08359375
10 0.64453125 0.228125 0.05859375 0.11015625
10 0.6 0.28046875 0.05546875 0.09453125
10 0.64765625 0.35546875 0.1125 0.19453125
10 0.546875 0.35546875 0.09765625 0.1796875
10 0.44453125 0.353125 0.09296875 0.184375
1 0.26328125 0.36796875 0.11796875 0.13203125
10 0.31328125 0.309375 0.08671875 0.14375
10 0.14296875 0.33671875 0.1328125 0.18046875
10 0.21484375 0.30390625 0.0671875 0.13671875
10 0.265625 0.24375 0.0671875 0.13515625
1 0.70703125 0.1734375 0.03828125 0.05625
1 0.73359375 0.19296875 0.05703125 0.08203125
10 0.7921875 0.18125 0.040625 0.08046875
10 0.76328125 0.21875 0.05546875 0.09296875
10 0.81640625 0.21875 0.05546875 0.090625
10 0.88515625 0.1890625 0.04296875 0.08515625
10 0.83203125 0.29375 0.075 0.13046875
1 0.909375 0.35546875 0.0828125 0.12890625
10 0.9625 0.3796875 0.075 0.19375
10 0.0328125 0.15546875 0.05546875 0.0796875
10 0.54453125 0.1484375 0.040625 0.08125
2 0.4 0.43046875 0.0609375 0.03125
2 0.51328125 0.44296875 0.0375 0.03203125
10 0.51875 0.18125 0.04609375 0.09921875
10 0.86796875 0.24375 0.0390625 0.09609375
1 0.97109375 0.29296875 0.0578125 0.0953125
3 0.065625 0.221875 0.03125 0.06953125
9 0.03828125 0.14453125 0.03046875 0.05625
3 0.078125 0.14140625 0.0296875 0.06328125
3 0.12890625 0.1359375 0.0234375 0.05546875
9 0.33203125 0.13515625 0.0265625 0.0515625
9 0.3796875 0.128125 0.02109375 0.05
6 0.3015625 0.15625 0.02734375 0.053125
3 0.42109375 0.14453125 0.02421875 0.05625
3 0.3890625 0.21875 0.03203125 0.06640625
6 0.33828125 0.2109375 0.03046875 0.05625
6 0.2703125 0.20859375 0.03359375 0.06875
3 0.3171875 0.30546875 0.0375 0.071875
3 0.215625 0.2796875 0.0390625 0.08671875
6 0.16171875 0.29609375 0.04453125 0.0953125
3 0.24375 0.35625 0.0484375 0.09375
6 0.46171875 0.11796875 0.0203125 0.046875
6 0.47578125 0.1359375 0.02109375 0.04453125
6 0.4703125 0.19296875 0.028125 0.05546875
6 0.44921875 0.22890625 0.03359375 0.071875
9 0.453125 0.30546875 0.04453125 0.0890625
6 0.52421875 0.2296875 0.0328125 0.078125
6 0.5171875 0.16484375 0.02421875 0.0515625
6 0.55078125 0.13046875 0.02109375 0.05
6 0.56953125 0.1921875 0.02421875 0.04921875
9 0.55390625 0.31171875 0.04921875 0.09453125
3 0.61015625 0.26953125 0.034375 0.07578125
6 0.64765625 0.20546875 0.02890625 0.06328125
6 0.64453125 0.30546875 0.046875 0.09609375
3 0.71640625 0.16875 0.02109375 0.04296875
3 0.746875 0.1796875 0.0265625 0.05390625
6 0.76953125 0.19453125 0.02421875 0.04375
3 0.78515625 0.16796875 0.02421875 0.053125
6 0.8234375 0.20078125 0.02421875 0.05078125
3 0.8921875 0.16796875 0.025 0.05078125
3 0.8609375 0.2296875 0.02421875 0.059375
6 0.84453125 0.2609375 0.02890625 0.05546875
6 0.90859375 0.26875 0.04140625 0.06484375
10 0.903125 0.29296875 0.05234375 0.10859375
3 0.93046875 0.33125 0.0421875 0.08203125
3 0.9859375 0.2859375 0.02734375 0.06875