6 0.19453125 0.596875 0.06640625 0.11328125
5 0.1390625 0.765625 0.0375 0.04296875
3 0.2828125 0.5703125 0.04140625 0.078125
0 0.2859375 0.6359375 0.02890625 0.03125
6 0.3359375 0.56875 0.05546875 0.10703125
3 0.39375 0.5546875 0.04296875 0.0984375
3 0.575 0.56328125 0.0390625 0.06328125
3 0.59765625 0.61796875 0.053125 0.1203125
0 0.59609375 0.7703125 0.0671875 0.0703125
3 0.734375 0.5859375 0.0515625 0.1203125
0 0.74765625 0.728125 0.05546875 0.06328125
9 0.85703125 0.61875 0.065625 0.12421875
2 0.9078125 0.80546875 0.13828125 0.06875
10 0.18828125 0.65625 0.13046875 0.21796875
10 0.28984375 0.6015625 0.0671875 0.121875
10 0.340625 0.6421875 0.13125 0.25078125
10 0.40703125 0.59296875 0.0859375 0.165625
10 0.56640625 0.6015625 0.06953125 0.13828125
10 0.59453125 0.6734375 0.14296875 0.2265625
10 0.73359375 0.6515625 0.13046875 0.2609375
10 0.85625 0.675 0.13203125 0.23359375