10 0.065625 0.2453125 0.0796875 0.1203125
10 0.09453125 0.1671875 0.05625 0.096875
1 0.1375 0.1515625 0.05 0.07421875
10 0.14609375 0.33828125 0.12734375 0.17578125
10 0.278125 0.35625 0.1140625 0.15546875
1 0.25 0.25546875 0.06875 0.10390625
10 0.3203125 0.29296875 0.08046875 0.175
10 0.30546875 0.17109375 0.03828125 0.084375
10 0.38125 0.13125 0.04609375 0.07890625
1 0.396875 0.2203125 0.0671875 0.0984375
10 0.42265625 0.15703125 0.05390625 0.08203125
10 0.44453125 0.13046875 0.02890625 0.0796875
10 0.46640625 0.21875 0.06484375 0.13125
1 0.44765625 0.2828125 0.07265625 0.103125
10 0.446875 0.346875 0.08984375 0.18046875
10 0.534375 0.34765625 0.0921875 0.18828125
1 0.51640625 0.20078125 0.04765625 0.06875
10 0.56953125 0.16640625 0.06484375 0.09609375
10 0.56328125 0.20625 0.04609375 0.0765625
10 0.6375 0.23125 0.0578125 0.10625
1 0.59765625 0.2921875 0.06875 0.08984375
10 0.6390625 0.37109375 0.13125 0.16484375
0 0.64453125 0.43046875 0.05078125 0.03828125
1 0.734375 0.19140625 0.05859375 0.07890625
10 0.765625 0.2171875 0.05234375 0.08984375
10 0.81640625 0.20703125 0.05625 0.09921875
10 0.8859375 0.19296875 0.04921875 0.0796875
10 0.834375 0.2984375 0.0734375 0.11953125
10 0.89453125 0.340625 0.08125 0.15859375
10 0.95703125 0.290625 0.05546875 0.11640625
2 0.26015625 0.4265625 0.06953125 0.03515625
2 0.515625 0.44296875 0.03828125 0.03203125
2 0.978125 0.46875 0.04375 0.03125
10 0.3421875 0.24921875 0.05390625 0.14296875
10 0.946875 0.37578125 0.10625 0.18125
10 0.703125 0.17578125 0.04296875 0.0984375
10 0.32578125 0.14375 0.03515625 0.078125
10 0.34375 0.13203125 0.0296875 0.08125
10 0.0578125 0.19296875 0.07578125 0.09921875
1 0.21640625 0.3109375 0.07265625 0.13046875
10 0.54375 0.15625 0.0390625 0.06953125
3 0.065625 0.22421875 0.0328125 0.0703125
3 0.0546875 0.1765625 0.03203125 0.06171875
3 0.03828125 0.1453125 0.02890625 0.059375
3 0.08125 0.1484375 0.02734375 0.05625
3 0.1265625 0.14296875 0.025 0.05625
6 0.165625 0.29453125 0.0421875 0.08828125
3 0.19609375 0.29375 0.03203125 0.090625
3 0.26875 0.3234375 0.0421875 0.084375
3 0.303125 0.2546875 0.03828125 0.0890625
3 0.265625 0.24296875 0.0328125 0.071875
6 0.33125 0.21171875 0.0296875 0.065625
6 0.30703125 0.15625 0.02578125 0.05390625
6 0.32109375 0.13125 0.02109375 0.053125
3 0.3375 0.11875 0.01796875 0.05078125
6 0.38046875 0.1140625 0.01796875 0.04453125
3 0.39140625 0.20625 0.02890625 0.065625
3 0.4265625 0.14609375 0.021875 0.05625
6 0.440625 0.11875 0.01953125 0.05
6 0.465625 0.18046875 0.0265625 0.05390625
6 0.4546875 0.3046875 0.03515625 0.090625
3 0.51796875 0.19296875 0.02265625 0.0546875
3 0.546875 0.14453125 0.0203125 0.04375
6 0.534375 0.2984375 0.03828125 0.08359375
3 0.56640625 0.19609375 0.02265625 0.05078125
3 0.57421875 0.14609375 0.02265625 0.05625
6 0.6359375 0.20703125 0.02734375 0.06015625
3 0.64453125 0.34296875 0.04609375 0.1046875
3 0.71171875 0.1484375 0.01796875 0.04453125
9 0.75078125 0.178125 0.025 0.0515625
3 0.771875 0.19609375 0.0234375 0.05078125
3 0.8125 0.18671875 0.0234375 0.05546875
3 0.79765625 0.17109375 0.02265625 0.053125
3 0.85390625 0.2765625 0.02890625 0.06953125
3 0.89765625 0.1796875 0.02421875 0.0515625
6 0.90859375 0.29609375 0.03671875 0.071875
6 0.95390625 0.26171875 0.02890625 0.05625