8 0.08828125 0.78984375 0.07578125 0.0984375
5 0.0484375 0.90390625 0.053125 0.03671875
6 0.25078125 0.68203125 0.06015625 0.0984375
6 0.24296875 0.6265625 0.0390625 0.05
2 0.190625 0.88828125 0.11953125 0.06875
6 0.346875 0.625 0.0421875 0.06875
5 0.32734375 0.75625 0.0203125 0.03125
2 0.35703125 0.75625 0.0375 0.03125
6 0.47734375 0.625 0.0421875 0.08125
6 0.59765625 0.61328125 0.04453125 0.08125
5 0.61328125 0.7484375 0.025 0.03125
3 0.51953125 0.7234375 0.05625 0.1203125
0 0.53359375 0.85546875 0.04296875 0.05546875
6 0.69765625 0.653125 0.04921875 0.10546875
5 0.696875 0.85703125 0.0359375 0.040625
3 0.83828125 0.71484375 0.06015625 0.1109375
2 0.8921875 0.86171875 0.10078125 0.06875
10 0.85625 0.76015625 0.12421875 0.18671875
10 0.71015625 0.73046875 0.12265625 0.25546875
10 0.59921875 0.6609375 0.08359375 0.16171875
10 0.53125 0.77734375 0.1359375 0.203125
10 0.4890625 0.66875 0.07578125 0.16484375
10 0.34765625 0.675 0.08359375 0.159375
10 0.25390625 0.753125 0.12265625 0.23359375
1 0.1125 0.7828125 0.14765625 0.20859375