10 0.06484375 0.24453125 0.08203125 0.11640625
10 0.0671875 0.175 0.08203125 0.128125
10 0.109375 0.16796875 0.05078125 0.090625
10 0.14296875 0.14765625 0.04921875 0.0765625
10 0.34140625 0.13671875 0.03359375 0.07890625
10 0.3046875 0.17265625 0.03359375 0.084375
10 0.38046875 0.1390625 0.04375 0.06484375
10 0.4203125 0.15859375 0.0546875 0.09140625
1 0.39765625 0.2203125 0.065625 0.1015625
10 0.47265625 0.22109375 0.07890625 0.12421875
10 0.51875 0.1859375 0.046875 0.09921875
10 0.34765625 0.24609375 0.06484375 0.14921875
1 0.56484375 0.209375 0.0484375 0.0703125
10 0.625 0.2265625 0.07109375 0.10859375
1 0.5984375 0.2890625 0.06796875 0.09296875
10 0.63984375 0.371875 0.13046875 0.16328125
10 0.5328125 0.3484375 0.09453125 0.190625
10 0.44609375 0.35078125 0.0875 0.18203125
10 0.26328125 0.24453125 0.07109375 0.128125
10 0.20546875 0.3 0.078125 0.15
10 0.27734375 0.35546875 0.11484375 0.15546875
10 0.32421875 0.296875 0.09296875 0.175
10 0.15078125 0.3359375 0.109375 0.175
2 0.259375 0.42578125 0.0703125 0.034375
1 0.44921875 0.284375 0.07421875 0.1015625
2 0.51640625 0.44296875 0.0375 0.03203125
10 0.70234375 0.17421875 0.03984375 0.09296875
1 0.7328125 0.1921875 0.05859375 0.07890625
10 0.76796875 0.21875 0.05546875 0.08828125
10 0.81484375 0.215625 0.04609375 0.09453125
10 0.88671875 0.196875 0.0484375 0.08046875
10 0.83125 0.296875 0.06796875 0.1234375
10 0.896875 0.33984375 0.078125 0.15546875
10 0.95078125 0.36875 0.0984375 0.20625
7 0.97421875 0.43984375 0.0515625 0.0453125
3 0.0703125 0.22578125 0.03203125 0.071875
6 0.0671875 0.14296875 0.0296875 0.05703125
3 0.03828125 0.14296875 0.028125 0.05859375
3 0.09921875 0.15546875 0.02578125 0.059375
3 0.13046875 0.13671875 0.025 0.0546875
6 0.1390625 0.2984375 0.04296875 0.09375
3 0.19921875 0.27109375 0.03984375 0.09296875
3 0.2703125 0.32265625 0.0453125 0.08828125
6 0.28046875 0.2140625 0.03359375 0.06640625
3 0.2984375 0.2546875 0.03984375 0.090625
6 0.334375 0.2015625 0.03203125 0.05859375
6 0.30546875 0.1609375 0.02578125 0.0546875
3 0.33671875 0.1234375 0.0203125 0.05
3 0.38203125 0.13203125 0.01875 0.05
6 0.44296875 0.11640625 0.01953125 0.04609375
10 0.4453125 0.13515625 0.02890625 0.0796875
3 0.421875 0.14296875 0.02265625 0.05546875
6 0.4046875 0.20234375 0.02734375 0.06171875
6 0.46171875 0.190625 0.02578125 0.06171875
3 0.4734375 0.1515625 0.02265625 0.0515625
6 0.51328125 0.165625 0.02421875 0.05625
6 0.453125 0.3046875 0.03671875 0.0890625
3 0.5390625 0.30390625 0.03984375 0.0984375
3 0.5703125 0.20078125 0.0234375 0.0515625
1 0.54765625 0.159375 0.04609375 0.0640625
3 0.55703125 0.15 0.02109375 0.04453125
6 0.61640625 0.20078125 0.02578125 0.05390625
3 0.6140625 0.28046875 0.03125 0.07578125
3 0.646875 0.34140625 0.04765625 0.1015625
0 0.64453125 0.4296875 0.05390625 0.04296875
3 0.7125 0.15 0.01796875 0.04296875
3 0.746875 0.18046875 0.02421875 0.05078125
9 0.78125 0.2015625 0.0234375 0.05078125
9 0.80859375 0.19609375 0.02421875 0.0515625
3 0.84765625 0.2703125 0.0296875 0.06875
3 0.89765625 0.18203125 0.0265625 0.05
7 0.85390625 0.3359375 0.03515625 0.03203125
6 0.909375 0.3 0.03828125 0.07421875
3 0.96015625 0.26953125 0.0296875 0.06171875
10 0.95234375 0.28671875 0.0453125 0.1
3 0.98671875 0.3171875 0.02578125 0.10078125