3 0.17265625 0.62578125 0.06640625 0.12578125
5 0.14140625 0.7984375 0.04375 0.05546875
3 0.32109375 0.590625 0.0421875 0.06328125
3 0.3171875 0.659375 0.05625 0.10546875
2 0.2734375 0.784375 0.09375 0.04453125
3 0.3953125 0.62578125 0.04609375 0.0890625
7 0.40078125 0.70390625 0.06640625 0.04453125
6 0.55703125 0.55546875 0.0375 0.0703125
3 0.66328125 0.59375 0.040625 0.090625
9 0.603125 0.63046875 0.0578125 0.11484375
0 0.66953125 0.68984375 0.04609375 0.04609375
5 0.59921875 0.81875 0.0328125 0.03671875
3 0.78359375 0.628125 0.0546875 0.1296875
0 0.8 0.78046875 0.0546875 0.05390625
3 0.92578125 0.65546875 0.06875 0.1203125
2 0.96328125 0.81875 0.06796875 0.059375
10 0.18203125 0.68125 0.12890625 0.23671875
10 0.328125 0.71015625 0.12265625 0.19453125
10 0.31953125 0.596875 0.06328125 0.09921875
10 0.4140625 0.65234375 0.09453125 0.13203125
10 0.54296875 0.62578125 0.0796875 0.20625
10 0.59765625 0.7046875 0.11875 0.22578125
10 0.66796875 0.63046875 0.07890625 0.18203125
10 0.7875 0.678125 0.13046875 0.25390625
10 0.9359375 0.70078125 0.12734375 0.2015625