6 0.09375 0.6296875 0.0796875 0.13359375
5 0.04609375 0.84453125 0.0546875 0.03671875
6 0.24140625 0.58828125 0.05 0.09453125
8 0.19453125 0.75703125 0.07578125 0.11875
6 0.3453125 0.57421875 0.040625 0.08125
5 0.32265625 0.709375 0.03203125 0.03125
6 0.48828125 0.5703125 0.04296875 0.0890625
3 0.5109375 0.7046875 0.06171875 0.109375
0 0.54140625 0.81484375 0.03828125 0.0515625
6 0.60703125 0.56953125 0.04453125 0.090625
6 0.70390625 0.60546875 0.05859375 0.10703125
5 0.69609375 0.81875 0.0328125 0.0296875
3 0.8390625 0.66171875 0.06328125 0.11875
2 0.88828125 0.81875 0.10546875 0.06875
10 0.10625 0.696875 0.13515625 0.2609375
10 0.24453125 0.6265625 0.09609375 0.16171875
10 0.3484375 0.62265625 0.09296875 0.16953125
10 0.4875 0.62109375 0.09609375 0.16484375
1 0.53359375 0.73125 0.13515625 0.20625
10 0.60703125 0.61796875 0.10546875 0.175
10 0.7078125 0.69140625 0.128125 0.2640625
10 0.853125 0.7109375 0.1328125 0.2203125
1 0.21953125 0.7453125 0.146875 0.2109375