10 0.065625 0.2453125 0.0796875 0.1203125
10 0.09453125 0.16796875 0.05546875 0.1015625
1 0.1359375 0.15 0.05 0.0703125
10 0.14609375 0.33828125 0.12734375 0.17578125
10 0.2765625 0.35546875 0.11328125 0.15546875
1 0.25390625 0.2546875 0.06640625 0.10390625
10 0.31875 0.29375 0.0828125 0.175
10 0.3046875 0.17109375 0.0375 0.08359375
10 0.3796875 0.13671875 0.04609375 0.071875
1 0.39453125 0.22421875 0.06796875 0.08984375
10 0.4203125 0.1578125 0.05703125 0.0859375
10 0.44453125 0.13203125 0.02890625 0.0796875
10 0.46640625 0.21953125 0.06796875 0.13125
1 0.44765625 0.28203125 0.07265625 0.103125
10 0.446875 0.34921875 0.08984375 0.18125
10 0.534375 0.34765625 0.0921875 0.18828125
1 0.51640625 0.20078125 0.04921875 0.07421875
10 0.56796875 0.16875 0.065625 0.09296875
10 0.56640625 0.20703125 0.046875 0.07890625
10 0.63046875 0.2296875 0.08359375 0.11328125
1 0.5984375 0.29140625 0.06953125 0.09296875
10 0.63828125 0.37421875 0.13359375 0.16875
0 0.64375 0.43046875 0.05234375 0.0390625
1 0.7359375 0.19296875 0.06015625 0.08203125
10 0.765625 0.2171875 0.05234375 0.08984375
10 0.815625 0.2109375 0.05546875 0.10546875
10 0.88671875 0.1921875 0.05 0.07890625
10 0.8328125 0.29921875 0.07265625 0.121875
10 0.896875 0.3390625 0.08515625 0.15625
10 0.95078125 0.2890625 0.04453125 0.1140625
2 0.26015625 0.4265625 0.06953125 0.03515625
2 0.515625 0.44296875 0.03828125 0.03203125
2 0.978125 0.46875 0.04375 0.03125
10 0.3375 0.246875 0.05078125 0.14375
10 0.9484375 0.3640625 0.10234375 0.19921875
10 0.703125 0.1765625 0.0421875 0.09921875
10 0.32578125 0.14375 0.03515625 0.078125
10 0.34375 0.13671875 0.0296875 0.08046875
10 0.0578125 0.190625 0.07578125 0.09921875
10 0.2140625 0.3078125 0.06328125 0.13828125
3 0.065625 0.2234375 0.03203125 0.07578125
3 0.05390625 0.17421875 0.03125 0.06015625
3 0.08125 0.14765625 0.02734375 0.06015625
3 0.128125 0.14375 0.02578125 0.0546875
6 0.16640625 0.2953125 0.04296875 0.090625
3 0.2015625 0.28203125 0.0375 0.084375
3 0.26953125 0.32421875 0.04296875 0.0859375
3 0.2671875 0.24296875 0.03359375 0.075
3 0.30390625 0.25390625 0.03828125 0.08984375
6 0.32734375 0.20546875 0.0296875 0.0609375
6 0.3078125 0.159375 0.02578125 0.05390625
6 0.3203125 0.13203125 0.02109375 0.05390625
3 0.3375 0.12109375 0.01796875 0.05
9 0.38046875 0.1234375 0.02265625 0.04453125
3 0.42265625 0.14453125 0.02421875 0.05859375
3 0.390625 0.2140625 0.0296875 0.0640625
6 0.440625 0.1171875 0.0203125 0.046875
6 0.465625 0.1828125 0.0265625 0.0546875
3 0.475 0.14375 0.02265625 0.05390625
3 0.51796875 0.19296875 0.02421875 0.05625
3 0.56796875 0.15 0.021875 0.05390625
3 0.56875 0.19453125 0.0234375 0.053125
6 0.61640625 0.20625 0.02578125 0.06484375
6 0.45546875 0.3046875 0.03671875 0.0890625
6 0.534375 0.296875 0.040625 0.08515625
3 0.64375 0.34140625 0.04375 0.10390625
3 0.71171875 0.1484375 0.01796875 0.04375
9 0.753125 0.17890625 0.02578125 0.053125
3 0.81328125 0.18828125 0.02421875 0.05546875
3 0.77265625 0.19765625 0.02109375 0.05078125
3 0.89765625 0.18125 0.025 0.05078125
3 0.84296875 0.2734375 0.02890625 0.06953125
0 0.8515625 0.33125 0.03515625 0.0296875
6 0.909375 0.29921875 0.03671875 0.0765625
6 0.953125 0.26015625 0.0296875 0.05546875
6 0.9828125 0.30546875 0.03359375 0.08125