10 0.06953125 0.246875 0.08984375 0.13125
10 0.0484375 0.184375 0.06640625 0.10625
10 0.134375 0.14375 0.0515625 0.0734375
10 0.3296875 0.14296875 0.03828125 0.0953125
10 0.3796875 0.14296875 0.040625 0.065625
10 0.41953125 0.15625 0.05390625 0.08203125
10 0.47578125 0.21875 0.05546875 0.125
10 0.5234375 0.18125 0.04921875 0.11015625
10 0.55078125 0.14453125 0.0375 0.078125
1 0.57421875 0.2171875 0.05078125 0.06015625
10 0.63125 0.22890625 0.05390625 0.10625
10 0.64609375 0.36953125 0.13671875 0.17578125
10 0.603125 0.33046875 0.06953125 0.121875
1 0.596875 0.28671875 0.06484375 0.09375
10 0.53828125 0.35546875 0.09453125 0.17578125
10 0.44453125 0.35546875 0.09765625 0.18203125
10 0.44921875 0.27734375 0.07578125 0.115625
1 0.39765625 0.22578125 0.06171875 0.08828125
10 0.325 0.3109375 0.0734375 0.15625
10 0.34375 0.253125 0.046875 0.13671875
10 0.275 0.2421875 0.07421875 0.115625
10 0.27421875 0.34609375 0.10859375 0.16953125
10 0.21796875 0.2953125 0.07421875 0.16328125
10 0.165625 0.33671875 0.0984375 0.18046875
1 0.71015625 0.1796875 0.0375 0.05703125
1 0.73203125 0.19375 0.06015625 0.07578125
10 0.76484375 0.215625 0.0484375 0.09609375
10 0.809375 0.21875 0.04453125 0.08671875
10 0.878125 0.19296875 0.0609375 0.0734375
10 0.8390625 0.29453125 0.07265625 0.1234375
10 0.90078125 0.33515625 0.07734375 0.15546875
10 0.95703125 0.36796875 0.084375 0.20859375
1 0.0921875 0.16796875 0.059375 0.1046875
2 0.515625 0.44375 0.03828125 0.03515625
2 0.25703125 0.41875 0.07421875 0.0296875
3 0.0625 0.2265625 0.03515625 0.078125
3 0.04453125 0.16796875 0.03359375 0.06484375
3 0.078125 0.14453125 0.0296875 0.0609375
3 0.125 0.14296875 0.02578125 0.05859375
9 0.33046875 0.12265625 0.0265625 0.0546875
3 0.37578125 0.1328125 0.01953125 0.05078125
3 0.4234375 0.14296875 0.02421875 0.05625
3 0.465625 0.19296875 0.02890625 0.06953125
6 0.44140625 0.1140625 0.02109375 0.05
10 0.44609375 0.13046875 0.0296875 0.0890625
9 0.4703125 0.1359375 0.02578125 0.0546875
3 0.39140625 0.21640625 0.03046875 0.065625
6 0.33515625 0.215625 0.02890625 0.06484375
6 0.29140625 0.21953125 0.034375 0.078125
3 0.309375 0.284375 0.03984375 0.09453125
3 0.2703125 0.31171875 0.04453125 0.09375
6 0.16328125 0.2953125 0.04453125 0.1
3 0.2015625 0.2671875 0.04140625 0.0953125
3 0.3015625 0.16484375 0.02578125 0.0609375
6 0.52265625 0.15625 0.02578125 0.05546875
9 0.55390625 0.13125 0.021875 0.046875
3 0.57890625 0.16953125 0.02578125 0.05
1 0.56953125 0.17265625 0.053125 0.06953125
3 0.58125 0.21484375 0.02578125 0.05390625
6 0.62890625 0.20546875 0.02578125 0.06484375
3 0.45078125 0.31171875 0.03984375 0.09453125
6 0.54453125 0.315625 0.03984375 0.09296875
3 0.6515625 0.33984375 0.04765625 0.1015625
3 0.6203125 0.31015625 0.034375 0.08125
0 0.65390625 0.43125 0.05546875 0.0453125
3 0.71796875 0.171875 0.01796875 0.04453125
3 0.7453125 0.18125 0.02421875 0.053125
9 0.771875 0.19375 0.0234375 0.05
9 0.8078125 0.20390625 0.02578125 0.0515625
3 0.89140625 0.18046875 0.02890625 0.0515625
3 0.85625 0.27265625 0.03046875 0.06953125
7 0.84609375 0.34140625 0.0421875 0.03203125
6 0.915625 0.29921875 0.0390625 0.08125
6 0.9859375 0.30625 0.02734375 0.08984375
2 0.97890625 0.46796875 0.03828125 0.02890625