3 0.03515625 0.46796875 0.06484375 0.11640625
2 0.0421875 0.5796875 0.08359375 0.078125
3 0.19609375 0.48125 0.0578125 0.10703125
0 0.184375 0.6015625 0.0515625 0.06328125
6 0.32578125 0.4390625 0.05546875 0.11484375
0 0.284375 0.59375 0.0453125 0.06328125
2 0.28515625 0.640625 0.1125 0.03359375
6 0.37265625 0.44296875 0.04140625 0.06640625
6 0.55703125 0.4453125 0.0375 0.071875
9 0.6453125 0.475 0.04140625 0.0796875
6 0.69765625 0.5046875 0.04765625 0.1015625
2 0.68828125 0.678125 0.09140625 0.0515625
1 0.07421875 0.51328125 0.13828125 0.2046875
10 0.2078125 0.525 0.12109375 0.18671875
10 0.33828125 0.51015625 0.146875 0.23671875
10 0.39140625 0.4921875 0.07109375 0.15859375
10 0.546875 0.5015625 0.09453125 0.1734375
10 0.634375 0.5125 0.0796875 0.14140625
10 0.68515625 0.5671875 0.13046875 0.21953125
10 0.7390625 0.528125 0.05234375 0.14609375