3 0.1484375 0.63046875 0.04765625 0.078125
0 0.13828125 0.70390625 0.04140625 0.04453125
6 0.2375 0.59375 0.0421875 0.08671875
0 0.21484375 0.70546875 0.0546875 0.059375
9 0.32578125 0.58203125 0.046875 0.08671875
5 0.29453125 0.725 0.02890625 0.03125
3 0.39296875 0.61171875 0.0515625 0.09453125
7 0.3796875 0.71875 0.08359375 0.0515625
9 0.58203125 0.590625 0.04609375 0.078125
0 0.5734375 0.70390625 0.0375 0.04453125
6 0.69140625 0.56875 0.04609375 0.08671875
0 0.67265625 0.68359375 0.05234375 0.06328125
3 0.78671875 0.59375 0.0484375 0.090625
0 0.79453125 0.690625 0.05 0.0484375
9 0.85234375 0.634375 0.0703125 0.13125
0 0.8671875 0.81875 0.08359375 0.06328125
1 0.153125 0.65546875 0.10546875 0.128125
10 0.23515625 0.64140625 0.10390625 0.175
10 0.325 0.63046875 0.08515625 0.16875
10 0.4046875 0.65390625 0.10234375 0.16640625
10 0.571875 0.64140625 0.11328125 0.16328125
10 0.68125 0.62578125 0.1 0.18515625
10 0.78125 0.63203125 0.1015625 0.16875
10 0.88828125 0.7109375 0.19140625 0.26875