10 0.06640625 0.23515625 0.08515625 0.13125
10 0.09375 0.165625 0.053125 0.11875
10 0.13828125 0.1390625 0.053125 0.08828125
10 0.38125 0.140625 0.04140625 0.0703125
10 0.30703125 0.17734375 0.03828125 0.09375
10 0.25625 0.24375 0.0671875 0.1265625
10 0.340625 0.25 0.053125 0.14296875
10 0.27578125 0.34921875 0.10625 0.16953125
10 0.1671875 0.33828125 0.09453125 0.18046875
10 0.4203125 0.15703125 0.05390625 0.08359375
10 0.3984375 0.221875 0.06484375 0.1015625
10 0.45078125 0.26171875 0.07734375 0.13046875
10 0.44140625 0.34609375 0.10390625 0.1859375
2 0.515625 0.44453125 0.0390625 0.03203125
10 0.57109375 0.20390625 0.0453125 0.08203125
10 0.525 0.26015625 0.06796875 0.13515625
10 0.53515625 0.3484375 0.08828125 0.19375
10 0.63046875 0.228125 0.0578125 0.109375
10 0.6484375 0.378125 0.13984375 0.1796875
1 0.7109375 0.178125 0.0375 0.05390625
1 0.74140625 0.1890625 0.05078125 0.08125
1 0.79453125 0.18984375 0.0375 0.0703125
10 0.76328125 0.2171875 0.04765625 0.09140625
10 0.815625 0.21796875 0.05546875 0.0890625
10 0.884375 0.18984375 0.0421875 0.0890625
10 0.8390625 0.296875 0.06953125 0.1234375
10 0.90234375 0.33515625 0.0828125 0.16328125
10 0.96015625 0.36875 0.07890625 0.20859375
10 0.5515625 0.16171875 0.03125 0.08984375
10 0.0359375 0.15546875 0.04296875 0.09453125
10 0.33125 0.14609375 0.04140625 0.0890625
10 0.47578125 0.22265625 0.05546875 0.1265625
1 0.215625 0.31953125 0.0640625 0.11015625
10 0.52265625 0.1953125 0.04453125 0.08125
6 0.05703125 0.20703125 0.03359375 0.06796875
6 0.03671875 0.13671875 0.02890625 0.05625
3 0.13203125 0.12734375 0.02578125 0.05859375
9 0.08046875 0.1375 0.0265625 0.05625
6 0.32890625 0.13046875 0.02109375 0.0484375
6 0.3 0.1578125 0.025 0.053125
3 0.37890625 0.13203125 0.02109375 0.05
3 0.4234375 0.146875 0.025 0.059375
3 0.46171875 0.13046875 0.0203125 0.0484375
3 0.4640625 0.196875 0.02734375 0.06953125
6 0.3359375 0.209375 0.03046875 0.05625
3 0.403125 0.2046875 0.03203125 0.06328125
3 0.29375 0.26328125 0.0421875 0.09296875
10 0.315625 0.29921875 0.0828125 0.165625
3 0.2734375 0.19609375 0.02734375 0.0609375
6 0.48125 0.13984375 0.0234375 0.04609375
10 0.4890625 0.16328125 0.03984375 0.09453125
6 0.44609375 0.23359375 0.03046875 0.0703125
3 0.52890625 0.23125 0.034375 0.0765625
3 0.53203125 0.18203125 0.02578125 0.04921875
3 0.55 0.14453125 0.0234375 0.053125
6 0.575 0.1890625 0.0234375 0.0515625
6 0.534375 0.29921875 0.0421875 0.08984375
6 0.43515625 0.29375 0.040625 0.08046875
6 0.6328125 0.20625 0.02890625 0.06015625
3 0.6203125 0.31328125 0.03359375 0.0796875
3 0.65625 0.3390625 0.04609375 0.10625
0 0.65390625 0.43359375 0.04765625 0.03671875
10 0.6046875 0.33515625 0.065625 0.12578125
1 0.5921875 0.29375 0.06953125 0.10546875
3 0.278125 0.31328125 0.04140625 0.09375
3 0.203125 0.309375 0.03671875 0.08046875
6 0.16640625 0.296875 0.04375 0.09375
3 0.71640625 0.1734375 0.01796875 0.04296875
9 0.753125 0.1765625 0.0265625 0.05390625
9 0.7953125 0.18125 0.02890625 0.053125
3 0.76875 0.196875 0.02421875 0.05390625
6 0.8234375 0.19921875 0.02421875 0.05390625
3 0.8921875 0.171875 0.025 0.05078125
6 0.85078125 0.265625 0.028125 0.06171875
6 0.91015625 0.296875 0.0375 0.07890625
6 0.9796875 0.31328125 0.03984375 0.09375
2 0.25390625 0.4234375 0.08359375 0.03515625