3 0.1375 0.50546875 0.0625 0.10703125
7 0.09453125 0.61640625 0.1 0.08515625
6 0.2703125 0.4984375 0.05 0.10859375
0 0.2421875 0.64296875 0.04921875 0.05546875
9 0.36953125 0.4890625 0.0625 0.121875
5 0.3296875 0.66953125 0.03046875 0.03359375
6 0.4390625 0.47890625 0.0375 0.08359375
6 0.6171875 0.48984375 0.034375 0.090625
6 0.70546875 0.50546875 0.0390625 0.071875
9 0.78828125 0.51875 0.03359375 0.07421875
6 0.76015625 0.55859375 0.05546875 0.11875
2 0.746875 0.73359375 0.0984375 0.05546875
10 0.140625 0.55234375 0.14140625 0.19140625
10 0.26953125 0.55390625 0.11796875 0.21328125
10 0.3859375 0.55703125 0.1625 0.24453125
10 0.44453125 0.52578125 0.0625 0.1609375
10 0.60078125 0.53125 0.10234375 0.16171875
10 0.7 0.54765625 0.0765625 0.14375
10 0.74140625 0.61875 0.13984375 0.23203125
10 0.8046875 0.55859375 0.06640625 0.1640625