3 0.11484375 0.41171875 0.02734375 0.05078125
3 0.1671875 0.384375 0.02578125 0.0453125
3 0.2390625 0.36484375 0.02109375 0.04453125
3 0.30390625 0.34296875 0.01796875 0.0390625
3 0.25703125 0.40390625 0.02109375 0.04453125
3 0.20390625 0.44765625 0.02890625 0.05625
6 0.32734375 0.446875 0.02890625 0.06875
6 0.4046875 0.45546875 0.03046875 0.05546875
6 0.44765625 0.39375 0.021875 0.0390625
6 0.41640625 0.35234375 0.01953125 0.03828125
6 0.49140625 0.38046875 0.01875 0.04296875
3 0.3625 0.45 0.0265625 0.05546875
9 0.38671875 0.40859375 0.02734375 0.05390625
3 0.4734375 0.33359375 0.01484375 0.034375
3 0.50703125 0.34140625 0.01640625 0.03671875
3 0.44765625 0.34453125 0.01875 0.028125
9 0.5375 0.3359375 0.01875 0.03828125
6 0.59921875 0.32421875 0.01484375 0.03203125
6 0.5734375 0.3484375 0.01875 0.03828125
6 0.5234375 0.3984375 0.02421875 0.04453125
6 0.5109375 0.44453125 0.03125 0.05625
3 0.58125 0.41171875 0.0234375 0.05546875
6 0.58671875 0.48125 0.0328125 0.06953125
6 0.6171875 0.3671875 0.01796875 0.034375
9 0.65546875 0.375 0.02109375 0.04609375
6 0.66328125 0.45546875 0.03203125 0.0609375
3 0.63515625 0.4109375 0.02578125 0.05546875
6 0.7203125 0.33828125 0.01484375 0.03046875
3 0.73203125 0.35546875 0.01875 0.03671875
6 0.75390625 0.3671875 0.01796875 0.03828125
3 0.775 0.353125 0.01796875 0.03984375
3 0.8015625 0.36875 0.01796875 0.0390625
3 0.853125 0.35390625 0.0171875 0.03984375
3 0.83203125 0.3859375 0.021875 0.03203125
3 0.83125 0.43046875 0.02734375 0.0484375
3 0.86328125 0.42109375 0.02421875 0.046875
3 0.87890625 0.45546875 0.02421875 0.06328125
6 0.91953125 0.4484375 0.034375 0.06875
3 0.959375 0.41796875 0.0265625 0.05078125
6 0.9859375 0.48046875 0.02734375 0.0703125
10 0.9171875 0.4921875 0.07734375 0.15078125
10 0.84765625 0.35703125 0.03828125 0.05390625
1 0.81484375 0.44375 0.0578125 0.0796875
10 0.7515625 0.38125 0.0375 0.06953125
10 0.6671875 0.48984375 0.07578125 0.12578125
10 0.6625 0.3921875 0.03984375 0.0765625
10 0.5953125 0.33671875 0.02890625 0.05625
10 0.57421875 0.365625 0.0359375 0.06328125
10 0.5859375 0.50078125 0.06171875 0.09375
10 0.51328125 0.48203125 0.0625 0.1296875
10 0.58125 0.42421875 0.06015625 0.08203125
10 0.4890625 0.39296875 0.040625 0.06875
10 0.4734375 0.3359375 0.02578125 0.04375
10 0.41953125 0.36328125 0.03359375 0.06875
10 0.41328125 0.48125 0.08671875 0.125
10 0.315625 0.478125 0.084375 0.121875
10 0.309375 0.34765625 0.03515625 0.0453125
10 0.16640625 0.39140625 0.04375 0.05625
1 0.11328125 0.41953125 0.05234375 0.06640625
1 0.2078125 0.4625 0.07109375 0.09375
2 0.16328125 0.54296875 0.03984375 0.01953125
2 0.26875 0.46015625 0.02578125 0.02421875
10 0.26640625 0.41953125 0.05078125 0.0796875
1 0.3671875 0.46171875 0.04765625 0.09140625
10 0.45234375 0.41796875 0.0421875 0.09375
10 0.53203125 0.41796875 0.04296875 0.08984375
10 0.61015625 0.37890625 0.03515625 0.06015625
10 0.628125 0.42734375 0.0421875 0.09140625
10 0.7296875 0.36875 0.03203125 0.059375
10 0.77578125 0.35625 0.03046875 0.0515625
10 0.81875 0.4015625 0.0453125 0.06328125
10 0.86328125 0.47578125 0.05625 0.1015625
10 0.95546875 0.4359375 0.0390625 0.08125