10 0.06875 0.2484375 0.0890625 0.13046875
10 0.053125 0.171875 0.0703125 0.13046875
10 0.13671875 0.1484375 0.0515625 0.0703125
10 0.3796875 0.14296875 0.040625 0.065625
10 0.41953125 0.15625 0.05390625 0.08203125
10 0.47578125 0.21953125 0.05546875 0.125
10 0.5234375 0.18203125 0.046875 0.10859375
10 0.5484375 0.14609375 0.03203125 0.075
1 0.57421875 0.2171875 0.05078125 0.06015625
10 0.63125 0.22890625 0.05390625 0.10625
10 0.64609375 0.36875 0.13671875 0.17578125
10 0.60625 0.33125 0.07265625 0.12578125
1 0.596875 0.290625 0.06484375 0.0953125
10 0.53828125 0.35546875 0.09453125 0.17578125
10 0.44453125 0.3546875 0.10078125 0.1796875
1 0.44765625 0.27890625 0.07421875 0.115625
1 0.39765625 0.22578125 0.06171875 0.08828125
10 0.325 0.315625 0.0734375 0.165625
10 0.34375 0.24921875 0.046875 0.13125
10 0.27578125 0.24296875 0.07421875 0.11015625
10 0.2734375 0.35234375 0.11328125 0.17109375
10 0.21640625 0.30859375 0.07421875 0.1359375
10 0.165625 0.33828125 0.0984375 0.18125
1 0.71015625 0.1796875 0.0375 0.05703125
1 0.73125 0.19375 0.0609375 0.07578125
10 0.76484375 0.21875 0.0484375 0.09609375
10 0.809375 0.21875 0.04453125 0.08671875
10 0.87421875 0.1890625 0.05546875 0.084375
10 0.8390625 0.29453125 0.06953125 0.1203125
10 0.89375 0.3484375 0.09765625 0.15625
10 0.9578125 0.36796875 0.08359375 0.20859375
1 0.0921875 0.16640625 0.059375 0.10859375
2 0.515625 0.44375 0.03828125 0.03515625
2 0.25703125 0.41875 0.07421875 0.0296875
3 0.0625 0.22421875 0.034375 0.08046875
6 0.05078125 0.1359375 0.02890625 0.05546875
3 0.078125 0.14296875 0.02734375 0.06015625
3 0.12578125 0.14296875 0.02421875 0.05625
9 0.34375 0.13359375 0.0265625 0.05546875
3 0.37578125 0.13359375 0.01953125 0.05078125
3 0.421875 0.14375 0.0234375 0.05859375
3 0.30703125 0.1609375 0.02578125 0.05625
10 0.30546875 0.16796875 0.04140625 0.07890625
6 0.33515625 0.2171875 0.02890625 0.065625
3 0.31015625 0.28203125 0.04296875 0.09140625
3 0.29453125 0.2265625 0.03671875 0.0765625
3 0.21015625 0.28984375 0.040625 0.08671875
3 0.26640625 0.3171875 0.04296875 0.09375
6 0.1640625 0.29375 0.04609375 0.09453125
3 0.39140625 0.215625 0.03125 0.06484375
6 0.44140625 0.1109375 0.02109375 0.04453125
10 0.44453125 0.13046875 0.03046875 0.08203125
9 0.4703125 0.1359375 0.025 0.05390625
3 0.46484375 0.196875 0.03046875 0.06953125
3 0.52265625 0.15703125 0.02578125 0.059375
6 0.5484375 0.13828125 0.01953125 0.05078125
3 0.57890625 0.1703125 0.028125 0.0484375
1 0.56953125 0.17421875 0.05546875 0.06875
3 0.5796875 0.215625 0.025 0.0546875
6 0.54453125 0.31640625 0.040625 0.0953125
3 0.453125 0.315625 0.0390625 0.09140625
3 0.44140625 0.25625 0.034375 0.06796875
6 0.62734375 0.20546875 0.0265625 0.059375
3 0.65078125 0.33671875 0.04765625 0.10546875
3 0.62265625 0.31171875 0.034375 0.08125
0 0.65546875 0.43125 0.05234375 0.04375
3 0.71875 0.1734375 0.01953125 0.04453125
3 0.7453125 0.18203125 0.02578125 0.053125
9 0.771875 0.19375 0.02421875 0.053125
9 0.80703125 0.20390625 0.02421875 0.0515625
3 0.88671875 0.175 0.0265625 0.05546875
3 0.85859375 0.2765625 0.0296875 0.0734375
7 0.846875 0.34140625 0.04296875 0.03046875
3 0.91953125 0.31640625 0.04140625 0.084375
6 0.9875 0.3078125 0.025 0.09375
2 0.97890625 0.46875 0.03984375 0.03125