6 0.18125 0.59375 0.065625 0.11875
5 0.140625 0.76484375 0.0328125 0.03359375
3 0.27578125 0.575 0.03359375 0.09453125
0 0.27265625 0.640625 0.03125 0.0296875
6 0.32421875 0.58046875 0.06328125 0.11640625
0 0.28828125 0.75546875 0.05234375 0.071875
3 0.40390625 0.559375 0.04375 0.09453125
0 0.39140625 0.653125 0.03515625 0.04609375
3 0.5734375 0.57421875 0.02890625 0.08125
6 0.60078125 0.58984375 0.05390625 0.109375
0 0.5953125 0.78125 0.05625 0.06328125
9 0.76953125 0.578125 0.06875 0.13359375
0 0.76640625 0.76640625 0.05234375 0.0515625
9 0.8703125 0.61796875 0.065625 0.12421875
2 0.91953125 0.803125 0.13984375 0.05703125
10 0.17890625 0.65078125 0.1390625 0.228125
10 0.31796875 0.653125 0.134375 0.2640625
10 0.2703125 0.5953125 0.065625 0.1296875
10 0.59375 0.67109375 0.14453125 0.2640625
10 0.75078125 0.653125 0.1265625 0.28125
10 0.87109375 0.66953125 0.12265625 0.23515625
1 0.4078125 0.59609375 0.08671875 0.16640625
1 0.55546875 0.60390625 0.0734375 0.14375