8 0.11328125 0.75546875 0.07109375 0.1203125
5 0.06015625 0.83046875 0.03515625 0.03671875
3 0.23203125 0.60546875 0.03828125 0.0890625
0 0.2109375 0.6890625 0.0375 0.03671875
8 0.24453125 0.74296875 0.06640625 0.11484375
3 0.3453125 0.603125 0.04140625 0.090625
0 0.33828125 0.6859375 0.034375 0.0546875
3 0.5234375 0.61953125 0.04453125 0.07421875
5 0.52890625 0.70078125 0.034375 0.02421875
3 0.628125 0.615625 0.0453125 0.08671875
7 0.62265625 0.69453125 0.06328125 0.05703125
6 0.75390625 0.6015625 0.05625 0.11484375
5 0.75546875 0.8234375 0.0359375 0.04375
3 0.8765625 0.61953125 0.06484375 0.10390625
2 0.9390625 0.8453125 0.11796875 0.0515625
5 0.22890625 0.8375 0.03515625 0.03046875
1 0.1125 0.72890625 0.1703125 0.18203125
1 0.25625 0.74375 0.1484375 0.21015625
10 0.234375 0.6359375 0.10625 0.14453125
10 0.353125 0.6359375 0.09765625 0.16484375
10 0.51796875 0.64140625 0.11171875 0.134375
10 0.63125 0.646875 0.11015625 0.1265625
10 0.73359375 0.6890625 0.1734375 0.271875
10 0.87578125 0.70234375 0.11328125 0.24140625