3 0.11484375 0.4125 0.0265625 0.053125
3 0.20859375 0.4328125 0.03125 0.06171875
3 0.16640625 0.384375 0.02421875 0.04609375
6 0.25625 0.3953125 0.02421875 0.05
6 0.33515625 0.4484375 0.03203125 0.06171875
3 0.24296875 0.35859375 0.01953125 0.03984375
3 0.30546875 0.346875 0.0203125 0.040625
6 0.40390625 0.44375 0.028125 0.06328125
6 0.5109375 0.44453125 0.03125 0.05625
6 0.4 0.39453125 0.02578125 0.04453125
6 0.453125 0.39296875 0.02265625 0.0453125
6 0.49140625 0.38046875 0.02109375 0.040625
6 0.41640625 0.3546875 0.01953125 0.04296875
3 0.44375 0.34375 0.01640625 0.03125
3 0.47578125 0.328125 0.01640625 0.03203125
3 0.50625 0.3421875 0.01484375 0.03984375
6 0.540625 0.33203125 0.015625 0.03125
6 0.52265625 0.3984375 0.021875 0.05546875
6 0.575 0.38671875 0.0234375 0.04453125
9 0.5984375 0.3375 0.01796875 0.0359375
6 0.6171875 0.36484375 0.01796875 0.03359375
6 0.653125 0.3734375 0.02109375 0.04296875
3 0.62890625 0.4140625 0.02421875 0.0515625
6 0.6421875 0.44375 0.02109375 0.04296875
6 0.66328125 0.45546875 0.03203125 0.06484375
6 0.7171875 0.3265625 0.01640625 0.03046875
3 0.734375 0.35546875 0.0203125 0.03515625
6 0.7546875 0.36796875 0.01484375 0.0359375
3 0.77578125 0.35390625 0.01796875 0.0390625
3 0.80703125 0.37578125 0.021875 0.03828125
3 0.85234375 0.353125 0.01796875 0.03984375
3 0.82890625 0.38515625 0.01875 0.04453125
3 0.81875 0.41796875 0.02109375 0.046875
6 0.86015625 0.41640625 0.02109375 0.04140625
3 0.87890625 0.45390625 0.02578125 0.06015625
6 0.9234375 0.44921875 0.03515625 0.06875
3 0.95859375 0.42578125 0.02421875 0.05
6 0.99140625 0.48046875 0.01640625 0.06484375
10 0.921875 0.4921875 0.0828125 0.15078125
10 0.86328125 0.47421875 0.05390625 0.10625
10 0.81328125 0.4359375 0.04609375 0.08125
10 0.75390625 0.38359375 0.03671875 0.06875
10 0.71328125 0.34609375 0.028125 0.06953125
10 0.85 0.359375 0.03671875 0.05625
10 0.66796875 0.4890625 0.06796875 0.12890625
6 0.58515625 0.48046875 0.03359375 0.06875
10 0.5859375 0.49609375 0.065625 0.10625
10 0.51328125 0.48125 0.06796875 0.134375
10 0.58125 0.4140625 0.059375 0.103125
10 0.625 0.42421875 0.0359375 0.08046875
10 0.66015625 0.39296875 0.04375 0.07578125
10 0.6125 0.3765625 0.0375 0.059375
10 0.4921875 0.39296875 0.04140625 0.06875
10 0.54453125 0.34765625 0.02890625 0.06953125
10 0.41171875 0.48046875 0.08828125 0.13515625
10 0.421875 0.36640625 0.03203125 0.06640625
10 0.475 0.33203125 0.03046875 0.05078125
10 0.45625 0.41640625 0.0421875 0.09609375
3 0.36171875 0.45234375 0.0265625 0.06015625
10 0.31953125 0.4796875 0.090625 0.13125
10 0.21015625 0.45390625 0.06796875 0.103125
1 0.1171875 0.41875 0.05234375 0.06640625
10 0.16875 0.3921875 0.0484375 0.06171875
10 0.26328125 0.41796875 0.05078125 0.08984375
10 0.309375 0.353125 0.03671875 0.05078125
2 0.16328125 0.54375 0.040625 0.0203125
2 0.26875 0.459375 0.0234375 0.01875
10 0.59609375 0.3421875 0.02890625 0.046875
3 0.53515625 0.37890625 0.01875 0.04609375
10 0.634375 0.46796875 0.0390625 0.103125
10 0.53125 0.41875 0.0421875 0.09453125
0 0.3984375 0.53125 0.02421875 0.02890625
1 0.36875 0.4640625 0.04453125 0.0859375
10 0.73046875 0.36796875 0.03359375 0.05859375
10 0.7765625 0.3578125 0.02890625 0.053125
10 0.853125 0.43125 0.03515625 0.07890625
10 0.95703125 0.4390625 0.03359375 0.075
10 0.79609375 0.3859375 0.04296875 0.059375