6 0.08203125 0.54609375 0.04453125 0.07421875
3 0.06328125 0.60546875 0.06484375 0.1109375
3 0.1796875 0.58359375 0.05546875 0.1109375
2 0.140625 0.76875 0.0875 0.0609375
3 0.29453125 0.5453125 0.04375 0.0796875
7 0.28359375 0.640625 0.0578125 0.0515625
9 0.37578125 0.58046875 0.05859375 0.128125
0 0.3296875 0.74453125 0.0375 0.06640625
3 0.4765625 0.528125 0.0375 0.08515625
0 0.478125 0.6140625 0.0359375 0.04453125
3 0.671875 0.53515625 0.059375 0.13125
6 0.73828125 0.45703125 0.04140625 0.08515625
3 0.8046875 0.49296875 0.06640625 0.12578125
3 0.83828125 0.45390625 0.03359375 0.1
3 0.96796875 0.50703125 0.0609375 0.13671875
2 0.821875 0.73046875 0.0734375 0.05546875
10 0.0875 0.65625 0.121875 0.2234375
10 0.10625 0.58515625 0.07578125 0.13125
10 0.20234375 0.646875 0.12109375 0.2234375
10 0.30078125 0.58515625 0.09375 0.14296875
10 0.39140625 0.64375 0.1515625 0.2515625
10 0.4875 0.56171875 0.09296875 0.1546875
10 0.671875 0.6125 0.1421875 0.2640625
10 0.73828125 0.51953125 0.07734375 0.2046875
10 0.80625 0.56796875 0.14453125 0.2859375
10 0.85 0.50546875 0.08046875 0.18359375
10 0.94453125 0.58515625 0.11015625 0.26875