3 0.1 0.5390625 0.0609375 0.121875
7 0.0921875 0.640625 0.10859375 0.07421875
3 0.24453125 0.53046875 0.06015625 0.11328125
0 0.2125 0.6515625 0.0421875 0.06328125
6 0.384375 0.48046875 0.0578125 0.10546875
5 0.32265625 0.6796875 0.04140625 0.0296875
9 0.4265625 0.48125 0.0375 0.07578125
9 0.60703125 0.49296875 0.04609375 0.07421875
3 0.69453125 0.5359375 0.04453125 0.08046875
3 0.79453125 0.54375 0.04453125 0.09609375
6 0.73828125 0.55390625 0.05859375 0.10390625
2 0.7421875 0.740625 0.09375 0.0515625
1 0.134375 0.57421875 0.1265625 0.171875
10 0.2546875 0.57734375 0.12734375 0.19140625
10 0.38515625 0.559375 0.140625 0.2609375
10 0.44921875 0.534375 0.06328125 0.15
10 0.5890625 0.54375 0.09375 0.171875
10 0.6859375 0.565625 0.08359375 0.1359375
10 0.73125 0.61875 0.1359375 0.23203125
10 0.79453125 0.57890625 0.06328125 0.15546875