3 0.021875 0.46875 0.0421875 0.11484375
2 0.02890625 0.58046875 0.05625 0.0796875
3 0.175 0.4859375 0.0609375 0.11875
0 0.1578125 0.6046875 0.05 0.06484375
6 0.3171875 0.440625 0.05703125 0.1109375
0 0.25 0.6 0.0390625 0.06640625
6 0.3515625 0.44375 0.034375 0.06484375
6 0.534375 0.44453125 0.0421875 0.07421875
6 0.640625 0.48984375 0.04375 0.06484375
6 0.68046875 0.51015625 0.0484375 0.10546875
6 0.7140625 0.48515625 0.02734375 0.08125
2 0.66953125 0.6796875 0.09609375 0.040625
1 0.06015625 0.51171875 0.11875 0.20625
10 0.1828125 0.5328125 0.12265625 0.1953125
10 0.31796875 0.515625 0.159375 0.25390625
10 0.371875 0.49296875 0.07578125 0.15625
10 0.52734375 0.49765625 0.09375 0.16953125
10 0.621875 0.52109375 0.0859375 0.125
10 0.6671875 0.56875 0.13359375 0.21953125
10 0.71875 0.525 0.06640625 0.15390625