8 0.11640625 0.75625 0.071875 0.12578125
5 0.059375 0.834375 0.040625 0.03671875
3 0.23125 0.60546875 0.05 0.09296875
0 0.21640625 0.68046875 0.04375 0.040625
8 0.246875 0.7375 0.075 0.13046875
3 0.34921875 0.60078125 0.0453125 0.09375
0 0.3375 0.68359375 0.0390625 0.05
3 0.525 0.61953125 0.0453125 0.08046875
5 0.528125 0.7015625 0.0390625 0.021875
3 0.62890625 0.61328125 0.046875 0.08046875
7 0.62578125 0.69375 0.059375 0.059375
6 0.75390625 0.60078125 0.05859375 0.11953125
5 0.7515625 0.82578125 0.0375 0.03671875
6 0.87265625 0.61953125 0.05625 0.1109375
2 0.93828125 0.84453125 0.11640625 0.05703125
5 0.22734375 0.840625 0.0296875 0.03671875
10 0.2359375 0.625 0.09921875 0.11875
10 0.35390625 0.6375 0.09296875 0.1546875
10 0.51953125 0.6453125 0.10546875 0.1390625
10 0.628125 0.64296875 0.1171875 0.134375
10 0.7359375 0.68359375 0.17578125 0.28203125
10 0.87734375 0.69453125 0.1171875 0.24921875
1 0.1078125 0.74140625 0.15859375 0.18359375
1 0.25625 0.74453125 0.146875 0.215625