6 0.13515625 0.47890625 0.05625 0.0984375
2 0.09140625 0.64609375 0.11484375 0.0515625
6 0.2546875 0.50546875 0.05 0.1
0 0.20625 0.65 0.04453125 0.05546875
6 0.38828125 0.48671875 0.05 0.09609375
5 0.31953125 0.678125 0.02890625 0.03671875
6 0.4390625 0.49453125 0.03515625 0.07421875
8 0.6078125 0.56640625 0.05 0.09609375
8 0.71015625 0.56171875 0.05 0.09453125
8 0.81015625 0.6015625 0.05390625 0.09609375
8 0.75625 0.68046875 0.065625 0.11875
10 0.13515625 0.54140625 0.14375 0.22578125
10 0.2484375 0.56640625 0.12734375 0.21796875
10 0.38515625 0.56875 0.12421875 0.25703125
10 0.44921875 0.5359375 0.06640625 0.14609375
1 0.60390625 0.57421875 0.10703125 0.128125
1 0.7015625 0.57890625 0.096875 0.12109375
1 0.815625 0.6109375 0.10390625 0.11171875
1 0.74609375 0.66484375 0.1640625 0.18515625