6 0.096875 0.634375 0.06875 0.13125
5 0.04453125 0.84375 0.053125 0.04453125
3 0.25078125 0.58515625 0.05 0.09453125
8 0.19453125 0.76875 0.075 0.1203125
6 0.34140625 0.578125 0.04609375 0.08515625
5 0.32578125 0.709375 0.028125 0.03125
6 0.4890625 0.56015625 0.04375 0.08125
3 0.5171875 0.68984375 0.065625 0.13515625
0 0.54453125 0.80625 0.04140625 0.06484375
6 0.62265625 0.56875 0.04609375 0.090625
6 0.70078125 0.6046875 0.05390625 0.11328125
3 0.8359375 0.6734375 0.06015625 0.10546875
5 0.6109375 0.7046875 0.02890625 0.028125
5 0.69609375 0.821875 0.0296875 0.04453125
2 0.88515625 0.82421875 0.09375 0.06875
1 0.21796875 0.74609375 0.15078125 0.21484375
10 0.10546875 0.7015625 0.13359375 0.26953125
10 0.2546875 0.625 0.09453125 0.1796875
10 0.34375 0.625 0.08828125 0.171875
10 0.49140625 0.61171875 0.1046875 0.171875
1 0.53359375 0.725 0.1359375 0.21875
10 0.6125 0.61640625 0.1046875 0.17578125
10 0.70703125 0.68671875 0.128125 0.26015625
10 0.85078125 0.71796875 0.12890625 0.19375