6 0.1390625 0.48046875 0.05859375 0.10390625
2 0.090625 0.64609375 0.1140625 0.0515625
6 0.25390625 0.5046875 0.05546875 0.109375
0 0.20390625 0.653125 0.04296875 0.0609375
6 0.38828125 0.484375 0.05234375 0.0984375
5 0.321875 0.67890625 0.0296875 0.0390625
6 0.440625 0.49296875 0.0390625 0.06640625
8 0.60703125 0.5703125 0.053125 0.1
8 0.71015625 0.56640625 0.04765625 0.08125
8 0.8078125 0.60390625 0.05234375 0.0890625
8 0.75703125 0.6796875 0.06875 0.11875
1 0.60078125 0.57109375 0.10703125 0.13203125
1 0.70078125 0.5828125 0.09296875 0.11953125
1 0.81484375 0.61015625 0.1046875 0.1109375
1 0.74375 0.665625 0.16328125 0.184375
10 0.1359375 0.5390625 0.14453125 0.2234375
10 0.25078125 0.56171875 0.12890625 0.21484375
10 0.38515625 0.56875 0.121875 0.2546875
10 0.446875 0.53671875 0.06484375 0.14921875