6 0.13515625 0.47890625 0.05859375 0.109375
2 0.0890625 0.6515625 0.1125 0.0515625
6 0.2546875 0.50546875 0.05859375 0.10390625
0 0.20390625 0.6515625 0.04375 0.059375
6 0.38515625 0.49140625 0.05390625 0.11640625
5 0.31953125 0.6796875 0.02734375 0.03359375
6 0.43828125 0.49375 0.03359375 0.08515625
8 0.609375 0.56953125 0.0515625 0.090625
8 0.70859375 0.56640625 0.0453125 0.08125
8 0.80625 0.60078125 0.05 0.08671875
8 0.75390625 0.67421875 0.06484375 0.11875
1 0.60078125 0.57890625 0.10859375 0.1234375
1 0.703125 0.58203125 0.0953125 0.1234375
1 0.815625 0.61171875 0.10078125 0.11796875
1 0.74609375 0.66328125 0.16484375 0.18203125
10 0.134375 0.54375 0.14609375 0.228125
10 0.2484375 0.56328125 0.12890625 0.22421875
10 0.38828125 0.575 0.11875 0.27421875
10 0.44921875 0.5328125 0.06640625 0.15625