8 0.11796875 0.7546875 0.0765625 0.10546875
5 0.059375 0.83046875 0.03515625 0.04296875
3 0.23515625 0.60546875 0.04140625 0.0890625
0 0.2125 0.684375 0.03671875 0.03125
8 0.24765625 0.73125 0.065625 0.11484375
3 0.3484375 0.60390625 0.046875 0.0890625
0 0.33828125 0.68984375 0.0375 0.0609375
3 0.5234375 0.62421875 0.04375 0.08125
5 0.52890625 0.70546875 0.0375 0.021875
3 0.62734375 0.615625 0.0421875 0.08671875
7 0.625 0.70390625 0.0640625 0.059375
6 0.75390625 0.59453125 0.059375 0.1109375
5 0.753125 0.821875 0.0359375 0.04453125
6 0.87265625 0.61875 0.05625 0.10703125
2 0.94140625 0.84375 0.11328125 0.05703125
1 0.109375 0.73125 0.16640625 0.1765625
1 0.25546875 0.7453125 0.15546875 0.2015625
10 0.228125 0.63515625 0.10234375 0.14296875
10 0.35234375 0.6375 0.09609375 0.16015625
10 0.51640625 0.64375 0.09453125 0.121875
10 0.628125 0.6390625 0.11015625 0.13984375
10 0.72890625 0.68125 0.17421875 0.28125
10 0.8765625 0.70390625 0.12109375 0.2484375