10 0.0671875 0.2359375 0.08515625 0.13046875
10 0.0953125 0.1625 0.05078125 0.115625
10 0.134375 0.14453125 0.0546875 0.0796875
10 0.38125 0.1359375 0.0421875 0.071875
10 0.30625 0.17578125 0.03828125 0.09453125
10 0.25703125 0.24765625 0.06484375 0.12109375
10 0.33828125 0.25078125 0.053125 0.14140625
10 0.2875 0.34140625 0.13203125 0.184375
10 0.16484375 0.33515625 0.09609375 0.18125
10 0.4203125 0.15546875 0.05390625 0.08359375
1 0.39609375 0.23046875 0.059375 0.08359375
10 0.4546875 0.2640625 0.06953125 0.1265625
10 0.44140625 0.346875 0.10390625 0.1859375
2 0.51484375 0.44296875 0.03984375 0.03828125
10 0.56875 0.20390625 0.0453125 0.08203125
10 0.521875 0.25546875 0.06484375 0.1390625
10 0.54453125 0.34921875 0.10859375 0.18515625
10 0.63125 0.22890625 0.0578125 0.109375
10 0.63515625 0.3734375 0.09765625 0.15625
1 0.7109375 0.178125 0.0375 0.05390625
1 0.73046875 0.1953125 0.0578125 0.07421875
1 0.79296875 0.1875 0.04453125 0.0734375
10 0.7625 0.215625 0.05078125 0.09296875
10 0.815625 0.21796875 0.05546875 0.0890625
10 0.884375 0.18984375 0.0421875 0.0890625
10 0.8390625 0.29375 0.06953125 0.1234375
10 0.90390625 0.340625 0.08359375 0.16328125
10 0.96015625 0.36640625 0.07890625 0.21328125
10 0.55078125 0.16640625 0.04375 0.103125
10 0.03515625 0.15546875 0.04296875 0.09453125
10 0.33046875 0.15 0.04140625 0.08671875
10 0.47578125 0.221875 0.04921875 0.11875
1 0.21171875 0.31796875 0.06640625 0.1109375
10 0.51875 0.184375 0.0484375 0.10546875
6 0.059375 0.20546875 0.0359375 0.06875
6 0.040625 0.1390625 0.02734375 0.06015625
9 0.084375 0.13828125 0.028125 0.06484375
3 0.128125 0.134375 0.025 0.05625
6 0.32890625 0.134375 0.02265625 0.05078125
6 0.3796875 0.125 0.01953125 0.05
6 0.30078125 0.15625 0.02578125 0.05546875
6 0.3375 0.21484375 0.0328125 0.0609375
6 0.27421875 0.225 0.03203125 0.071875
6 0.15703125 0.2921875 0.04296875 0.09375
3 0.19921875 0.30703125 0.03828125 0.084375
9 0.30390625 0.29765625 0.04609375 0.08984375
3 0.38671875 0.22578125 0.02890625 0.065625
3 0.42421875 0.146875 0.02421875 0.05703125
3 0.4671875 0.1984375 0.0265625 0.06640625
6 0.44375 0.24375 0.03359375 0.08125
9 0.42890625 0.30078125 0.04140625 0.08828125
3 0.4625 0.12109375 0.02109375 0.04453125
6 0.48359375 0.13984375 0.025 0.04609375
10 0.48828125 0.16328125 0.03515625 0.09140625
6 0.515625 0.16015625 0.02421875 0.05546875
3 0.5484375 0.14453125 0.021875 0.0515625
3 0.52421875 0.2296875 0.03203125 0.08125
6 0.56328125 0.30546875 0.0421875 0.09453125
6 0.56953125 0.18671875 0.025 0.0484375
6 0.63359375 0.2078125 0.02890625 0.06171875
3 0.63671875 0.34609375 0.04921875 0.09921875
3 0.6171875 0.30078125 0.03515625 0.07578125
10 0.60703125 0.32421875 0.06171875 0.1203125
3 0.71796875 0.17578125 0.01953125 0.04375
3 0.74453125 0.1875 0.02421875 0.05078125
3 0.76875 0.196875 0.02421875 0.05390625
3 0.7984375 0.18125 0.0265625 0.05546875
3 0.8921875 0.171875 0.025 0.05390625
6 0.8234375 0.2 0.02578125 0.0515625
6 0.8515625 0.2640625 0.028125 0.06171875
6 0.90390625 0.2765625 0.03203125 0.06796875
10 0.896875 0.2921875 0.04765625 0.1046875
6 0.92109375 0.29921875 0.03828125 0.075
6 0.9828125 0.31640625 0.03359375 0.09609375