9 0.15390625 0.6 0.04375 0.06875
0 0.13671875 0.69375 0.0515625 0.05
3 0.2421875 0.58125 0.040625 0.0890625
0 0.21953125 0.69140625 0.046875 0.04609375
9 0.31328125 0.61171875 0.04296875 0.08125
5 0.3 0.715625 0.0359375 0.028125
3 0.40078125 0.60390625 0.04921875 0.08125
7 0.38515625 0.709375 0.07890625 0.05546875
3 0.5734375 0.59921875 0.03828125 0.09453125
0 0.5734375 0.68671875 0.04609375 0.04453125
3 0.6734375 0.5890625 0.04375 0.1
0 0.68203125 0.69375 0.04609375 0.04453125
3 0.790625 0.59375 0.046875 0.1015625
0 0.79140625 0.68203125 0.04453125 0.0390625
3 0.87890625 0.65625 0.06953125 0.15
0 0.8859375 0.82109375 0.071875 0.05625
10 0.15078125 0.640625 0.10546875 0.14609375
10 0.23984375 0.628125 0.10078125 0.16171875
10 0.325 0.640625 0.06328125 0.13359375
10 0.396875 0.64375 0.09609375 0.1515625
10 0.57265625 0.63984375 0.11015625 0.1515625
10 0.675 0.63125 0.09765625 0.1765625
10 0.7828125 0.63046875 0.10078125 0.16328125
10 0.86640625 0.73046875 0.196875 0.259375