8 0.11640625 0.7546875 0.07265625 0.12421875
5 0.0578125 0.83671875 0.03359375 0.04375
3 0.23203125 0.60546875 0.04453125 0.09453125
0 0.2125 0.68984375 0.0421875 0.0390625
8 0.24453125 0.740625 0.06796875 0.11875
3 0.3484375 0.60390625 0.046875 0.09609375
0 0.33984375 0.68359375 0.0453125 0.05
3 0.5234375 0.61953125 0.04375 0.08046875
5 0.52890625 0.7015625 0.034375 0.02578125
3 0.62890625 0.61875 0.04609375 0.08125
7 0.62265625 0.69375 0.06015625 0.0484375
6 0.75390625 0.603125 0.05859375 0.1203125
5 0.75390625 0.82578125 0.04140625 0.03671875
6 0.878125 0.61953125 0.0703125 0.10390625
2 0.93984375 0.84375 0.1203125 0.06328125
5 0.22890625 0.84140625 0.03515625 0.0390625
10 0.22890625 0.628125 0.090625 0.13203125
10 0.35 0.634375 0.10078125 0.15078125
10 0.5203125 0.64453125 0.109375 0.11953125
10 0.6265625 0.640625 0.10859375 0.14296875
10 0.73203125 0.68203125 0.17734375 0.278125
10 0.878125 0.7015625 0.1171875 0.246875
1 0.10625 0.73046875 0.1640625 0.171875
1 0.25703125 0.746875 0.14921875 0.20703125