6 0.1390625 0.50546875 0.06171875 0.10390625
2 0.0765625 0.6390625 0.0875 0.078125
9 0.28125 0.49921875 0.05078125 0.11796875
0 0.21328125 0.6453125 0.05 0.059375
3 0.38359375 0.50859375 0.0515625 0.12578125
0 0.3625 0.60546875 0.0359375 0.0609375
2 0.33515625 0.68984375 0.1 0.04609375
6 0.43515625 0.4859375 0.03671875 0.06953125
6 0.61328125 0.5046875 0.04140625 0.08671875
3 0.68984375 0.53046875 0.0453125 0.078125
6 0.79453125 0.515625 0.04140625 0.08359375
3 0.75234375 0.59375 0.0546875 0.1203125
2 0.7453125 0.74375 0.0875 0.05
1 0.7390625 0.64140625 0.134375 0.2015625
10 0.14765625 0.559375 0.11015625 0.20078125
10 0.26015625 0.55546875 0.13515625 0.2265625
10 0.390625 0.5703125 0.11953125 0.2390625
10 0.44765625 0.534375 0.071875 0.15546875
10 0.603125 0.54453125 0.08203125 0.16640625
10 0.6875 0.5578125 0.09375 0.14140625
10 0.796875 0.56171875 0.07578125 0.16953125