8 0.1125 0.75390625 0.0625 0.10703125
5 0.059375 0.83046875 0.0328125 0.03125
3 0.23203125 0.60546875 0.0375 0.0890625
0 0.21328125 0.68046875 0.034375 0.04609375
8 0.2421875 0.740625 0.06875 0.11875
3 0.35078125 0.59453125 0.04921875 0.0890625
0 0.33828125 0.68671875 0.03203125 0.05546875
3 0.5234375 0.61875 0.04609375 0.078125
5 0.5265625 0.69375 0.034375 0.028125
3 0.634375 0.61640625 0.0421875 0.08515625
7 0.62890625 0.7 0.06875 0.05546875
6 0.753125 0.60390625 0.0546875 0.1109375
5 0.75390625 0.8265625 0.040625 0.0390625
6 0.87265625 0.61796875 0.05625 0.1015625
2 0.93828125 0.84375 0.11640625 0.06328125
10 0.21953125 0.63046875 0.08515625 0.14375
10 0.35390625 0.6296875 0.08671875 0.17578125
10 0.51875 0.64375 0.10390625 0.15078125
10 0.625 0.64296875 0.09921875 0.140625
10 0.7328125 0.6890625 0.16796875 0.27578125
10 0.8796875 0.69609375 0.11171875 0.24921875
1 0.11328125 0.73046875 0.17578125 0.17421875
1 0.25546875 0.74453125 0.13515625 0.2015625