3 0.03515625 0.46875 0.06484375 0.11875
2 0.04140625 0.58359375 0.08125 0.08125
3 0.19765625 0.4875 0.05703125 0.11953125
0 0.18203125 0.5984375 0.04609375 0.05625
3 0.32109375 0.45546875 0.0578125 0.12578125
0 0.28125 0.5859375 0.0421875 0.0546875
2 0.28203125 0.6359375 0.12109375 0.04375
6 0.37265625 0.44375 0.03515625 0.071875
6 0.55546875 0.45078125 0.03828125 0.0765625
9 0.6390625 0.47578125 0.03984375 0.0796875
6 0.70078125 0.509375 0.04921875 0.10625
2 0.69140625 0.6796875 0.08359375 0.05546875
1 0.071875 0.51640625 0.14140625 0.203125
10 0.20703125 0.5265625 0.12421875 0.1859375
10 0.3390625 0.51796875 0.14765625 0.2359375
10 0.390625 0.49375 0.07421875 0.15546875
10 0.54453125 0.49453125 0.09609375 0.16953125
10 0.63203125 0.51171875 0.08046875 0.14453125
10 0.68828125 0.56953125 0.13671875 0.21953125
10 0.73828125 0.53125 0.06328125 0.1484375