10 0.06953125 0.24375 0.08984375 0.128125
10 0.04765625 0.18046875 0.071875 0.1109375
10 0.13515625 0.14453125 0.04921875 0.07421875
10 0.3359375 0.14296875 0.05078125 0.08828125
10 0.3796875 0.1421875 0.040625 0.065625
10 0.41953125 0.15625 0.05390625 0.08203125
10 0.47578125 0.21796875 0.05546875 0.125
10 0.5234375 0.18125 0.04921875 0.11015625
10 0.56015625 0.14296875 0.03359375 0.07890625
1 0.57421875 0.2171875 0.05078125 0.06015625
10 0.63125 0.22890625 0.05390625 0.10625
10 0.64609375 0.36875 0.13671875 0.17578125
10 0.60390625 0.33046875 0.06953125 0.121875
1 0.596875 0.2859375 0.06484375 0.09453125
10 0.53828125 0.35546875 0.09453125 0.17578125
10 0.4453125 0.35390625 0.09921875 0.17578125
1 0.44765625 0.271875 0.07109375 0.11953125
1 0.39765625 0.22578125 0.06171875 0.08828125
10 0.325 0.30546875 0.0734375 0.15546875
10 0.34140625 0.24921875 0.04765625 0.13125
10 0.2703125 0.24140625 0.07109375 0.12109375
10 0.27265625 0.34375 0.11328125 0.17578125
10 0.215625 0.30546875 0.0765625 0.1453125
10 0.16328125 0.33515625 0.09765625 0.18125
1 0.7109375 0.178125 0.0375 0.05703125
1 0.73125 0.19296875 0.05859375 0.0765625
10 0.76484375 0.21875 0.0484375 0.09609375
10 0.809375 0.21875 0.04453125 0.08671875
10 0.88828125 0.19375 0.05625 0.08359375
10 0.83828125 0.296875 0.06875 0.11875
10 0.9 0.33125 0.0796875 0.15546875
10 0.96015625 0.36796875 0.07890625 0.2046875
10 0.0921875 0.16796875 0.059375 0.1046875
2 0.515625 0.44375 0.03828125 0.03515625
2 0.25703125 0.41875 0.07421875 0.0296875
3 0.0421875 0.1609375 0.034375 0.06875
3 0.06328125 0.23046875 0.03125 0.07109375
3 0.075 0.14375 0.02734375 0.0640625
3 0.125 0.14375 0.02578125 0.05546875
9 0.34140625 0.13125 0.025 0.05078125
3 0.37578125 0.13203125 0.01875 0.05078125
3 0.30078125 0.16640625 0.02578125 0.06171875
10 0.303125 0.17734375 0.0390625 0.0859375
6 0.28828125 0.215625 0.03359375 0.06640625
6 0.33359375 0.2109375 0.02890625 0.05546875
3 0.31015625 0.28125 0.040625 0.09140625
3 0.27265625 0.30546875 0.04140625 0.09453125
3 0.1953125 0.28046875 0.03671875 0.09296875
6 0.1609375 0.29375 0.04375 0.09609375
3 0.42265625 0.14375 0.02421875 0.059375
3 0.39140625 0.21796875 0.02890625 0.06484375
3 0.465625 0.19296875 0.0265625 0.06953125
9 0.44140625 0.1140625 0.02109375 0.046875
10 0.44453125 0.13125 0.03046875 0.08984375
6 0.471875 0.13125 0.02265625 0.046875
3 0.44296875 0.2515625 0.0328125 0.075
3 0.45078125 0.3109375 0.040625 0.09453125
6 0.54453125 0.315625 0.04296875 0.096875
6 0.52265625 0.15625 0.02421875 0.05546875
3 0.565625 0.12890625 0.0203125 0.0453125
3 0.57890625 0.16875 0.02421875 0.05390625
1 0.56953125 0.1734375 0.05390625 0.06875
3 0.58125 0.21484375 0.02421875 0.0515625
6 0.62890625 0.20625 0.02578125 0.06015625
3 0.61328125 0.27421875 0.03203125 0.06875
3 0.621875 0.31015625 0.03359375 0.08125
3 0.65078125 0.33515625 0.04609375 0.10546875
0 0.65390625 0.43046875 0.05078125 0.040625
3 0.71875 0.16875 0.0203125 0.04375
3 0.7453125 0.18046875 0.02421875 0.0515625
9 0.77265625 0.19375 0.02421875 0.05
9 0.80703125 0.2046875 0.025 0.0515625
3 0.8546875 0.2734375 0.028125 0.06875
6 0.90859375 0.29375 0.0390625 0.07578125
6 0.98046875 0.3140625 0.0390625 0.096875
3 0.896875 0.18125 0.0265625 0.053125
7 0.8453125 0.33984375 0.03671875 0.028125
2 0.89609375 0.415625 0.0328125 0.02578125
2 0.97890625 0.46875 0.03828125 0.0296875