3 0.0640625 0.59609375 0.0625 0.1109375
6 0.21328125 0.5640625 0.06015625 0.10546875
5 0.015625 0.6703125 0.0296875 0.03359375
2 0.140625 0.76796875 0.0828125 0.05703125
3 0.29453125 0.55078125 0.046875 0.08125
7 0.2828125 0.64140625 0.05625 0.05390625
9 0.4265625 0.559375 0.05390625 0.1109375
2 0.3671875 0.76015625 0.07109375 0.05546875
3 0.48203125 0.5265625 0.0375 0.07578125
0 0.47890625 0.615625 0.04140625 0.04296875
3 0.671875 0.5203125 0.0640625 0.12578125
6 0.73984375 0.46953125 0.0453125 0.090625
6 0.809375 0.490625 0.0578125 0.1296875
3 0.84296875 0.4515625 0.03515625 0.0890625
3 0.9609375 0.49375 0.07109375 0.128125
2 0.825 0.725 0.0671875 0.05703125
10 0.08984375 0.65390625 0.12421875 0.215625
10 0.2109375 0.634375 0.11015625 0.24375
10 0.30390625 0.58515625 0.09140625 0.14453125
10 0.4171875 0.6265625 0.13515625 0.22578125
10 0.490625 0.565625 0.09296875 0.146875
10 0.6734375 0.60078125 0.1390625 0.26875
10 0.7421875 0.52109375 0.07734375 0.19453125
10 0.80703125 0.56875 0.14921875 0.29296875
10 0.85625 0.5046875 0.06796875 0.18515625
10 0.94453125 0.5734375 0.11015625 0.28046875