10 0.06953125 0.2484375 0.08828125 0.13125
10 0.13515625 0.14296875 0.05546875 0.08046875
10 0.090625 0.16484375 0.0546875 0.1109375
10 0.38125 0.13203125 0.0421875 0.07109375
10 0.328125 0.14296875 0.03828125 0.0859375
10 0.30703125 0.178125 0.03828125 0.0984375
10 0.34375 0.2515625 0.0609375 0.1359375
1 0.39765625 0.22890625 0.06328125 0.0859375
10 0.41640625 0.15546875 0.05546875 0.08671875
10 0.47421875 0.21796875 0.0421875 0.1109375
10 0.45078125 0.25546875 0.084375 0.140625
10 0.52421875 0.25625 0.07265625 0.13984375
10 0.56953125 0.20625 0.04765625 0.08203125
10 0.646875 0.228125 0.0546875 0.11015625
10 0.596875 0.28203125 0.0609375 0.1
10 0.634375 0.37109375 0.09921875 0.15390625
10 0.540625 0.35234375 0.09375 0.19140625
10 0.44296875 0.3515625 0.0921875 0.18671875
10 0.26640625 0.35625 0.12421875 0.1546875
10 0.31875 0.30703125 0.0828125 0.13828125
10 0.14296875 0.34140625 0.1296875 0.1734375
10 0.21484375 0.3046875 0.0671875 0.13671875
10 0.265625 0.24140625 0.0640625 0.12890625
1 0.709375 0.178125 0.0390625 0.05625
1 0.73125 0.19375 0.05546875 0.08359375
10 0.790625 0.18125 0.04375 0.08203125
10 0.76171875 0.21640625 0.0515625 0.09921875
10 0.81640625 0.21875 0.05546875 0.09296875
10 0.88515625 0.190625 0.04296875 0.08828125
10 0.83203125 0.29453125 0.07421875 0.121875
1 0.91015625 0.35390625 0.07890625 0.12890625
10 0.9625 0.3890625 0.075 0.18515625
10 0.0328125 0.15546875 0.05234375 0.08359375
10 0.55078125 0.16328125 0.04140625 0.09375
9 0.0375 0.14375 0.03046875 0.059375
3 0.12890625 0.1359375 0.025 0.05703125
3 0.06171875 0.221875 0.03203125 0.06953125
9 0.325 0.13125 0.0265625 0.053125
9 0.33828125 0.115625 0.01875 0.0484375
6 0.378125 0.1265625 0.0203125 0.05
9 0.4109375 0.13671875 0.02578125 0.05625
6 0.453125 0.11796875 0.02109375 0.04375
6 0.47890625 0.1375 0.02421875 0.04375
6 0.4578125 0.159375 0.02578125 0.05625
6 0.15078125 0.30625 0.04765625 0.096875
6 0.26953125 0.21015625 0.03359375 0.06875
6 0.30234375 0.15625 0.0234375 0.053125
6 0.33984375 0.21171875 0.02734375 0.05625
3 0.215625 0.28125 0.0390625 0.0859375
3 0.2546875 0.33125 0.04765625 0.096875
3 0.3125 0.29375 0.03984375 0.090625
3 0.38984375 0.21875 0.03203125 0.06484375
2 0.39921875 0.43125 0.06171875 0.03203125
6 0.45 0.2984375 0.0390625 0.08046875
9 0.44296875 0.22578125 0.03203125 0.07578125
6 0.4703125 0.1921875 0.02734375 0.0546875
6 0.51640625 0.16484375 0.025 0.05390625
10 0.51953125 0.18515625 0.04765625 0.09453125
3 0.55703125 0.14296875 0.02421875 0.0546875
6 0.56953125 0.19140625 0.02421875 0.05078125
6 0.5234375 0.23046875 0.02890625 0.078125
2 0.51484375 0.44296875 0.03828125 0.034375
9 0.5375 0.30625 0.0515625 0.09921875
3 0.62578125 0.34453125 0.04609375 0.09375
3 0.609375 0.26953125 0.03203125 0.075
6 0.64921875 0.20625 0.02734375 0.06796875
3 0.71796875 0.16875 0.01796875 0.04375
3 0.7453125 0.18125 0.02421875 0.053125
6 0.7625 0.1859375 0.0203125 0.04453125
3 0.78671875 0.16875 0.02578125 0.05390625
6 0.8234375 0.2015625 0.02421875 0.05078125
3 0.89296875 0.16875 0.02421875 0.053125
6 0.86640625 0.22890625 0.02578125 0.0546875
10 0.86875 0.246875 0.0390625 0.09453125
6 0.846875 0.26875 0.02890625 0.06953125
6 0.90625 0.26875 0.0390625 0.06171875
10 0.9015625 0.29296875 0.046875 0.10859375
3 0.9296875 0.33046875 0.03828125 0.08125
3 0.98671875 0.28359375 0.0265625 0.06953125
1 0.97265625 0.29375 0.05390625 0.096875
9 0.0796875 0.1421875 0.03203125 0.065625