8 0.11015625 0.7609375 0.06328125 0.11875
5 0.059375 0.83046875 0.03515625 0.0390625
3 0.23125 0.6046875 0.040625 0.0796875
0 0.21328125 0.67890625 0.034375 0.0390625
8 0.24453125 0.74375 0.07109375 0.128125
3 0.35078125 0.5984375 0.04765625 0.09296875
0 0.3375 0.68671875 0.0375 0.05546875
3 0.5234375 0.61875 0.04453125 0.08515625
5 0.52890625 0.70546875 0.03515625 0.03359375
3 0.62578125 0.61640625 0.04140625 0.1
7 0.61953125 0.6984375 0.0625 0.05546875
6 0.75390625 0.59375 0.05625 0.11328125
5 0.75390625 0.82578125 0.034375 0.0515625
6 0.87265625 0.61875 0.05390625 0.0984375
2 0.93828125 0.84375 0.1125 0.0609375
1 0.10859375 0.72890625 0.15078125 0.19609375
1 0.25703125 0.74375 0.14375 0.20625
10 0.23046875 0.63125 0.09453125 0.13203125
10 0.35390625 0.63671875 0.09765625 0.17109375
10 0.51953125 0.6453125 0.109375 0.140625
10 0.62265625 0.64921875 0.10625 0.13203125
10 0.73125 0.6921875 0.1734375 0.27890625
10 0.878125 0.7015625 0.12421875 0.25390625