3 0.209375 0.43671875 0.02890625 0.06015625
10 0.20703125 0.45625 0.07265625 0.09375
3 0.1125 0.4125 0.02578125 0.053125
1 0.11953125 0.41875 0.06015625 0.0703125
3 0.259375 0.40390625 0.02421875 0.05390625
10 0.2671875 0.4234375 0.05234375 0.08125
3 0.165625 0.3859375 0.02265625 0.0484375
1 0.16640625 0.390625 0.04765625 0.05546875
9 0.275 0.353125 0.02265625 0.04375
10 0.2828125 0.36640625 0.03828125 0.06484375
3 0.31171875 0.34453125 0.0171875 0.0390625
10 0.31328125 0.353125 0.03515625 0.05
3 0.315625 0.46484375 0.0296875 0.06484375
10 0.31015625 0.490625 0.09140625 0.11875
0 0.3046875 0.5265625 0.034375 0.03828125
3 0.40703125 0.4578125 0.028125 0.065625
6 0.515625 0.446875 0.0296875 0.05546875
10 0.515625 0.48359375 0.0734375 0.13125
3 0.57421875 0.46875 0.02734375 0.0703125
10 0.58203125 0.49375 0.0625 0.11328125
6 0.66640625 0.44375 0.02890625 0.06328125
10 0.66640625 0.48125 0.071875 0.134375
3 0.6484375 0.44609375 0.01953125 0.05625
10 0.6359375 0.46875 0.04453125 0.09296875
3 0.3609375 0.44609375 0.028125 0.0609375
1 0.36484375 0.4609375 0.05625 0.0953125
3 0.42890625 0.45078125 0.02421875 0.05703125
1 0.44453125 0.46484375 0.059375 0.0890625
6 0.39140625 0.3953125 0.025 0.04609375
10 0.39375 0.41640625 0.046875 0.08203125
3 0.4421875 0.39140625 0.02265625 0.04453125
10 0.44453125 0.4171875 0.05078125 0.09375
6 0.5234375 0.3984375 0.021875 0.04375
10 0.52265625 0.41796875 0.05 0.08984375
3 0.57890625 0.41328125 0.02421875 0.04921875
10 0.5796875 0.43046875 0.05625 0.08359375
3 0.634375 0.428125 0.02109375 0.05390625
1 0.628125 0.43359375 0.04296875 0.075
6 0.6578125 0.37890625 0.01953125 0.04609375
10 0.66015625 0.39375 0.04375 0.0796875
3 0.534375 0.36796875 0.01953125 0.04140625
10 0.54453125 0.3921875 0.03828125 0.08046875
6 0.484375 0.3796875 0.01953125 0.04296875
10 0.4890625 0.39296875 0.03828125 0.06953125
3 0.425 0.3515625 0.0171875 0.03671875
10 0.42109375 0.36015625 0.0296875 0.05546875
6 0.575 0.35078125 0.0171875 0.03671875
10 0.57578125 0.36640625 0.03515625 0.06875
3 0.615625 0.36796875 0.0171875 0.0359375
10 0.615625 0.37890625 0.03828125 0.05390625
3 0.4359375 0.340625 0.01640625 0.034375
10 0.43984375 0.34296875 0.0265625 0.04921875
3 0.475 0.334375 0.01484375 0.03359375
10 0.47578125 0.33671875 0.028125 0.04375
3 0.50546875 0.340625 0.01484375 0.0390625
3 0.50625 0.3484375 0.03359375 0.05625
6 0.54140625 0.33359375 0.01796875 0.03671875
10 0.54140625 0.35078125 0.03359375 0.06953125
3 0.6 0.334375 0.01484375 0.03203125
10 0.5953125 0.34296875 0.025 0.0515625
3 0.71953125 0.34375 0.0125 0.03359375
3 0.73203125 0.3546875 0.01484375 0.03359375
10 0.73125 0.36875 0.0359375 0.06875
3 0.77421875 0.35078125 0.01640625 0.0390625
10 0.77421875 0.35546875 0.0296875 0.05703125
6 0.75625 0.36875 0.01640625 0.0390625
3 0.79375 0.36953125 0.01953125 0.04375
3 0.85859375 0.3484375 0.0171875 0.04296875
10 0.85078125 0.35703125 0.03125 0.0609375
3 0.83203125 0.39140625 0.02109375 0.04140625
6 0.81640625 0.4109375 0.02421875 0.04453125
10 0.81484375 0.43203125 0.0484375 0.0859375
6 0.865625 0.41875 0.0265625 0.04609375
10 0.86015625 0.43125 0.03828125 0.075
3 0.959375 0.4234375 0.0234375 0.05390625
3 0.87734375 0.4515625 0.0296875 0.06015625
10 0.8625 0.46953125 0.05859375 0.10390625
6 0.92421875 0.4453125 0.0359375 0.0609375
10 0.91953125 0.490625 0.071875 0.14453125
3 0.984375 0.484375 0.0296875 0.075
10 0.4046875 0.4859375 0.07421875 0.11875
2 0.16328125 0.54375 0.040625 0.0203125
2 0.26953125 0.45859375 0.025 0.021875
10 0.75390625 0.38046875 0.03359375 0.06484375
10 0.79296875 0.38046875 0.03828125 0.06484375
7 0.925 0.56171875 0.0390625 0.02890625
10 0.95703125 0.43828125 0.03203125 0.0796875