10 0.06640625 0.234375 0.08515625 0.13046875
10 0.09375 0.165625 0.05546875 0.115625
10 0.13671875 0.140625 0.05859375 0.08671875
10 0.3796875 0.140625 0.04375 0.06875
10 0.30625 0.17578125 0.0390625 0.09453125
10 0.33828125 0.24921875 0.053125 0.14375
10 0.2875 0.34140625 0.13203125 0.184375
10 0.16484375 0.334375 0.09609375 0.18125
10 0.4203125 0.15546875 0.05390625 0.08359375
1 0.3953125 0.23046875 0.059375 0.08359375
10 0.45625 0.26640625 0.0640625 0.125
10 0.44140625 0.34453125 0.10390625 0.1859375
2 0.51484375 0.44296875 0.03984375 0.03828125
10 0.56875 0.20390625 0.0453125 0.08203125
10 0.521875 0.25546875 0.06484375 0.1390625
10 0.53515625 0.34921875 0.0875 0.19453125
10 0.63125 0.22890625 0.0578125 0.109375
10 0.63359375 0.37109375 0.1046875 0.15390625
1 0.7109375 0.178125 0.0375 0.05390625
1 0.73046875 0.19375 0.0578125 0.07421875
1 0.79296875 0.18671875 0.04453125 0.07109375
10 0.7625 0.215625 0.05078125 0.09296875
10 0.815625 0.21796875 0.05546875 0.0890625
10 0.884375 0.18984375 0.0421875 0.0890625
10 0.8390625 0.29296875 0.06953125 0.1234375
10 0.90390625 0.340625 0.08359375 0.16328125
10 0.96015625 0.36640625 0.07890625 0.21328125
10 0.55078125 0.16640625 0.04375 0.103125
10 0.034375 0.15625 0.04453125 0.0890625
10 0.33125 0.1453125 0.04140625 0.0890625
10 0.47578125 0.221875 0.04921875 0.11875
1 0.21171875 0.31875 0.06640625 0.1109375
10 0.51875 0.18359375 0.0484375 0.10390625
6 0.05625 0.20546875 0.03359375 0.06484375
9 0.040625 0.1453125 0.02890625 0.0609375
9 0.08046875 0.140625 0.0265625 0.06640625
3 0.128125 0.128125 0.02421875 0.05703125
6 0.33046875 0.13125 0.0234375 0.053125
6 0.3375 0.21171875 0.0296875 0.05703125
6 0.3 0.15703125 0.02578125 0.05546875
3 0.27578125 0.3015625 0.04609375 0.09921875
3 0.20078125 0.30859375 0.03671875 0.08671875
6 0.15703125 0.29375 0.04296875 0.09296875
3 0.378125 0.13203125 0.01953125 0.05390625
3 0.38515625 0.22578125 0.03046875 0.06171875
3 0.4234375 0.14609375 0.021875 0.0609375
6 0.48203125 0.1390625 0.02265625 0.05078125
10 0.48828125 0.16015625 0.03515625 0.09453125
6 0.465625 0.190625 0.02734375 0.05546875
6 0.44453125 0.24375 0.034375 0.08125
9 0.425 0.30390625 0.0453125 0.09296875
6 0.53359375 0.29921875 0.04140625 0.09375
3 0.525 0.2265625 0.03046875 0.08046875
6 0.51640625 0.1609375 0.02265625 0.05625
6 0.5546875 0.1375 0.02265625 0.0453125
6 0.56953125 0.1890625 0.02265625 0.05078125
6 0.63203125 0.20625 0.028125 0.0640625
6 0.63671875 0.34140625 0.0453125 0.090625
3 0.71640625 0.171875 0.01796875 0.04375
3 0.74375 0.18984375 0.02421875 0.0515625
3 0.79765625 0.18046875 0.02578125 0.05703125
3 0.76875 0.19453125 0.0234375 0.05390625
6 0.8234375 0.2015625 0.02421875 0.053125
3 0.89296875 0.16796875 0.02578125 0.05625
6 0.85 0.265625 0.0296875 0.0609375
6 0.91015625 0.296875 0.03984375 0.08125
6 0.9796875 0.3140625 0.03984375 0.096875
7 0.2734375 0.4046875 0.07109375 0.06328125