3 0.04765625 0.628125 0.0625 0.1109375
0 0.02578125 0.7703125 0.05078125 0.06328125
6 0.14765625 0.60546875 0.05546875 0.10390625
2 0.1203125 0.7859375 0.08359375 0.05703125
3 0.26328125 0.59296875 0.040625 0.0890625
7 0.259375 0.6640625 0.0765625 0.05
3 0.3671875 0.61328125 0.05859375 0.10703125
7 0.378125 0.75 0.0953125 0.09609375
5 0.3171875 0.765625 0.02578125 0.04296875
3 0.44921875 0.55546875 0.0359375 0.06640625
0 0.4484375 0.6359375 0.03125 0.04453125
3 0.61328125 0.525 0.03203125 0.05703125
3 0.7046875 0.50703125 0.03984375 0.08125
3 0.78828125 0.48359375 0.04140625 0.06640625
3 0.6453125 0.540625 0.05 0.11875
3 0.77265625 0.57421875 0.06484375 0.1296875
7 0.79453125 0.7140625 0.096875 0.07578125
5 0.73203125 0.7359375 0.02890625 0.05390625
3 0.9171875 0.53671875 0.065625 0.1296875
0 0.9328125 0.68515625 0.06796875 0.06328125
10 0.05390625 0.69375 0.10546875 0.23203125
10 0.15703125 0.66796875 0.12109375 0.2109375
10 0.278125 0.6109375 0.1078125 0.1296875
10 0.38359375 0.66953125 0.16015625 0.21875
10 0.4625 0.59453125 0.09296875 0.13515625
10 0.609375 0.56015625 0.0484375 0.13125
10 0.64375 0.61484375 0.1203125 0.25
10 0.70390625 0.54375 0.06328125 0.15703125
10 0.76953125 0.61953125 0.1375 0.2109375
10 0.7921875 0.49921875 0.08515625 0.10859375
10 0.91640625 0.59921875 0.15 0.2359375