8 0.08828125 0.78984375 0.07734375 0.11328125
5 0.05078125 0.8953125 0.05 0.04609375
6 0.24453125 0.6765625 0.05 0.1015625
2 0.190625 0.88984375 0.1234375 0.0609375
6 0.24453125 0.62109375 0.0375 0.04375
6 0.3484375 0.625 0.03828125 0.0796875
5 0.32578125 0.75546875 0.01875 0.0296875
2 0.35703125 0.75703125 0.03515625 0.03671875
6 0.47890625 0.6265625 0.04140625 0.08671875
6 0.59765625 0.61484375 0.04453125 0.0890625
5 0.61328125 0.7453125 0.02421875 0.02421875
3 0.5265625 0.73046875 0.06171875 0.11640625
0 0.534375 0.85703125 0.0484375 0.059375
6 0.70078125 0.64375 0.059375 0.10390625
5 0.6984375 0.86328125 0.02890625 0.03671875
3 0.84140625 0.71484375 0.065625 0.10390625
2 0.89140625 0.86484375 0.10234375 0.06328125
1 0.11328125 0.78671875 0.15078125 0.2015625
10 0.25390625 0.75625 0.12578125 0.2296875
10 0.34921875 0.6734375 0.084375 0.165625
10 0.48671875 0.66953125 0.0734375 0.15703125
10 0.5296875 0.77578125 0.13515625 0.20546875
10 0.5984375 0.6609375 0.08671875 0.16328125
10 0.709375 0.72890625 0.12265625 0.25546875
10 0.8578125 0.75859375 0.12265625 0.184375