10 0.06796875 0.24296875 0.0828125 0.1109375
10 0.05703125 0.18984375 0.07890625 0.09609375
10 0.09140625 0.16640625 0.05859375 0.103125
10 0.1359375 0.146875 0.04921875 0.07421875
10 0.16171875 0.33125 0.1046875 0.18203125
10 0.27734375 0.35546875 0.11640625 0.159375
1 0.215625 0.31953125 0.06328125 0.1109375
1 0.321875 0.31328125 0.096875 0.15
1 0.2515625 0.25390625 0.06953125 0.11171875
10 0.3453125 0.24921875 0.05859375 0.14375
10 0.30546875 0.18046875 0.0421875 0.08359375
1 0.39765625 0.2234375 0.05703125 0.08359375
10 0.3375 0.14453125 0.05234375 0.09453125
10 0.38125 0.1421875 0.0421875 0.065625
10 0.421875 0.15546875 0.05625 0.08125
10 0.47578125 0.1625 0.04140625 0.10625
10 0.46875 0.21796875 0.06015625 0.13046875
10 0.44765625 0.26875 0.07578125 0.12421875
10 0.5234375 0.18125 0.04921875 0.103125
10 0.628125 0.22890625 0.0578125 0.10546875
1 0.56953125 0.17421875 0.05390625 0.06484375
1 0.56875 0.215625 0.0453125 0.06484375
10 0.44453125 0.35859375 0.09296875 0.165625
10 0.53828125 0.35625 0.096875 0.17890625
10 0.6453125 0.37421875 0.13828125 0.1703125
10 0.60625 0.33125 0.0703125 0.125
1 0.51796875 0.28046875 0.05078125 0.09921875
2 0.259375 0.4265625 0.06953125 0.03515625
2 0.51328125 0.44296875 0.0375 0.03203125
1 0.7109375 0.17890625 0.03671875 0.053125
1 0.74296875 0.18828125 0.0484375 0.08125
10 0.76796875 0.2140625 0.04765625 0.08828125
10 0.81640625 0.21953125 0.05078125 0.08125
10 0.884375 0.20390625 0.04375 0.06875
1 0.83828125 0.3046875 0.08046875 0.1109375
10 0.91171875 0.34609375 0.0953125 0.13046875
10 0.96015625 0.3671875 0.07890625 0.19921875
1 0.59765625 0.284375 0.06640625 0.09375
3 0.06015625 0.22578125 0.03515625 0.07421875
3 0.04375 0.16953125 0.03203125 0.05703125
3 0.078125 0.146875 0.03046875 0.06328125
3 0.128125 0.140625 0.0234375 0.05390625
6 0.16875 0.28828125 0.04140625 0.09375
3 0.20390625 0.30546875 0.03515625 0.078125
3 0.26953125 0.23671875 0.034375 0.07890625
3 0.26875 0.321875 0.0453125 0.09375
3 0.2984375 0.2953125 0.03984375 0.08671875
3 0.3015625 0.16875 0.02578125 0.06015625
6 0.346875 0.12109375 0.02109375 0.0515625
3 0.37734375 0.13359375 0.01953125 0.05
3 0.390625 0.215625 0.0296875 0.065625
3 0.4234375 0.14375 0.02265625 0.05859375
6 0.4375 0.1109375 0.0203125 0.04453125
10 0.4421875 0.12734375 0.03203125 0.0765625
6 0.47109375 0.134375 0.0234375 0.04921875
6 0.46328125 0.18203125 0.02890625 0.05546875
6 0.440625 0.24609375 0.03046875 0.075
6 0.51953125 0.15703125 0.02578125 0.05546875
3 0.45078125 0.31953125 0.04140625 0.08203125
3 0.5265625 0.2703125 0.03125 0.0796875
6 0.5421875 0.31640625 0.04140625 0.0953125
3 0.54453125 0.153125 0.021875 0.05
3 0.58046875 0.17109375 0.02421875 0.05
3 0.56953125 0.21171875 0.02265625 0.05546875
6 0.625 0.20546875 0.02734375 0.0609375
3 0.625 0.30703125 0.0328125 0.078125
3 0.65390625 0.34140625 0.04765625 0.103125
0 0.65625 0.434375 0.05390625 0.03515625
3 0.7171875 0.17265625 0.01875 0.04375
9 0.75390625 0.1734375 0.02578125 0.0546875
9 0.77734375 0.19453125 0.0234375 0.0515625
9 0.79921875 0.18671875 0.0265625 0.046875
3 0.8234375 0.20625 0.02265625 0.0546875
3 0.89140625 0.19375 0.025 0.0484375
3 0.86328125 0.28359375 0.03046875 0.06953125
7 0.8515625 0.34140625 0.04375 0.028125
3 0.91640625 0.284375 0.03515625 0.06953125
9 0.93828125 0.321875 0.03828125 0.08125
2 0.89453125 0.415625 0.03359375 0.025
3 0.98359375 0.31875 0.0328125 0.1015625
2 0.978125 0.46875 0.03984375 0.03125