6 0.21953125 0.578125 0.053125 0.10390625
5 0.1359375 0.7609375 0.03515625 0.040625
3 0.2765625 0.56875 0.040625 0.090625
0 0.27578125 0.640625 0.03515625 0.03671875
3 0.3171875 0.60546875 0.05859375 0.13359375
0 0.29140625 0.74375 0.06640625 0.06640625
3 0.3984375 0.55546875 0.04609375 0.1
0 0.39296875 0.6484375 0.0390625 0.05546875
3 0.5703125 0.58125 0.0375 0.06328125
3 0.5984375 0.61953125 0.05234375 0.12421875
0 0.59765625 0.76953125 0.06640625 0.0609375
6 0.740625 0.56328125 0.05390625 0.10546875
9 0.86640625 0.6234375 0.07265625 0.1203125
2 0.909375 0.80625 0.15 0.06484375
1 0.7890625 0.61640625 0.06640625 0.1390625
1 0.28046875 0.60078125 0.0515625 0.1390625
1 0.4078125 0.596875 0.08671875 0.16015625
1 0.56171875 0.61171875 0.090625 0.12890625
10 0.2078125 0.646875 0.1171875 0.22890625
10 0.31640625 0.6609375 0.1453125 0.2359375
10 0.59296875 0.67578125 0.13984375 0.23046875
10 0.73359375 0.65234375 0.1390625 0.275
10 0.865625 0.6796875 0.1359375 0.23125