3 0.11640625 0.41171875 0.02890625 0.0515625
3 0.165625 0.3875 0.02421875 0.0453125
3 0.20625 0.45078125 0.02734375 0.05078125
3 0.2578125 0.4046875 0.02109375 0.0390625
3 0.24375 0.3578125 0.01796875 0.03984375
3 0.30546875 0.34296875 0.01875 0.0390625
6 0.3296875 0.44375 0.02890625 0.06328125
6 0.40390625 0.45625 0.03046875 0.06015625
6 0.5125 0.44765625 0.03203125 0.05625
3 0.365625 0.44375 0.0265625 0.0609375
6 0.40078125 0.39296875 0.02265625 0.046875
6 0.45078125 0.39375 0.02109375 0.04453125
6 0.41640625 0.35546875 0.01875 0.0359375
3 0.475 0.33046875 0.0140625 0.03359375
6 0.490625 0.38046875 0.01796875 0.04296875
3 0.50625 0.33984375 0.01640625 0.040625
6 0.53984375 0.33046875 0.01796875 0.03359375
6 0.5375 0.36796875 0.0234375 0.040625
6 0.5234375 0.39609375 0.02421875 0.05078125
6 0.5984375 0.32578125 0.01640625 0.03046875
3 0.58203125 0.4015625 0.02265625 0.06015625
6 0.61796875 0.36796875 0.0171875 0.0359375
6 0.65390625 0.37578125 0.02109375 0.04140625
3 0.63125 0.41015625 0.02109375 0.05546875
6 0.5875 0.48125 0.0328125 0.06796875
6 0.66953125 0.45390625 0.03359375 0.06640625
6 0.71875 0.328125 0.0140625 0.02578125
3 0.73515625 0.35703125 0.01953125 0.03671875
3 0.7765625 0.35390625 0.01796875 0.03828125
6 0.75390625 0.36640625 0.01796875 0.03203125
3 0.80546875 0.37578125 0.0203125 0.03671875
3 0.8515625 0.3515625 0.021875 0.0390625
3 0.828125 0.384375 0.0203125 0.04375
3 0.83125 0.43125 0.02421875 0.046875
6 0.86328125 0.41796875 0.02578125 0.0484375
3 0.87890625 0.4546875 0.02421875 0.0609375
3 0.91953125 0.45625 0.034375 0.07109375
3 0.95859375 0.42109375 0.02421875 0.0546875
6 0.98671875 0.48125 0.0265625 0.0640625
10 0.91640625 0.4890625 0.07890625 0.14921875
10 0.8640625 0.471875 0.05703125 0.10546875
1 0.81640625 0.44375 0.05625 0.078125
10 0.84921875 0.3609375 0.03515625 0.0546875
10 0.75390625 0.38125 0.03515625 0.06796875
10 0.7125 0.3484375 0.0296875 0.06875
10 0.66953125 0.48828125 0.07421875 0.13671875
10 0.58671875 0.49609375 0.06640625 0.11015625
10 0.58203125 0.41796875 0.05546875 0.09140625
10 0.66015625 0.39140625 0.04296875 0.078125
10 0.61640625 0.3734375 0.03125 0.04453125
10 0.59609375 0.334375 0.0265625 0.05625
10 0.4890625 0.3921875 0.03984375 0.06796875
10 0.5140625 0.48125 0.06484375 0.13359375
10 0.47578125 0.33125 0.03125 0.05
10 0.4125 0.48203125 0.08671875 0.12109375
10 0.31640625 0.475 0.08203125 0.13125
10 0.31015625 0.34921875 0.0375 0.05546875
10 0.26640625 0.421875 0.05 0.08125
1 0.2078125 0.4609375 0.07109375 0.09375
1 0.115625 0.41875 0.0484375 0.06640625
10 0.16953125 0.39375 0.05 0.0609375
2 0.16328125 0.54375 0.03828125 0.0203125
2 0.26875 0.45859375 0.02421875 0.01875
1 0.3671875 0.46015625 0.046875 0.09453125
10 0.42265625 0.365625 0.03125 0.0609375
10 0.45234375 0.41875 0.0359375 0.09453125
10 0.6265625 0.42734375 0.04140625 0.0859375
10 0.73046875 0.36796875 0.03203125 0.05859375
10 0.7765625 0.36015625 0.02890625 0.05
10 0.815625 0.39765625 0.03984375 0.06953125
10 0.95703125 0.4328125 0.03515625 0.075