3 0.13515625 0.51875 0.059375 0.10390625
2 0.09453125 0.6359375 0.1125 0.071875
3 0.24453125 0.53359375 0.05625 0.11484375
0 0.2171875 0.6515625 0.05 0.059375
6 0.39453125 0.46953125 0.05390625 0.0984375
5 0.3203125 0.68046875 0.03203125 0.03671875
3 0.43046875 0.50546875 0.0359375 0.08125
6 0.6046875 0.4890625 0.0375 0.07421875
6 0.690625 0.521875 0.0421875 0.06875
6 0.79453125 0.5390625 0.04609375 0.08515625
3 0.7375 0.58046875 0.0546875 0.11875
2 0.73671875 0.74140625 0.0890625 0.05703125
10 0.14921875 0.5640625 0.10546875 0.18125
10 0.25703125 0.58203125 0.1265625 0.1953125
10 0.38515625 0.559375 0.12109375 0.26953125
1 0.446875 0.54296875 0.06953125 0.140625
10 0.58828125 0.54140625 0.09765625 0.171875
10 0.684375 0.55625 0.07890625 0.1359375
10 0.728125 0.63828125 0.13515625 0.21328125
10 0.79453125 0.575 0.07265625 0.15546875