10 0.06953125 0.240625 0.08828125 0.13828125
10 0.065625 0.171875 0.075 0.12421875
10 0.14140625 0.14375 0.04921875 0.07578125
10 0.33671875 0.14375 0.0515625 0.090625
10 0.30625 0.17421875 0.04140625 0.09453125
10 0.37890625 0.14296875 0.04140625 0.0640625
10 0.41953125 0.15625 0.05390625 0.08203125
10 0.478125 0.16171875 0.0390625 0.10546875
10 0.4765625 0.22109375 0.05546875 0.12578125
10 0.5234375 0.19296875 0.04921875 0.103125
10 0.55078125 0.14296875 0.0375 0.08046875
10 0.57109375 0.20625 0.0484375 0.07109375
10 0.63203125 0.2296875 0.05546875 0.10546875
10 0.64453125 0.36875 0.13515625 0.1796875
10 0.60390625 0.33359375 0.06484375 0.13125
1 0.60078125 0.2890625 0.06796875 0.1
10 0.53828125 0.35546875 0.09453125 0.17578125
10 0.44453125 0.35078125 0.10078125 0.18671875
10 0.44765625 0.26171875 0.07578125 0.14296875
1 0.3984375 0.22578125 0.06015625 0.09375
10 0.328125 0.30625 0.0734375 0.15390625
10 0.34140625 0.2484375 0.04375 0.13125
10 0.2703125 0.24453125 0.07109375 0.128125
10 0.275 0.34375 0.11328125 0.1796875
10 0.21328125 0.30390625 0.08203125 0.1453125
10 0.1625 0.3375 0.0984375 0.18046875
1 0.71015625 0.1796875 0.0375 0.05703125
1 0.73203125 0.19296875 0.05859375 0.08203125
10 0.76484375 0.21875 0.0484375 0.09609375
10 0.81015625 0.21796875 0.04453125 0.08828125
10 0.8859375 0.19296875 0.04921875 0.08984375
10 0.83984375 0.303125 0.07578125 0.11796875
10 0.89921875 0.334375 0.0796875 0.15625
10 0.96015625 0.36875 0.07890625 0.20546875
6 0.06328125 0.21171875 0.03359375 0.0703125
6 0.0734375 0.140625 0.03359375 0.05703125
3 0.04453125 0.1484375 0.028125 0.06640625
10 0.03515625 0.15859375 0.04921875 0.08515625
3 0.13515625 0.13671875 0.025 0.05625
6 0.340625 0.12890625 0.02109375 0.05078125
3 0.30078125 0.159375 0.02421875 0.05625
6 0.2734375 0.18359375 0.025 0.06015625
6 0.3359375 0.21328125 0.028125 0.05546875
6 0.28828125 0.21875 0.034375 0.06875
3 0.32265625 0.28046875 0.03828125 0.08515625
3 0.19453125 0.27890625 0.03828125 0.09375
6 0.271875 0.30546875 0.03671875 0.0984375
2 0.25859375 0.421875 0.07578125 0.03046875
6 0.1546875 0.29609375 0.04296875 0.09375
3 0.38984375 0.215625 0.0296875 0.0640625
3 0.375 0.13515625 0.0203125 0.05
3 0.41953125 0.14375 0.025 0.059375
6 0.44453125 0.11171875 0.02109375 0.04453125
10 0.44453125 0.13125 0.03125 0.08828125
6 0.471875 0.1328125 0.0234375 0.046875
3 0.465625 0.19453125 0.0265625 0.06640625
6 0.44765625 0.23046875 0.03203125 0.07578125
6 0.4546875 0.29765625 0.04140625 0.08046875
6 0.54453125 0.31640625 0.040625 0.09140625
2 0.515625 0.44296875 0.03984375 0.0359375
3 0.52421875 0.1734375 0.02421875 0.05703125
9 0.55234375 0.13046875 0.02421875 0.04921875
0 0.55625 0.14140625 0.0234375 0.0296875
3 0.575 0.20078125 0.02109375 0.05078125
3 0.615625 0.275 0.03515625 0.06875
6 0.62734375 0.20546875 0.0265625 0.059375
3 0.6203125 0.3109375 0.03046875 0.078125
3 0.65078125 0.33359375 0.046875 0.103125
0 0.65390625 0.43125 0.05078125 0.040625
3 0.71640625 0.17421875 0.01953125 0.04453125
3 0.74453125 0.17890625 0.02265625 0.05390625
3 0.79375 0.19375 0.02421875 0.05390625
3 0.771875 0.19453125 0.0234375 0.05078125
9 0.8078125 0.20390625 0.02578125 0.0515625
3 0.8953125 0.17421875 0.02578125 0.05546875
3 0.8609375 0.28046875 0.03125 0.0703125
7 0.84765625 0.34140625 0.04296875 0.02578125
6 0.90703125 0.29296875 0.0375 0.0734375
6 0.98046875 0.3109375 0.0390625 0.09375
2 0.8953125 0.41640625 0.03203125 0.02578125
2 0.97890625 0.46953125 0.040625 0.03125