6 0.09453125 0.63046875 0.07265625 0.1296875
5 0.04453125 0.84765625 0.05546875 0.04375
6 0.2421875 0.584375 0.04921875 0.08046875
8 0.19453125 0.765625 0.07734375 0.1203125
6 0.33828125 0.578125 0.04375 0.07421875
5 0.32265625 0.70859375 0.028125 0.03125
6 0.48828125 0.56875 0.03984375 0.08359375
6 0.6046875 0.56875 0.04140625 0.08125
5 0.61171875 0.70546875 0.0265625 0.02578125
3 0.5109375 0.70390625 0.0625 0.11875
0 0.5421875 0.80625 0.040625 0.0515625
6 0.70078125 0.60546875 0.05078125 0.09609375
5 0.69609375 0.81875 0.0328125 0.03515625
3 0.84140625 0.65859375 0.05859375 0.11875
2 0.884375 0.82265625 0.0921875 0.05625
1 0.21875 0.7484375 0.14921875 0.20546875
10 0.10390625 0.6984375 0.13203125 0.26796875
10 0.2484375 0.63046875 0.08984375 0.16953125
10 0.34296875 0.621875 0.09765625 0.178125
10 0.49375 0.61796875 0.10546875 0.1734375
1 0.5328125 0.73671875 0.13828125 0.2046875
10 0.60703125 0.61796875 0.10546875 0.17109375
10 0.70703125 0.6890625 0.12890625 0.265625
10 0.853125 0.70546875 0.1359375 0.21640625