6 0.09296875 0.63359375 0.06796875 0.125
5 0.04453125 0.846875 0.05625 0.03046875
6 0.24609375 0.5875 0.04296875 0.084375
8 0.19453125 0.75546875 0.06953125 0.11875
6 0.353125 0.5765625 0.03671875 0.07109375
5 0.32578125 0.70546875 0.02734375 0.03125
6 0.4875 0.5734375 0.03671875 0.08046875
6 0.60859375 0.571875 0.0453125 0.08046875
3 0.5109375 0.70546875 0.0625 0.11328125
0 0.53828125 0.81484375 0.0375 0.0515625
6 0.70078125 0.60546875 0.05 0.1015625
5 0.69765625 0.821875 0.03359375 0.040625
3 0.8390625 0.65546875 0.059375 0.11640625
2 0.88828125 0.81875 0.1 0.0609375
5 0.61015625 0.7046875 0.02734375 0.03125
10 0.1046875 0.69921875 0.13671875 0.25625
10 0.24453125 0.6265625 0.09296875 0.159375
10 0.34453125 0.6234375 0.09609375 0.18125
10 0.48984375 0.61875 0.09296875 0.16328125
1 0.53515625 0.740625 0.13828125 0.19921875
10 0.60546875 0.61875 0.10390625 0.17578125
10 0.70703125 0.69296875 0.13046875 0.26953125
10 0.85390625 0.7109375 0.13828125 0.21875
1 0.21953125 0.74921875 0.14609375 0.21796875