3 0.15078125 0.63046875 0.040625 0.0890625
0 0.1375 0.70390625 0.046875 0.04453125
6 0.23515625 0.59375 0.04375 0.0890625
0 0.21328125 0.70546875 0.05 0.05703125
9 0.32578125 0.58046875 0.04375 0.0796875
5 0.29140625 0.71875 0.02421875 0.03671875
3 0.39453125 0.61171875 0.053125 0.08125
7 0.37578125 0.71484375 0.08828125 0.0515625
9 0.58046875 0.59375 0.0484375 0.08359375
0 0.56953125 0.70078125 0.028125 0.0390625
6 0.69453125 0.571875 0.03984375 0.09453125
0 0.6671875 0.68046875 0.05859375 0.0609375
3 0.78515625 0.59375 0.04765625 0.090625
0 0.7921875 0.69375 0.05390625 0.05546875
9 0.85078125 0.64140625 0.075 0.12421875
0 0.86640625 0.81953125 0.09765625 0.0609375
1 0.153125 0.65703125 0.09921875 0.1296875
10 0.234375 0.64375 0.10546875 0.171875
10 0.32265625 0.63046875 0.08203125 0.16640625
10 0.40078125 0.65078125 0.10546875 0.16171875
10 0.57421875 0.64296875 0.11328125 0.159375
10 0.68203125 0.625 0.1 0.18671875
10 0.78515625 0.640625 0.09453125 0.15703125
10 0.8875 0.71875 0.1953125 0.2703125