9 0.15078125 0.5984375 0.0375 0.0703125
0 0.13515625 0.69296875 0.04375 0.04453125
3 0.240625 0.58203125 0.0453125 0.08671875
0 0.2171875 0.68671875 0.05 0.04453125
9 0.3125 0.61171875 0.0453125 0.08125
5 0.30078125 0.715625 0.04609375 0.0203125
3 0.4 0.59921875 0.0453125 0.08125
7 0.38515625 0.70546875 0.08125 0.05390625
3 0.5734375 0.5984375 0.0375 0.09296875
0 0.57578125 0.68046875 0.040625 0.040625
3 0.67265625 0.58515625 0.04921875 0.10546875
0 0.68203125 0.69453125 0.05 0.0484375
3 0.78984375 0.59375 0.0453125 0.09609375
0 0.79453125 0.68046875 0.04609375 0.040625
3 0.87734375 0.65546875 0.0703125 0.1484375
0 0.88515625 0.8234375 0.07265625 0.06875
10 0.15 0.63828125 0.1078125 0.14453125
10 0.240625 0.63046875 0.1015625 0.16328125
10 0.325 0.64296875 0.0671875 0.13046875
10 0.39765625 0.64140625 0.09765625 0.1546875
10 0.571875 0.640625 0.11015625 0.15078125
10 0.67421875 0.63203125 0.09765625 0.17890625
10 0.78359375 0.63046875 0.10546875 0.1609375
10 0.865625 0.72421875 0.1953125 0.25625