3 0.171875 0.6265625 0.065625 0.12421875
5 0.14140625 0.80390625 0.05 0.03671875
3 0.31953125 0.5984375 0.04375 0.06875
3 0.31953125 0.66171875 0.05390625 0.10546875
2 0.27578125 0.78046875 0.09453125 0.05
3 0.3953125 0.62578125 0.04375 0.0890625
7 0.40078125 0.70078125 0.06484375 0.05
6 0.553125 0.55546875 0.0359375 0.08125
9 0.60078125 0.6390625 0.0625 0.11484375
5 0.59609375 0.81640625 0.0328125 0.03359375
3 0.66328125 0.59375 0.04453125 0.09609375
0 0.66953125 0.69140625 0.05234375 0.05
3 0.78671875 0.621875 0.0609375 0.13125
0 0.803125 0.78203125 0.0546875 0.05546875
3 0.92421875 0.65390625 0.0640625 0.11875
2 0.96328125 0.81796875 0.06640625 0.071875
10 0.18046875 0.68046875 0.13046875 0.23671875
10 0.32578125 0.709375 0.12265625 0.18984375
10 0.31953125 0.609375 0.07265625 0.10625
10 0.4125 0.64453125 0.10234375 0.15390625
10 0.54765625 0.628125 0.08203125 0.209375
10 0.596875 0.703125 0.12265625 0.2234375
10 0.66875 0.63203125 0.09453125 0.1734375
10 0.78515625 0.68828125 0.13203125 0.24921875
10 0.93359375 0.70703125 0.1328125 0.2078125