6 0.1921875 0.58359375 0.065625 0.10390625
5 0.13828125 0.76171875 0.03359375 0.04453125
3 0.2890625 0.57578125 0.0375 0.08125
0 0.28203125 0.63359375 0.03125 0.03359375
6 0.33828125 0.56328125 0.05703125 0.10546875
6 0.40390625 0.5359375 0.04375 0.08125
3 0.56640625 0.575 0.034375 0.06875
3 0.6 0.61015625 0.05546875 0.11875
0 0.59765625 0.76640625 0.06875 0.08125
3 0.76328125 0.55703125 0.04140625 0.06640625
6 0.8046875 0.5703125 0.06015625 0.12578125
3 0.96640625 0.63125 0.05859375 0.12578125
10 0.190625 0.65078125 0.1359375 0.22109375
10 0.340625 0.64375 0.13046875 0.2546875
10 0.5953125 0.67421875 0.1453125 0.24921875
10 0.80078125 0.65625 0.14609375 0.2734375
10 0.94296875 0.684375 0.1140625 0.23515625
10 0.2921875 0.6015625 0.06015625 0.128125
10 0.4125 0.58828125 0.0796875 0.178125
1 0.5546875 0.609375 0.07734375 0.13359375
1 0.75 0.609375 0.0921875 0.13828125