3 0.209375 0.4359375 0.02890625 0.06171875
10 0.20703125 0.45546875 0.07265625 0.09609375
3 0.11796875 0.4078125 0.02578125 0.053125
1 0.11953125 0.41875 0.05625 0.07578125
3 0.165625 0.3859375 0.02265625 0.0453125
1 0.16640625 0.390625 0.05 0.05546875
3 0.25703125 0.40625 0.02421875 0.0453125
10 0.26640625 0.42578125 0.05078125 0.08671875
3 0.240625 0.36171875 0.01953125 0.04140625
3 0.27578125 0.35078125 0.01953125 0.04453125
10 0.2828125 0.36015625 0.03203125 0.06875
3 0.309375 0.34921875 0.01796875 0.0390625
1 0.31328125 0.353125 0.03359375 0.0484375
3 0.315625 0.46484375 0.02890625 0.06640625
10 0.3125 0.48671875 0.08984375 0.11953125
0 0.3046875 0.525 0.0359375 0.0296875
6 0.4046875 0.45390625 0.03046875 0.05546875
10 0.40703125 0.48125 0.06640625 0.11875
3 0.51484375 0.48046875 0.0296875 0.06875
9 0.57421875 0.46640625 0.0296875 0.071875
10 0.58359375 0.4890625 0.07265625 0.1203125
6 0.66640625 0.4453125 0.03359375 0.06484375
10 0.66640625 0.48125 0.07109375 0.140625
3 0.64765625 0.44609375 0.01796875 0.05625
3 0.36171875 0.44296875 0.02578125 0.06015625
1 0.3640625 0.46171875 0.05625 0.09453125
3 0.42890625 0.440625 0.02578125 0.05859375
1 0.44375 0.45546875 0.0546875 0.1
9 0.39140625 0.39296875 0.02265625 0.04375
10 0.390625 0.41328125 0.0484375 0.08671875
3 0.45078125 0.39375 0.01875 0.04453125
10 0.45078125 0.4171875 0.046875 0.09140625
6 0.52421875 0.39609375 0.0203125 0.04375
10 0.521875 0.41875 0.05234375 0.09375
3 0.5796875 0.40703125 0.02109375 0.04453125
10 0.58203125 0.43125 0.059375 0.0859375
3 0.63359375 0.421875 0.0203125 0.05546875
1 0.62578125 0.43046875 0.03671875 0.07421875
6 0.40625 0.37265625 0.01796875 0.03828125
10 0.41015625 0.38984375 0.02890625 0.07578125
6 0.48515625 0.38046875 0.02109375 0.03984375
10 0.48828125 0.39296875 0.04140625 0.06875
3 0.5375 0.36875 0.0203125 0.040625
1 0.54453125 0.390625 0.03828125 0.0859375
6 0.65703125 0.37734375 0.01796875 0.03984375
10 0.66015625 0.39296875 0.03828125 0.0734375
3 0.4203125 0.3578125 0.01953125 0.04375
10 0.4265625 0.36875 0.03046875 0.06328125
3 0.440625 0.34296875 0.0171875 0.03359375
10 0.4390625 0.3515625 0.028125 0.05
3 0.475 0.3328125 0.0140625 0.03203125
10 0.475 0.3359375 0.03125 0.04375
3 0.50625 0.340625 0.01796875 0.0359375
10 0.50703125 0.346875 0.03515625 0.05546875
6 0.575 0.3515625 0.01796875 0.03671875
10 0.57578125 0.365625 0.034375 0.0703125
3 0.6 0.33125 0.0140625 0.034375
10 0.5953125 0.34140625 0.025 0.05390625
3 0.615625 0.36796875 0.0171875 0.0359375
10 0.6125 0.3796875 0.03984375 0.05390625
3 0.7203125 0.34296875 0.01484375 0.03203125
3 0.7328125 0.3546875 0.01484375 0.03515625
10 0.73203125 0.36875 0.034375 0.06484375
3 0.77890625 0.35625 0.01796875 0.04140625
1 0.775 0.36015625 0.02578125 0.05390625
6 0.75625 0.36875 0.01484375 0.03515625
3 0.79453125 0.371875 0.01796875 0.04375
3 0.85859375 0.34921875 0.02109375 0.04296875
10 0.85234375 0.35546875 0.03046875 0.0609375
3 0.83125 0.3921875 0.01953125 0.03984375
6 0.8171875 0.41171875 0.01953125 0.04453125
10 0.81328125 0.43359375 0.04921875 0.09453125
3 0.87578125 0.446875 0.02578125 0.0640625
10 0.86328125 0.46953125 0.05859375 0.1109375
6 0.92265625 0.43125 0.03046875 0.05859375
3 0.95703125 0.4234375 0.02578125 0.05078125
10 0.9546875 0.43671875 0.03828125 0.07578125
3 0.93125 0.46796875 0.0390625 0.0734375
10 0.921875 0.496875 0.075 0.13046875
10 0.51328125 0.49296875 0.06953125 0.09921875
7 0.92578125 0.55625 0.03828125 0.028125
2 0.16328125 0.54296875 0.04140625 0.0234375
2 0.26953125 0.45703125 0.02578125 0.02578125
10 0.75390625 0.3828125 0.03359375 0.065625
10 0.790625 0.38125 0.0359375 0.06640625