3 0.0578125 0.6046875 0.05859375 0.109375
3 0.07578125 0.55859375 0.04140625 0.06875
5 0.01328125 0.66796875 0.02578125 0.03125
3 0.16328125 0.60859375 0.0625 0.1109375
7 0.16875 0.7484375 0.1359375 0.08046875
3 0.29140625 0.55078125 0.05 0.08046875
0 0.27890625 0.64375 0.06640625 0.05
3 0.37890625 0.59375 0.06328125 0.140625
5 0.31796875 0.75078125 0.0359375 0.05
7 0.37890625 0.74140625 0.09375 0.08671875
3 0.471875 0.51875 0.040625 0.0890625
0 0.47578125 0.6140625 0.04375 0.03515625
3 0.68203125 0.52578125 0.0625 0.12578125
3 0.73828125 0.47890625 0.04375 0.09453125
3 0.82890625 0.44296875 0.04765625 0.078125
3 0.821875 0.54375 0.0765625 0.14296875
7 0.84140625 0.68046875 0.1 0.13359375
3 0.96640625 0.50703125 0.05859375 0.15
10 0.08125 0.65546875 0.1109375 0.2109375
10 0.184375 0.66171875 0.1703125 0.21484375
10 0.3 0.58515625 0.09921875 0.14453125
10 0.4 0.6484375 0.15546875 0.23359375
10 0.48203125 0.55859375 0.09765625 0.16328125
10 0.671875 0.60078125 0.1375 0.2796875
10 0.740625 0.51875 0.07421875 0.16328125
10 0.84453125 0.50546875 0.08984375 0.19140625
10 0.81640625 0.60625 0.16328125 0.25078125
10 0.94453125 0.58125 0.10859375 0.26953125