6 0.14765625 0.49375 0.05390625 0.1
2 0.0890625 0.65390625 0.1125 0.05546875
6 0.2546875 0.5015625 0.05625 0.1109375
0 0.20625 0.6484375 0.04140625 0.06640625
6 0.3921875 0.490625 0.05 0.1
5 0.31875 0.6796875 0.03125 0.040625
6 0.4390625 0.48984375 0.0375 0.071875
6 0.6 0.48125 0.0390625 0.08515625
6 0.6828125 0.51484375 0.04140625 0.06640625
6 0.80078125 0.5265625 0.04140625 0.08671875
6 0.77265625 0.58046875 0.053125 0.11640625
2 0.74453125 0.74453125 0.09453125 0.0484375
10 0.153125 0.553125 0.109375 0.21015625
10 0.24921875 0.559375 0.12734375 0.21796875
10 0.38671875 0.5734375 0.11953125 0.25546875
10 0.45078125 0.53203125 0.06015625 0.15625
10 0.60078125 0.53828125 0.09921875 0.18046875
10 0.68671875 0.55546875 0.08359375 0.1390625
10 0.80859375 0.56953125 0.0734375 0.16484375
10 0.7390625 0.63671875 0.14921875 0.2203125