3 0.15546875 0.65390625 0.0390625 0.078125
0 0.12890625 0.71796875 0.03671875 0.0390625
3 0.22890625 0.63203125 0.04296875 0.078125
8 0.30703125 0.69375 0.04453125 0.08359375
3 0.40703125 0.60625 0.0375 0.08515625
7 0.37421875 0.73046875 0.0703125 0.0515625
6 0.56640625 0.64140625 0.0375 0.07578125
0 0.56640625 0.71171875 0.040625 0.04375
8 0.7671875 0.67109375 0.0625 0.0890625
6 0.84765625 0.67265625 0.0625 0.11953125
3 0.68828125 0.67890625 0.065625 0.12421875
0 0.69296875 0.8296875 0.0640625 0.059375
1 0.1546875 0.68046875 0.09609375 0.11953125
10 0.4078125 0.65703125 0.0953125 0.16796875
10 0.55859375 0.71796875 0.09921875 0.21796875
10 0.6875 0.7390625 0.153125 0.2390625
10 0.85859375 0.73359375 0.1515625 0.240625
1 0.234375 0.66640625 0.1046875 0.13203125
1 0.3125 0.69296875 0.08828125 0.084375
1 0.7625 0.66171875 0.0984375 0.13046875