3 0.15 0.65546875 0.0453125 0.08125
0 0.12734375 0.72421875 0.0546875 0.04453125
8 0.22890625 0.69375 0.05390625 0.08125
8 0.30703125 0.69375 0.04609375 0.07578125
3 0.39765625 0.621875 0.046875 0.09453125
7 0.37265625 0.725 0.07734375 0.05
3 0.56796875 0.65546875 0.0453125 0.0703125
0 0.571875 0.71875 0.0453125 0.04296875
8 0.76953125 0.65546875 0.05234375 0.0890625
8 0.88046875 0.7796875 0.0765625 0.1296875
3 0.68828125 0.690625 0.065625 0.1296875
0 0.69453125 0.83125 0.08359375 0.0703125
1 0.14765625 0.67890625 0.09609375 0.121875
1 0.23359375 0.6828125 0.10390625 0.115625
1 0.31015625 0.69453125 0.08515625 0.0859375
1 0.559375 0.68203125 0.10546875 0.115625
1 0.765625 0.665625 0.09140625 0.146875
1 0.86328125 0.76875 0.15546875 0.19140625
10 0.3953125 0.65546875 0.09609375 0.16328125
10 0.68671875 0.74609375 0.16171875 0.25625