8 0.08828125 0.78515625 0.075 0.10546875
5 0.0484375 0.89453125 0.05390625 0.040625
6 0.2390625 0.70546875 0.06015625 0.11640625
6 0.24140625 0.628125 0.0375 0.06328125
6 0.3515625 0.6296875 0.04609375 0.07421875
2 0.190625 0.884375 0.1109375 0.06484375
5 0.32734375 0.75703125 0.0203125 0.021875
2 0.35703125 0.75703125 0.03515625 0.021875
6 0.49140625 0.61640625 0.040625 0.08125
6 0.59609375 0.609375 0.0453125 0.08515625
5 0.61328125 0.7484375 0.02734375 0.0296875
3 0.52578125 0.7296875 0.065625 0.11875
0 0.5375 0.85 0.05390625 0.06640625
6 0.70078125 0.646875 0.05390625 0.09453125
5 0.6984375 0.86484375 0.03671875 0.03671875
3 0.840625 0.696875 0.0640625 0.11328125
2 0.88828125 0.86171875 0.08515625 0.05703125
1 0.11015625 0.790625 0.14296875 0.203125
10 0.2390625 0.76796875 0.11875 0.2234375
10 0.246875 0.67421875 0.08828125 0.14453125
10 0.3484375 0.675 0.0828125 0.159375
10 0.4828125 0.66484375 0.1015625 0.159375
10 0.5328125 0.77734375 0.13671875 0.20078125
10 0.60078125 0.66015625 0.078125 0.16484375
10 0.709375 0.73359375 0.12265625 0.25390625
10 0.85859375 0.74921875 0.1234375 0.20390625