8 0.0859375 0.76796875 0.07890625 0.11328125
5 0.0484375 0.9046875 0.06171875 0.03125
6 0.2421875 0.6296875 0.04140625 0.07421875
6 0.26015625 0.69375 0.05625 0.10546875
2 0.18828125 0.890625 0.11796875 0.06328125
3 0.34453125 0.640625 0.03671875 0.08515625
3 0.32578125 0.75625 0.02109375 0.03125
2 0.35859375 0.76171875 0.0421875 0.03125
6 0.47890625 0.62421875 0.03671875 0.08125
6 0.59453125 0.61171875 0.03828125 0.08359375
5 0.61484375 0.74609375 0.02421875 0.03671875
6 0.52890625 0.70390625 0.05 0.10390625
0 0.5328125 0.85703125 0.053125 0.059375
6 0.70078125 0.653125 0.05234375 0.10546875
5 0.6984375 0.86328125 0.03125 0.04453125
3 0.84140625 0.7203125 0.05859375 0.1109375
2 0.88828125 0.86640625 0.09296875 0.059375
1 0.1109375 0.7921875 0.15625 0.21171875
10 0.2546875 0.7609375 0.12734375 0.23046875
10 0.23671875 0.67578125 0.0515625 0.1484375
10 0.34765625 0.6796875 0.08828125 0.15390625
10 0.4875 0.6671875 0.07265625 0.1546875
10 0.53125 0.7703125 0.14140625 0.23359375
10 0.6 0.66328125 0.0859375 0.1703125
10 0.7078125 0.73125 0.11953125 0.26015625
10 0.85390625 0.7609375 0.13359375 0.18125