8 0.11484375 0.753125 0.0703125 0.11328125
5 0.0578125 0.83125 0.03359375 0.040625
8 0.24375 0.734375 0.0625 0.11875
0 0.20859375 0.68203125 0.0328125 0.0390625
3 0.23125 0.60390625 0.05 0.08125
3 0.35078125 0.6 0.04765625 0.09453125
0 0.33828125 0.68515625 0.03984375 0.05546875
3 0.521875 0.62421875 0.0390625 0.08125
5 0.52890625 0.70546875 0.040625 0.028125
3 0.625 0.61875 0.0453125 0.08125
7 0.61953125 0.70078125 0.05390625 0.05
6 0.753125 0.603125 0.05625 0.10546875
5 0.7515625 0.82109375 0.0375 0.04375
6 0.87734375 0.61953125 0.0609375 0.109375
2 0.93984375 0.84375 0.1203125 0.0703125
10 0.23515625 0.63125 0.11171875 0.140625
10 0.3546875 0.634375 0.09453125 0.16640625
10 0.515625 0.640625 0.0953125 0.13671875
10 0.62109375 0.64375 0.0984375 0.11875
10 0.73046875 0.684375 0.1671875 0.26953125
10 0.878125 0.703125 0.11953125 0.25546875
1 0.1046875 0.73203125 0.15234375 0.17578125
1 0.2578125 0.746875 0.14453125 0.19921875