8 0.08828125 0.7375 0.075 0.09375
5 0.04453125 0.8453125 0.05 0.03671875
6 0.2421875 0.65859375 0.06328125 0.1109375
6 0.23515625 0.5796875 0.04765625 0.059375
2 0.18828125 0.840625 0.1125 0.059375
6 0.34609375 0.578125 0.0421875 0.06640625
5 0.32578125 0.71484375 0.02109375 0.0296875
2 0.35703125 0.71171875 0.0375 0.04375
6 0.4875 0.56875 0.0390625 0.071875
6 0.59765625 0.58203125 0.0453125 0.09140625
6 0.70078125 0.60625 0.05390625 0.09609375
3 0.52578125 0.69140625 0.05625 0.1203125
0 0.53828125 0.80625 0.059375 0.06328125
0 0.6984375 0.821875 0.0296875 0.03828125
3 0.8390625 0.68203125 0.05625 0.1046875
2 0.8890625 0.825 0.0921875 0.059375
5 0.6109375 0.7046875 0.02109375 0.028125
1 0.10703125 0.7359375 0.1375 0.20390625
10 0.2375 0.72109375 0.1234375 0.21953125
10 0.24453125 0.62578125 0.08203125 0.14375
10 0.34765625 0.6296875 0.07890625 0.15703125
10 0.4859375 0.62109375 0.09609375 0.16484375
10 0.53125 0.73125 0.1375 0.20078125
10 0.59921875 0.621875 0.0796875 0.15625
10 0.70703125 0.6921875 0.12109375 0.24921875
10 0.85546875 0.72421875 0.1234375 0.18515625