10 0.0640625 0.24609375 0.08046875 0.11796875
10 0.059375 0.1953125 0.07265625 0.0890625
10 0.109375 0.16640625 0.0546875 0.09453125
10 0.14609375 0.14375 0.04921875 0.08359375
10 0.3421875 0.13515625 0.03203125 0.08125
10 0.37890625 0.1375 0.04296875 0.06953125
10 0.41875 0.15859375 0.0546875 0.08125
1 0.396875 0.22109375 0.06640625 0.090625
10 0.46640625 0.209375 0.075 0.13515625
10 0.51796875 0.1859375 0.04609375 0.09921875
10 0.34296875 0.25234375 0.05390625 0.13828125
1 0.56484375 0.21171875 0.04921875 0.06953125
10 0.625 0.22890625 0.07265625 0.10546875
1 0.59765625 0.28828125 0.06796875 0.09375
10 0.6390625 0.371875 0.13359375 0.16328125
10 0.53359375 0.34921875 0.0921875 0.19453125
10 0.446875 0.353125 0.0890625 0.18828125
10 0.25078125 0.24609375 0.06953125 0.11328125
1 0.20703125 0.31953125 0.07265625 0.11484375
10 0.2765625 0.35625 0.115625 0.15625
10 0.321875 0.29140625 0.09609375 0.178125
10 0.15703125 0.3375 0.10390625 0.175
2 0.259375 0.42734375 0.0703125 0.03828125
1 0.44921875 0.28125 0.07265625 0.10625
2 0.51640625 0.44296875 0.0375 0.03203125
10 0.70234375 0.17734375 0.0421875 0.09921875
1 0.73203125 0.19140625 0.05625 0.08359375
10 0.76796875 0.21953125 0.0578125 0.090625
10 0.81640625 0.21796875 0.05 0.0953125
10 0.8859375 0.1984375 0.04921875 0.07421875
10 0.840625 0.29609375 0.06796875 0.11796875
10 0.896875 0.34375 0.08359375 0.1515625
10 0.9671875 0.37890625 0.06484375 0.18359375
3 0.0671875 0.22734375 0.03359375 0.0734375
3 0.05 0.1828125 0.0328125 0.05859375
3 0.09765625 0.15234375 0.02734375 0.05859375
3 0.140625 0.13125 0.02421875 0.0546875
3 0.0734375 0.13671875 0.02421875 0.046875
6 0.15 0.29609375 0.04453125 0.0890625
3 0.2671875 0.32421875 0.04453125 0.08984375
3 0.30078125 0.246875 0.03984375 0.08671875
3 0.26328125 0.2328125 0.03359375 0.08046875
6 0.28046875 0.1828125 0.025 0.05625
6 0.33203125 0.2171875 0.02890625 0.06171875
6 0.3046875 0.16171875 0.02421875 0.05625
3 0.321875 0.14375 0.02265625 0.05546875
3 0.3359375 0.1203125 0.02109375 0.05
3 0.371875 0.12890625 0.01953125 0.04921875
3 0.40078125 0.21328125 0.02890625 0.06640625
6 0.45234375 0.30390625 0.03671875 0.08359375
6 0.46171875 0.17109375 0.028125 0.0546875
3 0.42421875 0.1484375 0.02109375 0.05546875
6 0.53125 0.29765625 0.03828125 0.08984375
6 0.5109375 0.165625 0.025 0.05390625
3 0.56796875 0.2046875 0.02265625 0.0515625
10 0.5671875 0.178125 0.06015625 0.0765625
6 0.578125 0.1609375 0.0265625 0.04453125
6 0.615625 0.20625 0.0265625 0.06328125
3 0.615625 0.28203125 0.03203125 0.0765625
3 0.646875 0.3421875 0.0484375 0.10078125
0 0.64375 0.43359375 0.05078125 0.03828125
3 0.7125 0.14921875 0.0171875 0.04375
3 0.74609375 0.17734375 0.0234375 0.053125
3 0.77890625 0.19921875 0.02578125 0.046875
3 0.8015625 0.175 0.02578125 0.05546875
3 0.81328125 0.1953125 0.02421875 0.05390625
3 0.896875 0.1890625 0.02578125 0.05
3 0.85859375 0.27421875 0.0296875 0.0703125
3 0.91015625 0.30703125 0.03671875 0.08125
6 0.98203125 0.3359375 0.034375 0.10078125