6 0.13359375 0.47421875 0.05859375 0.10390625
2 0.0890625 0.6484375 0.1125 0.05546875
6 0.2546875 0.50546875 0.05703125 0.10546875
0 0.2046875 0.64921875 0.04375 0.06875
6 0.38515625 0.49140625 0.053125 0.10546875
5 0.31953125 0.6796875 0.03359375 0.040625
6 0.43828125 0.49375 0.03359375 0.078125
8 0.6046875 0.565625 0.04921875 0.09453125
8 0.71328125 0.56171875 0.05546875 0.08359375
8 0.81171875 0.59921875 0.05078125 0.090625
8 0.7515625 0.671875 0.071875 0.14453125
1 0.60078125 0.57578125 0.10703125 0.12890625
1 0.703125 0.58125 0.10078125 0.11796875
1 0.81640625 0.609375 0.10546875 0.11171875
1 0.74296875 0.665625 0.165625 0.18515625
10 0.13671875 0.54375 0.14296875 0.22890625
10 0.2515625 0.5578125 0.128125 0.21953125
10 0.38671875 0.56875 0.11796875 0.2546875
10 0.45 0.5359375 0.06484375 0.15078125