8 0.11328125 0.75546875 0.06796875 0.12421875
5 0.05703125 0.83046875 0.03828125 0.03515625
3 0.23125 0.6046875 0.0421875 0.0796875
0 0.209375 0.68046875 0.0328125 0.03671875
8 0.24375 0.74375 0.0703125 0.12421875
3 0.3453125 0.60390625 0.04140625 0.0890625
0 0.33828125 0.68671875 0.0375 0.05625
3 0.52578125 0.61875 0.04140625 0.0703125
5 0.52890625 0.69765625 0.03828125 0.03046875
3 0.6265625 0.61875 0.046875 0.0796875
7 0.61953125 0.69765625 0.05390625 0.05625
6 0.7515625 0.6046875 0.059375 0.109375
5 0.75390625 0.81953125 0.03515625 0.04375
6 0.87265625 0.61953125 0.05625 0.1
2 0.9390625 0.84375 0.1125 0.0703125
1 0.10703125 0.73203125 0.16171875 0.20078125
1 0.25390625 0.74140625 0.14453125 0.20703125
10 0.23203125 0.63359375 0.096875 0.14453125
10 0.353125 0.6328125 0.09765625 0.15859375
10 0.51875 0.6421875 0.109375 0.134375
10 0.628125 0.64375 0.09921875 0.15
10 0.734375 0.678125 0.18359375 0.28046875
10 0.87421875 0.69453125 0.1265625 0.2515625