6 0.090625 0.553125 0.0390625 0.07578125
6 0.0546875 0.59921875 0.05703125 0.10546875
6 0.18046875 0.56640625 0.0578125 0.1109375
7 0.15 0.75859375 0.0921875 0.071875
6 0.29765625 0.53984375 0.04375 0.0796875
7 0.28203125 0.64296875 0.06328125 0.06328125
6 0.390625 0.58125 0.0609375 0.12578125
0 0.37578125 0.728125 0.05078125 0.04453125
2 0.36640625 0.7703125 0.06640625 0.0296875
6 0.47890625 0.5140625 0.034375 0.08125
0 0.47890625 0.61640625 0.03359375 0.040625
6 0.65703125 0.503125 0.05390625 0.11328125
6 0.73203125 0.44375 0.04453125 0.0796875
3 0.8390625 0.45546875 0.04375 0.0890625
0 0.86171875 0.56875 0.0359375 0.04453125
6 0.9609375 0.48046875 0.06953125 0.13359375
6 0.79140625 0.48046875 0.06328125 0.1203125
2 0.82734375 0.72578125 0.06640625 0.05546875
10 0.08359375 0.64921875 0.1140625 0.21640625
10 0.10546875 0.58125 0.08515625 0.128125
10 0.19140625 0.64296875 0.14140625 0.25859375
10 0.303125 0.57890625 0.09765625 0.15625
10 0.39375 0.63359375 0.1546875 0.23984375
10 0.4875 0.5578125 0.096875 0.16171875
10 0.66875 0.5921875 0.13203125 0.28828125
10 0.734375 0.50625 0.08125 0.1953125
10 0.79609375 0.56875 0.14375 0.28515625
10 0.85390625 0.50546875 0.07890625 0.18515625
10 0.93671875 0.5609375 0.12578125 0.29296875