6 0.1953125 0.603125 0.06328125 0.10703125
5 0.140625 0.76875 0.0390625 0.0296875
3 0.2828125 0.5765625 0.0375 0.08046875
0 0.28828125 0.64140625 0.034375 0.03515625
6 0.33828125 0.56875 0.05078125 0.10703125
3 0.3953125 0.553125 0.05 0.08359375
3 0.5734375 0.55703125 0.0375 0.05390625
3 0.6 0.61875 0.05546875 0.11484375
3 0.73515625 0.5890625 0.05703125 0.12578125
0 0.74765625 0.7359375 0.0625 0.05625
9 0.85625 0.6296875 0.0703125 0.13359375
2 0.90703125 0.80390625 0.14609375 0.06640625
0 0.5921875 0.77890625 0.06640625 0.0609375
10 0.18828125 0.6515625 0.12890625 0.21875
10 0.34140625 0.64375 0.12734375 0.25546875
10 0.59296875 0.67890625 0.14296875 0.2359375
10 0.7328125 0.65625 0.13203125 0.25859375
10 0.85625 0.67890625 0.12734375 0.225
10 0.28828125 0.603125 0.06640625 0.121875
10 0.41015625 0.709375 0.078125 0.39375
10 0.5625 0.59921875 0.06484375 0.13046875