6 0.134375 0.4734375 0.0609375 0.10546875
2 0.0890625 0.64609375 0.11484375 0.0515625
6 0.25546875 0.50546875 0.0515625 0.1109375
0 0.20390625 0.65546875 0.04140625 0.06640625
6 0.38515625 0.484375 0.053125 0.1015625
5 0.31953125 0.6734375 0.03515625 0.04453125
6 0.440625 0.4859375 0.0359375 0.0796875
8 0.603125 0.56171875 0.053125 0.090625
8 0.71015625 0.56875 0.05078125 0.09296875
8 0.81015625 0.59921875 0.05390625 0.090625
8 0.75546875 0.68046875 0.0640625 0.12578125
10 0.1359375 0.54140625 0.13828125 0.2265625
10 0.24921875 0.56640625 0.12734375 0.22421875
10 0.38828125 0.56953125 0.11875 0.2546875
10 0.45078125 0.5328125 0.0609375 0.14921875
1 0.60078125 0.57421875 0.103125 0.13125
1 0.70078125 0.58046875 0.09453125 0.12578125
1 0.74375 0.66796875 0.16328125 0.18046875
1 0.815625 0.61171875 0.10625 0.109375