3 0.15078125 0.65546875 0.04609375 0.08125
0 0.12421875 0.71875 0.0515625 0.040625
8 0.22890625 0.6984375 0.05625 0.09375
8 0.30703125 0.6859375 0.05390625 0.09375
3 0.39453125 0.61875 0.04609375 0.08125
7 0.37578125 0.71953125 0.07421875 0.06640625
3 0.56953125 0.65625 0.04296875 0.07421875
0 0.5640625 0.71875 0.03515625 0.04296875
3 0.75703125 0.61875 0.04453125 0.08125
0 0.76328125 0.6953125 0.05078125 0.0484375
3 0.6890625 0.690625 0.0625 0.13671875
0 0.69453125 0.8359375 0.07890625 0.06953125
8 0.8765625 0.77109375 0.08515625 0.12578125
1 0.1484375 0.68125 0.096875 0.1359375
10 0.4 0.65625 0.08671875 0.1609375
10 0.6875 0.74375 0.16328125 0.25
10 0.75703125 0.65390625 0.08984375 0.15859375
1 0.2328125 0.68046875 0.1 0.109375
1 0.3125 0.69140625 0.08828125 0.0953125
1 0.5578125 0.68046875 0.10390625 0.1203125
1 0.86171875 0.7703125 0.1515625 0.19609375