6 0.19765625 0.58828125 0.06484375 0.09453125
5 0.140625 0.7609375 0.0359375 0.040625
3 0.29140625 0.57421875 0.03984375 0.08125
0 0.2875 0.63515625 0.02578125 0.03671875
6 0.33984375 0.56875 0.0546875 0.1109375
6 0.40234375 0.53046875 0.0421875 0.08359375
0 0.3921875 0.63671875 0.03125 0.04453125
3 0.56640625 0.5765625 0.03203125 0.06484375
3 0.60078125 0.61875 0.05234375 0.1296875
0 0.59296875 0.76875 0.0640625 0.07421875
6 0.7515625 0.56875 0.05625 0.10390625
3 0.971875 0.64140625 0.0546875 0.128125
10 0.18984375 0.65078125 0.13671875 0.2265625
10 0.3421875 0.64296875 0.12734375 0.25
10 0.40859375 0.58828125 0.08515625 0.18125
10 0.59296875 0.67109375 0.14375 0.2390625
10 0.7359375 0.653125 0.13359375 0.27109375
10 0.94609375 0.68828125 0.1078125 0.2203125
10 0.29140625 0.59765625 0.06015625 0.1234375
1 0.55703125 0.61171875 0.07578125 0.13125