8 0.1171875 0.759375 0.07109375 0.11953125
5 0.06015625 0.83203125 0.03515625 0.040625
3 0.2328125 0.6046875 0.04375 0.08359375
0 0.2109375 0.68203125 0.0375 0.03671875
8 0.2421875 0.74296875 0.06328125 0.121875
3 0.35 0.59921875 0.0484375 0.09375
0 0.33828125 0.6859375 0.03359375 0.0546875
3 0.525 0.62265625 0.0421875 0.08046875
5 0.52890625 0.69921875 0.03671875 0.03046875
3 0.628125 0.61875 0.0390625 0.08359375
7 0.625 0.69375 0.0609375 0.05
6 0.75390625 0.59609375 0.065625 0.11328125
5 0.75625 0.8296875 0.0421875 0.04453125
6 0.87578125 0.61875 0.0625 0.1015625
2 0.9390625 0.84375 0.1125 0.059375
5 0.22578125 0.84375 0.03125 0.0296875
1 0.10703125 0.725 0.16484375 0.18125
1 0.25625 0.74921875 0.1421875 0.19609375
10 0.2359375 0.63046875 0.11171875 0.14296875
10 0.3515625 0.634375 0.0953125 0.16171875
10 0.51875 0.64765625 0.1078125 0.1140625
10 0.628125 0.64375 0.10234375 0.13125
10 0.73359375 0.6828125 0.1734375 0.2734375
10 0.878125 0.68984375 0.1140625 0.278125