8 0.11328125 0.7546875 0.0625 0.109375
5 0.06015625 0.83515625 0.02890625 0.04453125
3 0.23515625 0.60546875 0.04375 0.08125
0 0.2109375 0.68046875 0.04375 0.04609375
3 0.35078125 0.59609375 0.04140625 0.09375
0 0.340625 0.68671875 0.0359375 0.05546875
8 0.24375 0.74375 0.0671875 0.11875
3 0.5234375 0.628125 0.04140625 0.08515625
5 0.5265625 0.7015625 0.03515625 0.02578125
3 0.6375 0.60703125 0.0453125 0.0890625
7 0.63125 0.69375 0.0703125 0.05390625
6 0.75546875 0.6046875 0.0578125 0.109375
5 0.75390625 0.82109375 0.03359375 0.04375
6 0.875 0.61953125 0.0609375 0.0984375
2 0.93828125 0.84375 0.115625 0.0609375
1 0.109375 0.7328125 0.1703125 0.18984375
1 0.25625 0.74453125 0.14609375 0.2015625
10 0.228125 0.6265625 0.08671875 0.12421875
10 0.3546875 0.6234375 0.0875 0.17890625
10 0.51953125 0.63984375 0.11015625 0.14609375
10 0.625 0.634375 0.1015625 0.13125
10 0.73671875 0.6875 0.1703125 0.275
10 0.87578125 0.69453125 0.12890625 0.24375