10 0.06875 0.23984375 0.08203125 0.1296875
10 0.09453125 0.16640625 0.05078125 0.11484375
10 0.13515625 0.14375 0.05546875 0.0796875
10 0.38125 0.14140625 0.04296875 0.06484375
10 0.30625 0.16953125 0.03984375 0.090625
10 0.340625 0.2515625 0.05 0.13671875
10 0.2828125 0.34375 0.10546875 0.1796875
10 0.165625 0.33125 0.1015625 0.18515625
10 0.4203125 0.15546875 0.05390625 0.08359375
1 0.3953125 0.23046875 0.06015625 0.08125
10 0.45234375 0.265625 0.0703125 0.125
10 0.4421875 0.34453125 0.09765625 0.18671875
2 0.51484375 0.44296875 0.03984375 0.03828125
10 0.56875 0.20390625 0.04453125 0.0765625
10 0.5234375 0.26640625 0.07109375 0.12578125
10 0.53828125 0.35078125 0.09453125 0.1984375
10 0.63125 0.22890625 0.0578125 0.109375
10 0.634375 0.36875 0.10078125 0.1609375
1 0.7109375 0.178125 0.0375 0.05390625
1 0.7296875 0.19375 0.05703125 0.07421875
1 0.79375 0.1875 0.0390625 0.06953125
10 0.76328125 0.21484375 0.04921875 0.09609375
10 0.81640625 0.21875 0.05546875 0.09296875
10 0.88515625 0.18984375 0.04375 0.0890625
10 0.8390625 0.29375 0.06953125 0.121875
10 0.90390625 0.3390625 0.08359375 0.16328125
10 0.959375 0.36953125 0.08125 0.2140625
10 0.55078125 0.1609375 0.03984375 0.09453125
10 0.034375 0.15546875 0.0421875 0.09453125
10 0.3296875 0.14296875 0.04296875 0.0859375
10 0.47578125 0.22109375 0.04921875 0.11953125
1 0.2125 0.31796875 0.06953125 0.11796875
10 0.521875 0.18125 0.0515625 0.1046875
10 0.32265625 0.28984375 0.084375 0.17421875
6 0.0578125 0.20546875 0.03046875 0.06484375
9 0.040625 0.14375 0.0265625 0.059375
9 0.084375 0.13671875 0.02734375 0.06953125
3 0.128125 0.13203125 0.0234375 0.05546875
6 0.33203125 0.13046875 0.02109375 0.05546875
6 0.3 0.15625 0.0265625 0.0546875
6 0.334375 0.21171875 0.0296875 0.05546875
6 0.15390625 0.29140625 0.04453125 0.09375
3 0.19765625 0.30546875 0.0375 0.08515625
3 0.2984375 0.24296875 0.03515625 0.084375
3 0.37890625 0.13046875 0.02109375 0.05
3 0.38515625 0.22265625 0.02890625 0.06953125
9 0.2875 0.30625 0.04765625 0.0953125
3 0.42265625 0.14296875 0.02265625 0.05625
6 0.45859375 0.11796875 0.0203125 0.04921875
6 0.48828125 0.14296875 0.02421875 0.04921875
10 0.48984375 0.16484375 0.03359375 0.090625
6 0.44375 0.24296875 0.03515625 0.0765625
3 0.46640625 0.19375 0.028125 0.06640625
6 0.51953125 0.15859375 0.02421875 0.05546875
3 0.5484375 0.14375 0.02109375 0.0515625
6 0.56953125 0.18671875 0.021875 0.04375
3 0.52265625 0.24296875 0.02890625 0.07890625
9 0.42890625 0.30234375 0.04296875 0.084375
6 0.54140625 0.29453125 0.04296875 0.08828125
6 0.63203125 0.20625 0.028125 0.0640625
3 0.61328125 0.3046875 0.03203125 0.07578125
1 0.60234375 0.33125 0.05859375 0.134375
3 0.63671875 0.34140625 0.04765625 0.09921875
3 0.71640625 0.17265625 0.01796875 0.04375
3 0.74453125 0.18671875 0.02421875 0.05625
3 0.796875 0.18125 0.02578125 0.0546875
3 0.7671875 0.19375 0.02265625 0.05390625
3 0.8921875 0.16875 0.02578125 0.053125
6 0.85078125 0.2671875 0.02890625 0.0640625
6 0.903125 0.27421875 0.0296875 0.06953125
10 0.8953125 0.29296875 0.04453125 0.10625
6 0.91953125 0.29609375 0.03828125 0.075
3 0.9828125 0.31953125 0.03359375 0.10859375
6 0.82421875 0.2 0.025 0.05546875