6 0.18046875 0.59375 0.0640625 0.121875
5 0.1390625 0.76171875 0.0375 0.04453125
3 0.27578125 0.575 0.040625 0.09453125
0 0.27265625 0.64140625 0.03125 0.03515625
6 0.31875 0.58359375 0.0625 0.11953125
0 0.29140625 0.75625 0.05625 0.071875
3 0.40078125 0.553125 0.04921875 0.09453125
0 0.3921875 0.653125 0.03984375 0.05703125
3 0.575 0.56875 0.0390625 0.08125
3 0.59765625 0.59921875 0.05390625 0.1203125
0 0.60078125 0.76875 0.06640625 0.05546875
6 0.7546875 0.55546875 0.065625 0.11875
5 0.74765625 0.78984375 0.04609375 0.0390625
6 0.87265625 0.615625 0.0625 0.1203125
2 0.91953125 0.80546875 0.13828125 0.05546875
1 0.27265625 0.59765625 0.06640625 0.13046875
1 0.5578125 0.60546875 0.07578125 0.13671875
1 0.40703125 0.5953125 0.08671875 0.16875
10 0.1765625 0.6484375 0.13359375 0.234375
10 0.31875 0.65859375 0.13515625 0.26171875
10 0.59375 0.66875 0.140625 0.2515625
10 0.7484375 0.64609375 0.13046875 0.2953125
10 0.8703125 0.67421875 0.13125 0.240625