8 0.1125 0.75546875 0.06875 0.1109375
5 0.0578125 0.83046875 0.03828125 0.04453125
3 0.22890625 0.60390625 0.03984375 0.08125
0 0.21328125 0.68203125 0.03359375 0.0390625
8 0.24609375 0.740625 0.0671875 0.11875
3 0.34765625 0.60390625 0.04375 0.09609375
0 0.340625 0.68203125 0.0359375 0.05546875
3 0.5234375 0.61875 0.04375 0.08046875
5 0.53203125 0.70078125 0.03515625 0.02421875
3 0.62890625 0.61875 0.040625 0.0796875
7 0.62265625 0.6984375 0.06015625 0.05546875
6 0.75390625 0.6015625 0.05625 0.11484375
5 0.75390625 0.82421875 0.03359375 0.04453125
6 0.8765625 0.61875 0.05625 0.0984375
2 0.93828125 0.84375 0.115625 0.06640625
5 0.22890625 0.84375 0.03359375 0.0296875
10 0.24140625 0.61875 0.11015625 0.11875
10 0.35390625 0.6359375 0.09453125 0.15703125
10 0.51640625 0.64296875 0.10234375 0.13046875
10 0.63203125 0.65546875 0.1125 0.159375
10 0.73515625 0.690625 0.17109375 0.27109375
10 0.87578125 0.6984375 0.11015625 0.25703125
1 0.10390625 0.728125 0.15078125 0.190625
1 0.25625 0.74609375 0.14453125 0.2015625