6 0.18515625 0.59296875 0.06484375 0.11875
5 0.1390625 0.76484375 0.0375 0.040625
3 0.2859375 0.575 0.04375 0.08125
0 0.278125 0.63359375 0.0390625 0.040625
3 0.33203125 0.56875 0.05390625 0.11875
5 0.29140625 0.75859375 0.04140625 0.03515625
3 0.40078125 0.5640625 0.05 0.1015625
0 0.3921875 0.64609375 0.03359375 0.0515625
6 0.57109375 0.55546875 0.0328125 0.08515625
3 0.6 0.61796875 0.0609375 0.1203125
0 0.5953125 0.76875 0.075 0.078125
3 0.72578125 0.58046875 0.05859375 0.12578125
0 0.73515625 0.678125 0.05546875 0.06328125
3 0.75703125 0.56015625 0.03515625 0.0796875
9 0.83203125 0.63046875 0.07109375 0.121875
2 0.91328125 0.80546875 0.14140625 0.06328125
10 0.1859375 0.6515625 0.13828125 0.2265625
10 0.33515625 0.6421875 0.115625 0.25078125
10 0.59296875 0.6765625 0.13828125 0.2390625
10 0.72578125 0.65546875 0.12890625 0.2703125
10 0.85625 0.684375 0.13984375 0.2140625
10 0.76953125 0.60546875 0.05859375 0.1515625
1 0.2828125 0.60078125 0.06953125 0.12578125
1 0.41015625 0.5984375 0.0859375 0.16171875
10 0.5609375 0.59453125 0.07734375 0.14921875