3 0.06015625 0.60546875 0.0625 0.10703125
5 0.01328125 0.6640625 0.02578125 0.0390625
3 0.17265625 0.59375 0.06015625 0.12421875
7 0.140625 0.76015625 0.0796875 0.06875
3 0.29453125 0.5546875 0.04375 0.0796875
7 0.27890625 0.64375 0.06484375 0.05546875
3 0.37578125 0.59375 0.05859375 0.1296875
5 0.3171875 0.75546875 0.03359375 0.0484375
7 0.37578125 0.74453125 0.0875 0.0890625
3 0.471875 0.521875 0.0359375 0.08125
0 0.4734375 0.61796875 0.0375 0.04296875
3 0.6671875 0.528125 0.065625 0.13671875
3 0.7375 0.48046875 0.04375 0.09609375
3 0.83203125 0.45546875 0.04609375 0.09609375
3 0.80078125 0.53046875 0.07109375 0.14453125
7 0.83203125 0.690625 0.08046875 0.1296875
2 0.96875 0.50546875 0.05625 0.14296875
10 0.078125 0.65625 0.1046875 0.203125
10 0.1734375 0.66015625 0.14296875 0.2484375
10 0.29609375 0.58046875 0.0953125 0.13125
10 0.39921875 0.65390625 0.15390625 0.23515625
10 0.48203125 0.55859375 0.09921875 0.16015625
10 0.6671875 0.6 0.13046875 0.28125
10 0.7421875 0.52578125 0.05703125 0.15625
10 0.81484375 0.596875 0.16328125 0.271875
10 0.83984375 0.48671875 0.08984375 0.165625
10 0.94609375 0.57734375 0.1078125 0.2453125