10 0.071875 0.253125 0.0890625 0.128125
10 0.06015625 0.16875 0.075 0.12421875
10 0.14140625 0.14375 0.04921875 0.07578125
10 0.32578125 0.14375 0.0375 0.0890625
10 0.30625 0.1734375 0.04140625 0.09375
10 0.378125 0.14296875 0.04453125 0.065625
10 0.41953125 0.15625 0.05390625 0.08203125
10 0.478125 0.16171875 0.0375 0.10546875
10 0.47578125 0.21953125 0.05546875 0.12578125
10 0.5234375 0.19296875 0.04921875 0.103125
10 0.55078125 0.14296875 0.03515625 0.07890625
10 0.57109375 0.20625 0.0484375 0.07109375
10 0.63203125 0.2296875 0.05546875 0.10546875
10 0.64453125 0.36875 0.13515625 0.1796875
10 0.603125 0.33203125 0.06484375 0.13125
1 0.59765625 0.28984375 0.06796875 0.1
10 0.53828125 0.35546875 0.09453125 0.17578125
10 0.44453125 0.35078125 0.10078125 0.18671875
10 0.44765625 0.26796875 0.075 0.13046875
1 0.3953125 0.22421875 0.06640625 0.09375
10 0.328125 0.30546875 0.0734375 0.15390625
10 0.34140625 0.246875 0.04375 0.13046875
10 0.26875 0.24375 0.07109375 0.128125
10 0.275 0.34375 0.11328125 0.1796875
10 0.21328125 0.30390625 0.08203125 0.1453125
10 0.1625 0.33671875 0.0984375 0.18125
1 0.71015625 0.1796875 0.0375 0.05703125
1 0.73359375 0.19296875 0.05703125 0.0734375
10 0.76484375 0.21875 0.0484375 0.09609375
10 0.815625 0.21796875 0.0546875 0.08828125
10 0.8859375 0.19296875 0.04921875 0.08984375
10 0.83984375 0.303125 0.07578125 0.11796875
10 0.90390625 0.34296875 0.08046875 0.15078125
10 0.95859375 0.36796875 0.0828125 0.20625
3 0.06328125 0.225 0.03203125 0.06875
6 0.06328125 0.13671875 0.03125 0.05625
3 0.040625 0.1484375 0.0265625 0.05546875
3 0.1375 0.13515625 0.025 0.05546875
6 0.3296875 0.12890625 0.02109375 0.0515625
3 0.37578125 0.1359375 0.01953125 0.05390625
3 0.42421875 0.14375 0.0234375 0.05546875
3 0.30078125 0.1609375 0.02578125 0.05703125
3 0.38984375 0.215625 0.02890625 0.06796875
3 0.46328125 0.19453125 0.028125 0.065625
3 0.3234375 0.28125 0.04140625 0.08984375
3 0.5234375 0.1703125 0.025 0.059375
3 0.5796875 0.15859375 0.025 0.05078125
3 0.5734375 0.2015625 0.02421875 0.05390625
3 0.44375 0.24375 0.0328125 0.07578125
3 0.6125 0.28125 0.03359375 0.07109375
3 0.61953125 0.3109375 0.03203125 0.08125
3 0.65078125 0.334375 0.04921875 0.10625
6 0.2875 0.21796875 0.0328125 0.06953125
6 0.3359375 0.21640625 0.03046875 0.0640625
3 0.1953125 0.28046875 0.04140625 0.09296875
6 0.2734375 0.30078125 0.04140625 0.0890625
6 0.14921875 0.29453125 0.0453125 0.09609375
6 0.44453125 0.115625 0.01953125 0.0515625
10 0.44609375 0.13046875 0.0296875 0.08203125
6 0.45390625 0.296875 0.03828125 0.08046875
6 0.5421875 0.31484375 0.040625 0.0890625
3 0.528125 0.265625 0.03046875 0.08203125
6 0.62734375 0.20546875 0.0265625 0.0609375
0 0.65390625 0.428125 0.053125 0.04609375
2 0.515625 0.44375 0.03671875 0.03515625
2 0.25703125 0.41953125 0.07421875 0.0296875
3 0.71640625 0.17421875 0.01953125 0.04453125
3 0.74765625 0.1859375 0.02421875 0.05546875
3 0.796875 0.19296875 0.0234375 0.05390625
9 0.77578125 0.19375 0.02421875 0.05078125
9 0.815625 0.2015625 0.02421875 0.05
3 0.896875 0.17734375 0.02421875 0.053125
3 0.86015625 0.28125 0.02890625 0.06953125
9 0.9234375 0.31171875 0.03828125 0.08046875
7 0.84765625 0.34140625 0.040625 0.028125
6 0.98046875 0.3125 0.0390625 0.0875
2 0.8953125 0.41640625 0.03359375 0.02578125
2 0.978125 0.46875 0.03828125 0.03125