10 0.065625 0.24296875 0.08046875 0.1234375
10 0.0578125 0.19375 0.07421875 0.09453125
10 0.1078125 0.16796875 0.05546875 0.0890625
10 0.140625 0.14296875 0.05078125 0.07890625
10 0.3421875 0.1359375 0.03046875 0.07890625
6 0.3046875 0.16015625 0.02421875 0.05546875
1 0.38203125 0.14375 0.04453125 0.05703125
10 0.4171875 0.1609375 0.05390625 0.0796875
1 0.396875 0.221875 0.0671875 0.09453125
10 0.4671875 0.22109375 0.06328125 0.125
10 0.51796875 0.18828125 0.046875 0.1
10 0.3421875 0.25078125 0.05078125 0.13125
10 0.56328125 0.20625 0.04921875 0.0765625
10 0.625 0.2296875 0.07421875 0.10390625
1 0.5984375 0.28828125 0.06796875 0.09375
10 0.63828125 0.371875 0.13359375 0.16328125
10 0.534375 0.34609375 0.0921875 0.1953125
10 0.446875 0.3484375 0.0890625 0.18828125
1 0.253125 0.25546875 0.07109375 0.103125
1 0.2078125 0.31875 0.06953125 0.1109375
10 0.27578125 0.35390625 0.11640625 0.15625
10 0.32890625 0.2890625 0.10625 0.18046875
10 0.15703125 0.33515625 0.10234375 0.17421875
2 0.259375 0.42734375 0.0703125 0.03828125
1 0.44765625 0.28046875 0.071875 0.1
2 0.51640625 0.44296875 0.0375 0.03203125
10 0.70234375 0.1765625 0.0421875 0.09921875
10 0.734375 0.18671875 0.0578125 0.0890625
10 0.76796875 0.21875 0.0546875 0.08515625
10 0.815625 0.215625 0.05 0.0953125
10 0.884375 0.19609375 0.04765625 0.07421875
10 0.8390625 0.2921875 0.06484375 0.1234375
10 0.89765625 0.34140625 0.08359375 0.153125
3 0.9796875 0.2890625 0.03203125 0.0640625
1 0.96328125 0.39453125 0.07265625 0.15390625
2 0.97890625 0.46796875 0.04140625 0.03203125
3 0.0640625 0.21875 0.03359375 0.071875
3 0.053125 0.1765625 0.03203125 0.0609375
3 0.040625 0.14453125 0.02734375 0.05546875
3 0.0671875 0.11875 0.02578125 0.05
10 0.075 0.13203125 0.04140625 0.08046875
3 0.09765625 0.15390625 0.02578125 0.05546875
3 0.13359375 0.13203125 0.02421875 0.0546875
6 0.15078125 0.29921875 0.04296875 0.09453125
3 0.2671875 0.32421875 0.04375 0.08984375
3 0.265625 0.240625 0.0328125 0.07421875
6 0.30703125 0.240625 0.03828125 0.08125
6 0.28046875 0.184375 0.0234375 0.05625
3 0.321875 0.14375 0.02109375 0.05390625
3 0.33671875 0.1234375 0.01875 0.04609375
6 0.3328125 0.21640625 0.02890625 0.06328125
3 0.38046875 0.140625 0.01953125 0.0453125
3 0.434375 0.12578125 0.02265625 0.0515625
3 0.42109375 0.153125 0.0234375 0.05546875
3 0.40078125 0.21328125 0.02890625 0.06875
3 0.46953125 0.19375 0.02734375 0.06484375
6 0.51171875 0.165625 0.0234375 0.05390625
6 0.4515625 0.29609375 0.03671875 0.08359375
6 0.53125 0.29609375 0.0390625 0.08984375
3 0.5671875 0.19609375 0.021875 0.05078125
10 0.56640625 0.17421875 0.05859375 0.0765625
3 0.578125 0.159375 0.0234375 0.04375
6 0.615625 0.2078125 0.02578125 0.06171875
3 0.61640625 0.28046875 0.03359375 0.07421875
3 0.646875 0.34296875 0.04609375 0.09921875
0 0.64375 0.43203125 0.05234375 0.0390625
3 0.7125 0.14921875 0.0171875 0.04296875
3 0.746875 0.17109375 0.02265625 0.0546875
6 0.790625 0.15859375 0.0234375 0.03984375
10 0.79375 0.1796875 0.0296875 0.08125
10 0.77734375 0.2015625 0.0234375 0.05
3 0.81875 0.19609375 0.0234375 0.05390625
3 0.8953125 0.1890625 0.02421875 0.0515625
3 0.85390625 0.26640625 0.02890625 0.0703125
6 0.9125 0.30234375 0.0359375 0.0765625