6 0.09453125 0.6359375 0.07109375 0.13125
5 0.04609375 0.85078125 0.0546875 0.03125
3 0.25078125 0.584375 0.05 0.09453125
8 0.19375 0.7640625 0.0671875 0.11328125
6 0.340625 0.57421875 0.0484375 0.08125
5 0.325 0.70625 0.0234375 0.02421875
6 0.490625 0.559375 0.0390625 0.08125
3 0.51953125 0.68671875 0.05390625 0.11875
0 0.540625 0.80546875 0.0390625 0.05546875
6 0.62265625 0.56875 0.04765625 0.08671875
6 0.70078125 0.60546875 0.05546875 0.10390625
5 0.69765625 0.81875 0.03515625 0.0296875
5 0.61171875 0.70546875 0.0234375 0.03359375
3 0.83515625 0.66875 0.06484375 0.11484375
2 0.8859375 0.81953125 0.103125 0.0609375
1 0.21953125 0.74453125 0.14921875 0.215625
10 0.10703125 0.70078125 0.13828125 0.25625
10 0.25390625 0.62578125 0.09296875 0.16953125
10 0.34453125 0.625 0.08203125 0.16484375
10 0.4921875 0.6140625 0.10546875 0.16640625
1 0.53359375 0.73046875 0.13671875 0.21328125
10 0.6125 0.61875 0.1046875 0.18125
10 0.70703125 0.690625 0.12890625 0.26953125
10 0.85390625 0.71875 0.13046875 0.2015625