3 0.1390625 0.50078125 0.0625 0.10546875
2 0.1015625 0.6234375 0.0875 0.0796875
6 0.2671875 0.4953125 0.05078125 0.12421875
0 0.2421875 0.63671875 0.05 0.05546875
9 0.37265625 0.49375 0.05390625 0.12578125
5 0.3296875 0.66875 0.03515625 0.05
6 0.4390625 0.4796875 0.04140625 0.08515625
9 0.6171875 0.4890625 0.04296875 0.0890625
6 0.70703125 0.503125 0.03515625 0.08359375
6 0.790625 0.509375 0.0421875 0.08515625
6 0.75625 0.5515625 0.0484375 0.1109375
2 0.74453125 0.73046875 0.08828125 0.05390625
10 0.14609375 0.54453125 0.13359375 0.18828125
10 0.26875 0.553125 0.11484375 0.21875
10 0.3859375 0.55546875 0.16640625 0.2390625
10 0.44453125 0.5171875 0.06640625 0.14921875
10 0.60078125 0.52890625 0.10234375 0.16171875
10 0.70078125 0.54296875 0.08515625 0.1453125
10 0.740625 0.6171875 0.1484375 0.23203125
10 0.79921875 0.55546875 0.06015625 0.1609375