3 0.15390625 0.6515625 0.03984375 0.07421875
0 0.12890625 0.71171875 0.05078125 0.04375
8 0.23125 0.6953125 0.05 0.078125
8 0.30390625 0.69375 0.04765625 0.07421875
3 0.39609375 0.61640625 0.0421875 0.0890625
7 0.37265625 0.72265625 0.06640625 0.05625
3 0.56953125 0.66328125 0.04453125 0.07421875
0 0.565625 0.715625 0.0390625 0.05
8 0.76953125 0.67578125 0.06328125 0.1
8 0.87890625 0.76875 0.075 0.1109375
5 0.85703125 0.85390625 0.05859375 0.040625
3 0.68828125 0.684375 0.06015625 0.13046875
0 0.69296875 0.82421875 0.0640625 0.06953125
1 0.15390625 0.6796875 0.10078125 0.1203125
10 0.39765625 0.65625 0.08984375 0.1609375
10 0.68515625 0.74140625 0.15859375 0.240625
1 0.23515625 0.6828125 0.10546875 0.115625
1 0.3125 0.69375 0.0890625 0.0890625
1 0.5578125 0.684375 0.103125 0.109375
1 0.765625 0.65859375 0.09296875 0.125
1 0.8625 0.7703125 0.15703125 0.18515625