9 0.1484375 0.60546875 0.04921875 0.078125
0 0.13515625 0.69375 0.046875 0.04453125
3 0.23515625 0.59296875 0.04375 0.0890625
0 0.21953125 0.68984375 0.04609375 0.04609375
9 0.31015625 0.61875 0.04765625 0.08359375
5 0.30078125 0.715625 0.03515625 0.03515625
3 0.40078125 0.60390625 0.05 0.08125
7 0.38515625 0.70546875 0.08125 0.0515625
3 0.57578125 0.6015625 0.04140625 0.08515625
0 0.57578125 0.690625 0.04140625 0.0484375
3 0.67578125 0.58359375 0.05078125 0.1
0 0.67890625 0.69375 0.04765625 0.04453125
3 0.7921875 0.59375 0.05234375 0.09609375
0 0.79453125 0.68046875 0.05234375 0.04453125
3 0.87890625 0.6546875 0.07421875 0.1390625
0 0.8859375 0.81953125 0.078125 0.0609375
10 0.15 0.64296875 0.1046875 0.15078125
10 0.23828125 0.63125 0.10234375 0.1640625
10 0.325 0.6515625 0.06640625 0.1234375
10 0.3984375 0.6421875 0.1 0.15078125
10 0.571875 0.63984375 0.109375 0.15
10 0.67421875 0.63046875 0.09609375 0.175
10 0.78125 0.63125 0.1046875 0.16796875
10 0.86328125 0.73046875 0.19453125 0.27109375