3 0.11328125 0.51484375 0.06484375 0.1109375
7 0.08203125 0.63125 0.09921875 0.08125
6 0.26640625 0.49375 0.06015625 0.1
5 0.23515625 0.659375 0.02890625 0.04453125
6 0.38515625 0.48046875 0.053125 0.10390625
5 0.315625 0.68125 0.02734375 0.03359375
3 0.42578125 0.49453125 0.03203125 0.07421875
6 0.59765625 0.484375 0.04296875 0.07578125
6 0.6890625 0.50859375 0.03984375 0.06484375
6 0.78828125 0.53515625 0.04375 0.09296875
3 0.73828125 0.58046875 0.05859375 0.12578125
2 0.73515625 0.740625 0.08828125 0.05546875
10 0.1328125 0.56953125 0.11953125 0.19609375
10 0.26484375 0.56328125 0.1125 0.23203125
10 0.3921875 0.565625 0.1484375 0.26171875
10 0.440625 0.53671875 0.06171875 0.159375
10 0.590625 0.5390625 0.09765625 0.171875
10 0.68125 0.55546875 0.08359375 0.15
10 0.72890625 0.63203125 0.13828125 0.2234375
10 0.79453125 0.57421875 0.06484375 0.15703125