3 0.13984375 0.50546875 0.0578125 0.1109375
7 0.09765625 0.6203125 0.08359375 0.0890625
9 0.26640625 0.50625 0.06015625 0.11328125
0 0.24375 0.64375 0.0515625 0.059375
9 0.371875 0.50390625 0.0578125 0.11875
5 0.33125 0.6796875 0.03515625 0.03671875
6 0.440625 0.4859375 0.0421875 0.08359375
9 0.6203125 0.49375 0.04765625 0.09453125
6 0.71015625 0.5140625 0.03515625 0.08125
6 0.7921875 0.51796875 0.04140625 0.090625
6 0.759375 0.56484375 0.0546875 0.11484375
2 0.74765625 0.73203125 0.096875 0.05703125
10 0.1453125 0.55390625 0.13984375 0.19296875
10 0.27109375 0.56328125 0.109375 0.21015625
10 0.37890625 0.56484375 0.18671875 0.23515625
10 0.44375 0.53046875 0.06640625 0.15546875
10 0.60234375 0.5375 0.1046875 0.16796875
10 0.6984375 0.5515625 0.08515625 0.1390625
10 0.74296875 0.628125 0.13828125 0.22890625
10 0.80390625 0.5640625 0.065625 0.15625