10 0.06953125 0.24140625 0.08203125 0.12421875
10 0.09140625 0.165625 0.05546875 0.1140625
10 0.134375 0.14296875 0.0578125 0.08046875
10 0.37890625 0.1328125 0.05 0.0734375
10 0.30625 0.17578125 0.0390625 0.09453125
10 0.26015625 0.2484375 0.07265625 0.14375
10 0.32890625 0.24296875 0.05859375 0.1140625
1 0.31796875 0.3125 0.08828125 0.13046875
1 0.26328125 0.36796875 0.12734375 0.13828125
10 0.1625 0.34140625 0.10078125 0.16640625
10 0.41953125 0.15546875 0.05390625 0.08359375
10 0.39765625 0.21875 0.06015625 0.09375
1 0.44765625 0.2609375 0.07578125 0.13125
10 0.44375 0.3453125 0.1015625 0.19453125
2 0.51484375 0.44296875 0.03984375 0.03828125
10 0.51875 0.18125 0.0484375 0.10546875
10 0.57265625 0.203125 0.05546875 0.08828125
10 0.52421875 0.25703125 0.0671875 0.13828125
10 0.53828125 0.35546875 0.096875 0.1796875
10 0.646875 0.23046875 0.0578125 0.11484375
10 0.6359375 0.3703125 0.10078125 0.1515625
1 0.709375 0.17890625 0.0390625 0.05859375
1 0.73203125 0.19296875 0.059375 0.08203125
1 0.79609375 0.19140625 0.04453125 0.06484375
10 0.76328125 0.21875 0.05234375 0.09296875
10 0.81640625 0.21875 0.05546875 0.09296875
10 0.88515625 0.18984375 0.04375 0.090625
10 0.86484375 0.2484375 0.03984375 0.09375
10 0.83671875 0.29296875 0.0640625 0.1234375
10 0.89453125 0.29375 0.053125 0.109375
10 0.90625 0.34375 0.08515625 0.146875
10 0.95390625 0.35859375 0.09140625 0.21484375
10 0.5484375 0.15390625 0.04140625 0.07109375
3 0.06328125 0.21875 0.03203125 0.075
6 0.05078125 0.16171875 0.028125 0.05859375
3 0.07890625 0.140625 0.02734375 0.06328125
3 0.128125 0.13046875 0.0234375 0.059375
10 0.328125 0.14375 0.03671875 0.08515625
3 0.325 0.13046875 0.02109375 0.05546875
3 0.3796875 0.125 0.01953125 0.05546875
6 0.3 0.15703125 0.02421875 0.0546875
6 0.3328125 0.215625 0.02890625 0.05703125
9 0.26640625 0.21796875 0.034375 0.0765625
3 0.31640625 0.30546875 0.03828125 0.08671875
3 0.2421875 0.34921875 0.04609375 0.09375
3 0.15703125 0.30703125 0.04609375 0.10078125
6 0.45625 0.29296875 0.03984375 0.0796875
3 0.54375 0.325 0.0421875 0.10546875
3 0.6359375 0.346875 0.04296875 0.09375
3 0.5265625 0.2296875 0.03359375 0.07578125
3 0.38828125 0.2109375 0.03203125 0.06953125
6 0.44453125 0.23125 0.034375 0.0734375
3 0.42265625 0.14375 0.02421875 0.05625
6 0.4546875 0.1859375 0.02578125 0.059375
7 0.48203125 0.23359375 0.03984375 0.04453125
6 0.4578125 0.1265625 0.01953125 0.0484375
6 0.471875 0.13046875 0.021875 0.04453125
10 0.475 0.21484375 0.06640625 0.121875
6 0.51953125 0.159375 0.02421875 0.05625
3 0.55078125 0.14375 0.01953125 0.05
9 0.57578125 0.1859375 0.02734375 0.05546875
6 0.6515625 0.20625 0.02890625 0.0640625
3 0.7171875 0.17109375 0.01953125 0.04140625
9 0.746875 0.178125 0.0265625 0.0515625
3 0.80078125 0.1859375 0.02734375 0.05390625
3 0.82421875 0.20234375 0.02578125 0.05078125
3 0.86640625 0.23125 0.028125 0.0546875
3 0.8921875 0.17109375 0.02421875 0.053125
6 0.76953125 0.196875 0.02421875 0.05078125
6 0.83828125 0.26484375 0.02890625 0.059375
3 0.925 0.315625 0.04140625 0.08046875