10 0.0703125 0.2390625 0.07890625 0.134375
10 0.09375 0.1640625 0.0515625 0.11484375
10 0.13515625 0.14375 0.05546875 0.0796875
10 0.38046875 0.140625 0.04375 0.06484375
10 0.30625 0.17265625 0.0390625 0.09375
10 0.25 0.24375 0.06796875 0.13359375
10 0.34140625 0.25234375 0.05 0.1359375
10 0.2828125 0.34375 0.10546875 0.1796875
10 0.165625 0.334375 0.0984375 0.18359375
10 0.4203125 0.15546875 0.05390625 0.08359375
1 0.39609375 0.22890625 0.05859375 0.0859375
10 0.45 0.26796875 0.07734375 0.128125
10 0.4390625 0.35234375 0.09453125 0.1765625
2 0.51484375 0.44296875 0.03984375 0.03828125
10 0.56875 0.20390625 0.04453125 0.0765625
10 0.528125 0.27109375 0.0734375 0.109375
10 0.540625 0.35546875 0.09453125 0.17421875
10 0.63125 0.22890625 0.0578125 0.109375
10 0.63515625 0.37421875 0.09765625 0.15625
1 0.7109375 0.178125 0.0375 0.05390625
1 0.73203125 0.19375 0.05703125 0.0796875
1 0.79375 0.1875 0.0453125 0.075
10 0.76171875 0.21796875 0.0515625 0.09140625
10 0.81640625 0.21875 0.05546875 0.09296875
10 0.88515625 0.18828125 0.04375 0.09375
10 0.83828125 0.29453125 0.07109375 0.13046875
10 0.90390625 0.3390625 0.08359375 0.16328125
10 0.9609375 0.3671875 0.078125 0.2140625
10 0.034375 0.15546875 0.0421875 0.09453125
10 0.33046875 0.14453125 0.04375 0.084375
10 0.478125 0.22421875 0.05234375 0.121875
1 0.2140625 0.31171875 0.06953125 0.13125
10 0.51875 0.1875 0.04921875 0.103125
10 0.3234375 0.29375 0.08203125 0.17421875
6 0.01328125 0.23359375 0.02578125 0.08125
10 0.02890625 0.2765625 0.05703125 0.18046875
6 0.05859375 0.2078125 0.03359375 0.0640625
9 0.040625 0.14296875 0.0265625 0.0609375
9 0.084375 0.1390625 0.0296875 0.06171875
3 0.128125 0.13359375 0.02421875 0.05546875
6 0.3296875 0.13046875 0.02109375 0.05078125
6 0.3328125 0.2140625 0.02890625 0.05703125
6 0.3 0.15625 0.025 0.05625
6 0.30859375 0.24296875 0.0390625 0.065625
6 0.2796875 0.3046875 0.04609375 0.09453125
6 0.15703125 0.29296875 0.04375 0.09140625
3 0.2015625 0.2921875 0.03828125 0.0859375
3 0.25625 0.21875 0.03515625 0.07578125
3 0.278125 0.19609375 0.0265625 0.0640625
3 0.37890625 0.13359375 0.01953125 0.0515625
3 0.38359375 0.21953125 0.03125 0.065625
3 0.4234375 0.1453125 0.02109375 0.0609375
3 0.465625 0.1953125 0.0265625 0.06484375
6 0.4578125 0.115625 0.02109375 0.0453125
6 0.48203125 0.1421875 0.02265625 0.05078125
10 0.48828125 0.16328125 0.03515625 0.09375
6 0.44296875 0.24375 0.03359375 0.075
6 0.51875 0.16640625 0.02421875 0.05625
6 0.56953125 0.18828125 0.01953125 0.04453125
3 0.5546875 0.146875 0.02109375 0.04375
3 0.53671875 0.25703125 0.03359375 0.07421875
6 0.6328125 0.20703125 0.02890625 0.065625
3 0.63203125 0.34921875 0.04453125 0.09296875
3 0.54140625 0.321875 0.04296875 0.1015625
9 0.43125 0.30859375 0.04765625 0.09140625
6 0.91953125 0.3 0.04140625 0.08515625
9 0.85625 0.271875 0.03515625 0.06875
6 0.82421875 0.19921875 0.02578125 0.0515625
3 0.76640625 0.19375 0.0234375 0.05390625
3 0.796875 0.18125 0.02578125 0.05625
3 0.89296875 0.171875 0.02578125 0.05390625
3 0.7453125 0.1890625 0.02421875 0.053125