6 0.17109375 0.62890625 0.0671875 0.128125
5 0.14140625 0.79609375 0.04375 0.05
3 0.32109375 0.5859375 0.0421875 0.06953125
3 0.31640625 0.65546875 0.05703125 0.11328125
2 0.27578125 0.78046875 0.09140625 0.05
6 0.3921875 0.5890625 0.04375 0.0890625
7 0.40078125 0.70546875 0.07265625 0.0515625
6 0.56875 0.55546875 0.0359375 0.07421875
9 0.5859375 0.64375 0.05625 0.11640625
5 0.59765625 0.81875 0.02890625 0.03671875
3 0.6625 0.59375 0.0453125 0.1
0 0.66953125 0.6875 0.04609375 0.04375
3 0.78515625 0.6265625 0.05859375 0.12421875
0 0.8078125 0.78046875 0.04140625 0.059375
3 0.92578125 0.653125 0.065625 0.11640625
2 0.96484375 0.81875 0.0703125 0.0515625
10 0.17578125 0.69296875 0.12578125 0.22109375
10 0.32578125 0.70390625 0.125 0.18984375
10 0.33515625 0.60859375 0.08359375 0.11015625
10 0.4140625 0.634375 0.1046875 0.165625
10 0.5546875 0.6078125 0.08359375 0.16796875
10 0.596875 0.70625 0.12265625 0.21953125
10 0.67109375 0.63359375 0.08984375 0.15703125
10 0.7828125 0.6890625 0.15 0.25
10 0.93515625 0.703125 0.128125 0.21953125