3 0.20859375 0.43984375 0.02890625 0.0609375
1 0.20625 0.45546875 0.0734375 0.09453125
3 0.11328125 0.4109375 0.02421875 0.05078125
1 0.12578125 0.41875 0.06953125 0.06875
3 0.16015625 0.390625 0.021875 0.04609375
1 0.16328125 0.39375 0.04921875 0.05
3 0.25703125 0.40390625 0.02265625 0.04296875
10 0.26640625 0.4265625 0.05390625 0.0859375
3 0.23828125 0.35078125 0.01875 0.0390625
10 0.23828125 0.35546875 0.03828125 0.059375
3 0.2734375 0.3546875 0.01953125 0.03671875
10 0.27890625 0.36640625 0.03359375 0.06328125
3 0.30703125 0.340625 0.01640625 0.03203125
10 0.3140625 0.34765625 0.03125 0.05625
6 0.32421875 0.44765625 0.02578125 0.05625
10 0.328125 0.48046875 0.065625 0.12421875
6 0.40390625 0.45546875 0.03046875 0.0546875
10 0.40625 0.48515625 0.0703125 0.11875
6 0.51796875 0.44140625 0.02890625 0.05703125
10 0.51328125 0.48046875 0.06953125 0.134375
6 0.59375 0.44296875 0.02890625 0.06171875
10 0.59140625 0.48125 0.06796875 0.134375
6 0.665625 0.45625 0.0328125 0.0640625
10 0.6703125 0.490625 0.08359375 0.13203125
3 0.35625 0.43203125 0.02578125 0.0640625
1 0.36640625 0.4484375 0.04765625 0.09375
3 0.42890625 0.43046875 0.02421875 0.0609375
10 0.44140625 0.45546875 0.04921875 0.10703125
9 0.3984375 0.39296875 0.02421875 0.04140625
10 0.39140625 0.41171875 0.04140625 0.08125
6 0.453125 0.39140625 0.01953125 0.03671875
10 0.45703125 0.41875 0.02578125 0.090625
9 0.528125 0.403125 0.02109375 0.0453125
10 0.52265625 0.4234375 0.05078125 0.08828125
3 0.5796875 0.4109375 0.021875 0.04453125
10 0.5734375 0.43046875 0.03828125 0.08515625
3 0.63359375 0.41796875 0.0234375 0.05078125
10 0.62734375 0.43125 0.0390625 0.0765625
6 0.65703125 0.37890625 0.01796875 0.0390625
10 0.66015625 0.39296875 0.03984375 0.07109375
6 0.54375 0.36796875 0.01953125 0.0453125
10 0.5484375 0.38984375 0.03125 0.08359375
6 0.5 0.36796875 0.0203125 0.03828125
10 0.490625 0.390625 0.04609375 0.075
3 0.42109375 0.35546875 0.0171875 0.03984375
10 0.425 0.365625 0.0265625 0.06015625
3 0.4359375 0.34296875 0.01328125 0.03203125
10 0.44453125 0.35234375 0.02890625 0.046875
3 0.475 0.33125 0.0140625 0.03203125
10 0.47578125 0.3359375 0.03125 0.04453125
3 0.50703125 0.3390625 0.01640625 0.03828125
10 0.503125 0.346875 0.0421875 0.05625
6 0.575 0.34921875 0.0171875 0.03828125
10 0.5765625 0.36171875 0.03515625 0.06875
3 0.6 0.33046875 0.0140625 0.03515625
10 0.5953125 0.34375 0.02421875 0.05546875
6 0.5421875 0.34296875 0.02109375 0.03984375
3 0.7203125 0.346875 0.0140625 0.03359375
1 0.7125 0.3609375 0.02890625 0.06171875
3 0.73203125 0.35390625 0.01640625 0.0359375
10 0.73125 0.36640625 0.03359375 0.06015625
6 0.7765625 0.3515625 0.01640625 0.0359375
10 0.775 0.35546875 0.0265625 0.0515625
6 0.75546875 0.36796875 0.0140625 0.0359375
3 0.79921875 0.36796875 0.0203125 0.04375
3 0.859375 0.3484375 0.01875 0.04140625
10 0.85390625 0.35625 0.03359375 0.059375
3 0.83359375 0.390625 0.02109375 0.04140625
10 0.81953125 0.403125 0.04921875 0.06796875
6 0.81875 0.41015625 0.0234375 0.04453125
10 0.8140625 0.43515625 0.04921875 0.09296875
6 0.86640625 0.415625 0.02890625 0.0484375
10 0.859375 0.43046875 0.04296875 0.08125
6 0.928125 0.41171875 0.0234375 0.04375
10 0.915625 0.43046875 0.04921875 0.08359375
3 0.95703125 0.41875 0.02265625 0.04609375
10 0.959375 0.43125 0.0265625 0.07578125
3 0.878125 0.46015625 0.0296875 0.0609375
1 0.8625 0.47890625 0.0625 0.0984375
3 0.9375 0.46484375 0.03671875 0.071875
10 0.91953125 0.496875 0.090625 0.13125
10 0.753125 0.38203125 0.034375 0.0703125
10 0.7921875 0.38125 0.040625 0.07109375