3 0.1484375 0.6296875 0.04921875 0.0890625
0 0.13515625 0.7046875 0.04375 0.04609375
6 0.23515625 0.59375 0.04609375 0.08515625
0 0.2125 0.703125 0.0546875 0.05
9 0.32265625 0.58046875 0.040625 0.08359375
5 0.29140625 0.72421875 0.028125 0.03046875
3 0.39453125 0.60703125 0.05390625 0.08671875
7 0.3796875 0.71875 0.08359375 0.04296875
9 0.5796875 0.590625 0.046875 0.08125
0 0.56953125 0.70078125 0.0375 0.03046875
6 0.6890625 0.56953125 0.04375 0.0890625
0 0.67265625 0.690625 0.05234375 0.0703125
3 0.78515625 0.59375 0.04453125 0.09296875
9 0.85390625 0.6296875 0.07421875 0.11875
0 0.87265625 0.81953125 0.07109375 0.059375
0 0.79375 0.69140625 0.0515625 0.04609375
10 0.153125 0.65625 0.0984375 0.125
10 0.23515625 0.640625 0.10703125 0.16640625
10 0.32265625 0.63046875 0.08046875 0.16484375
10 0.403125 0.65 0.10234375 0.159375
10 0.57421875 0.63984375 0.10859375 0.15703125
10 0.68046875 0.63125 0.096875 0.19609375
10 0.78125 0.634375 0.10234375 0.16953125
10 0.8921875 0.71875 0.18984375 0.27578125