3 0.15390625 0.653125 0.0375 0.0796875
0 0.12578125 0.71875 0.04609375 0.04609375
3 0.21953125 0.62890625 0.040625 0.090625
0 0.2171875 0.7203125 0.04140625 0.03671875
6 0.3015625 0.609375 0.0375 0.08125
0 0.3046875 0.73046875 0.04296875 0.03515625
3 0.40078125 0.61875 0.0375 0.08359375
7 0.375 0.728125 0.0734375 0.04453125
6 0.57265625 0.63203125 0.03984375 0.06875
5 0.57265625 0.721875 0.02734375 0.03125
3 0.7609375 0.63046875 0.04765625 0.08125
3 0.85 0.69140625 0.0671875 0.12578125
5 0.859375 0.85703125 0.0578125 0.04453125
9 0.66640625 0.64375 0.05859375 0.11875
0 0.6171875 0.74296875 0.05078125 0.06328125
1 0.15078125 0.678125 0.09296875 0.1234375
10 0.228125 0.66875 0.096875 0.15703125
10 0.31484375 0.65546875 0.08671875 0.15703125
10 0.403125 0.6609375 0.0890625 0.15546875
10 0.56953125 0.7140625 0.08359375 0.228125
10 0.671875 0.71171875 0.12265625 0.25625
10 0.759375 0.65546875 0.08671875 0.13359375
1 0.86171875 0.7390625 0.1421875 0.2234375