8 0.08203125 0.73671875 0.07109375 0.10625
5 0.0484375 0.85234375 0.05546875 0.0359375
6 0.2421875 0.6546875 0.05625 0.11328125
2 0.190625 0.840625 0.1140625 0.0515625
6 0.23515625 0.578125 0.03828125 0.059375
6 0.346875 0.58046875 0.0421875 0.071875
5 0.32578125 0.7140625 0.02109375 0.028125
2 0.35546875 0.70703125 0.0359375 0.02421875
6 0.4859375 0.578125 0.03671875 0.07421875
6 0.59765625 0.58046875 0.04453125 0.0890625
3 0.5265625 0.69375 0.06171875 0.1109375
5 0.6109375 0.70546875 0.021875 0.02578125
0 0.53515625 0.80546875 0.05078125 0.059375
6 0.7046875 0.60546875 0.05 0.090625
5 0.696875 0.81953125 0.0265625 0.04375
3 0.840625 0.67890625 0.0546875 0.10625
2 0.8859375 0.8265625 0.09609375 0.05
1 0.10625 0.7390625 0.1390625 0.19921875
10 0.23828125 0.71796875 0.11796875 0.228125
10 0.2453125 0.6265625 0.08671875 0.14609375
10 0.34765625 0.63046875 0.07890625 0.1609375
10 0.4859375 0.62109375 0.1 0.16328125
10 0.5328125 0.73203125 0.13671875 0.19921875
10 0.59921875 0.61875 0.08046875 0.153125
10 0.709375 0.69296875 0.1234375 0.2484375
10 0.8546875 0.71796875 0.12578125 0.18203125