6 0.21640625 0.5796875 0.05234375 0.1
5 0.13984375 0.76484375 0.0296875 0.03359375
3 0.27578125 0.56796875 0.03671875 0.08359375
6 0.315625 0.58359375 0.0609375 0.11953125
0 0.29375 0.73671875 0.0515625 0.09453125
3 0.39921875 0.55546875 0.0421875 0.090625
0 0.396875 0.646875 0.0421875 0.05
3 0.56640625 0.5796875 0.03359375 0.06328125
3 0.60078125 0.621875 0.05703125 0.11875
0 0.59765625 0.76875 0.06015625 0.06875
6 0.740625 0.56875 0.0546875 0.1109375
3 0.86015625 0.63828125 0.06640625 0.11328125
2 0.9109375 0.80546875 0.14375 0.059375
10 0.209375 0.64453125 0.11796875 0.23203125
10 0.31328125 0.6609375 0.1484375 0.253125
10 0.59296875 0.68046875 0.13828125 0.234375
10 0.7359375 0.6546875 0.13828125 0.26875
10 0.859375 0.68984375 0.12890625 0.20546875
1 0.2765625 0.59921875 0.05 0.13515625
1 0.4078125 0.59765625 0.09296875 0.165625
1 0.56328125 0.61171875 0.09453125 0.13515625