3 0.15390625 0.65546875 0.05234375 0.07421875
0 0.1234375 0.7234375 0.05546875 0.04296875
3 0.22734375 0.69375 0.0484375 0.07421875
3 0.30703125 0.6953125 0.05234375 0.07578125
3 0.39453125 0.61875 0.04609375 0.08359375
7 0.37734375 0.7296875 0.0703125 0.0515625
3 0.56640625 0.65546875 0.04296875 0.0703125
0 0.5640625 0.71875 0.0375 0.03671875
8 0.76953125 0.6609375 0.05390625 0.08125
8 0.87890625 0.7796875 0.08125 0.11875
3 0.6890625 0.69375 0.05859375 0.140625
3 0.69453125 0.83046875 0.08515625 0.07421875
10 0.39453125 0.66171875 0.0953125 0.1609375
10 0.68515625 0.74609375 0.159375 0.25078125
1 0.15078125 0.68046875 0.09453125 0.13359375
1 0.23125 0.68203125 0.10078125 0.115625
1 0.31171875 0.69453125 0.0890625 0.0859375
1 0.559375 0.678125 0.10234375 0.11640625
1 0.76796875 0.6640625 0.09296875 0.14453125
1 0.86328125 0.778125 0.15390625 0.1890625