3 0.0546875 0.58515625 0.04375 0.04453125
3 0.040625 0.64453125 0.0578125 0.10390625
3 0.14453125 0.62578125 0.053125 0.1109375
0 0.02109375 0.77890625 0.04140625 0.0609375
2 0.125 0.78125 0.0796875 0.05546875
3 0.26328125 0.58984375 0.03984375 0.08671875
7 0.25703125 0.665625 0.078125 0.0390625
3 0.45078125 0.56328125 0.0375 0.07421875
0 0.4546875 0.63203125 0.03203125 0.0390625
9 0.40390625 0.57578125 0.05 0.1
7 0.378125 0.75546875 0.0984375 0.07421875
5 0.3171875 0.7640625 0.02890625 0.04453125
3 0.61484375 0.5203125 0.0296875 0.06640625
3 0.70078125 0.50625 0.0375 0.090625
3 0.7828125 0.4796875 0.04375 0.078125
3 0.76875 0.56875 0.0609375 0.1296875
7 0.79453125 0.71640625 0.096875 0.078125
5 0.73359375 0.740625 0.0328125 0.04453125
3 0.9171875 0.5296875 0.05625 0.1109375
0 0.9296875 0.69140625 0.05859375 0.06484375
3 0.6484375 0.54453125 0.04609375 0.11484375
10 0.0546875 0.690625 0.10859375 0.2046875
10 0.159375 0.6765625 0.1234375 0.209375
10 0.278125 0.61328125 0.11484375 0.125
10 0.38671875 0.64609375 0.13828125 0.23671875
10 0.465625 0.5921875 0.084375 0.13046875
10 0.60546875 0.5578125 0.05234375 0.14140625
10 0.6421875 0.61796875 0.121875 0.253125
10 0.70390625 0.54375 0.07109375 0.15390625
10 0.796875 0.50546875 0.0796875 0.1203125
10 0.77578125 0.615625 0.14375 0.21875
10 0.91875 0.59765625 0.14375 0.24375