6 0.09453125 0.63046875 0.075 0.12578125
5 0.04765625 0.85 0.06015625 0.03125
6 0.2421875 0.590625 0.04609375 0.09296875
8 0.1921875 0.76875 0.06875 0.12578125
6 0.35078125 0.57421875 0.0375 0.08125
5 0.32578125 0.715625 0.02578125 0.03515625
6 0.4859375 0.57421875 0.04609375 0.08125
6 0.60703125 0.5734375 0.03828125 0.08125
3 0.5109375 0.6984375 0.06171875 0.11875
0 0.54140625 0.8109375 0.0375 0.05546875
6 0.70078125 0.60546875 0.05234375 0.10546875
5 0.69765625 0.81875 0.03515625 0.03671875
3 0.840625 0.65703125 0.0546875 0.11484375
2 0.8859375 0.828125 0.09140625 0.06328125
5 0.61328125 0.70546875 0.03203125 0.03671875
1 0.21796875 0.74609375 0.14921875 0.209375
10 0.10546875 0.70078125 0.13359375 0.26796875
10 0.24765625 0.62890625 0.09296875 0.15546875
10 0.34453125 0.62265625 0.09765625 0.175
10 0.48984375 0.61796875 0.09296875 0.16796875
1 0.53203125 0.740625 0.1375 0.209375
10 0.60625 0.61796875 0.10390625 0.175
10 0.709375 0.6859375 0.1296875 0.26953125
10 0.8546875 0.7125 0.134375 0.21953125