10 0.06953125 0.24921875 0.08828125 0.13046875
10 0.134375 0.14375 0.0546875 0.08046875
10 0.0921875 0.1640625 0.053125 0.10546875
10 0.34140625 0.15546875 0.06328125 0.07421875
10 0.30390625 0.17734375 0.04453125 0.09921875
10 0.34296875 0.25 0.0609375 0.13515625
10 0.396875 0.21171875 0.06328125 0.11796875
10 0.4234375 0.1578125 0.046875 0.0859375
10 0.4703125 0.21875 0.05 0.1140625
10 0.5234375 0.2609375 0.06875 0.14296875
10 0.571875 0.20625 0.05078125 0.08203125
10 0.64921875 0.22421875 0.06171875 0.11875
10 0.596875 0.28515625 0.05546875 0.1
10 0.63515625 0.36640625 0.10078125 0.165625
10 0.54140625 0.359375 0.09453125 0.178125
10 0.44453125 0.3453125 0.09140625 0.190625
10 0.2703125 0.35859375 0.15390625 0.16484375
10 0.32265625 0.30546875 0.11171875 0.14609375
10 0.14375 0.34296875 0.13359375 0.184375
10 0.2125 0.303125 0.0703125 0.140625
10 0.2796875 0.2015625 0.04921875 0.08671875
10 0.2578125 0.25625 0.05390625 0.1046875
1 0.709375 0.175 0.0390625 0.05546875
10 0.734375 0.18671875 0.0453125 0.09609375
10 0.7890625 0.1796875 0.040625 0.090625
10 0.76484375 0.215625 0.05625 0.10078125
10 0.81328125 0.221875 0.04609375 0.08984375
10 0.88515625 0.1921875 0.04140625 0.09140625
10 0.834375 0.2921875 0.07265625 0.13046875
10 0.896875 0.34921875 0.08828125 0.15390625
10 0.9625 0.38125 0.075 0.19375
10 0.03203125 0.15546875 0.05546875 0.07578125
10 0.55078125 0.15546875 0.034375 0.06484375
9 0.03125 0.15078125 0.0328125 0.0609375
3 0.06171875 0.2265625 0.03046875 0.071875
9 0.08125 0.14296875 0.02890625 0.0640625
3 0.12578125 0.13203125 0.02578125 0.05625
3 0.33125 0.14609375 0.02109375 0.053125
6 0.30234375 0.15625 0.02578125 0.053125
6 0.2703125 0.18828125 0.02421875 0.05859375
6 0.33984375 0.21171875 0.028125 0.05703125
3 0.26328125 0.24375 0.03359375 0.07421875
3 0.2984375 0.28046875 0.03984375 0.08828125
3 0.215625 0.27578125 0.0390625 0.08828125
6 0.15 0.30078125 0.04609375 0.09921875
3 0.25390625 0.32890625 0.04921875 0.09921875
6 0.3875 0.11875 0.01953125 0.0484375
10 0.384375 0.13125 0.04453125 0.0765625
9 0.3921875 0.1890625 0.03359375 0.06875
3 0.42265625 0.14609375 0.02421875 0.05859375
6 0.45625 0.11953125 0.01953125 0.04453125
6 0.47109375 0.19296875 0.02890625 0.05859375
6 0.44140625 0.29375 0.0375 0.08125
2 0.39765625 0.4328125 0.06015625 0.02890625
3 0.5515625 0.3234375 0.04296875 0.103125
3 0.6234375 0.3359375 0.04453125 0.09609375
2 0.5140625 0.44609375 0.0375 0.03359375
3 0.609375 0.271875 0.0328125 0.071875
3 0.52421875 0.23203125 0.0296875 0.07890625
3 0.52734375 0.1765625 0.0234375 0.05
3 0.55703125 0.1484375 0.02109375 0.046875
6 0.56875 0.1890625 0.0234375 0.046875
6 0.6546875 0.1953125 0.02890625 0.06328125
3 0.71640625 0.171875 0.01875 0.04453125
9 0.73984375 0.1640625 0.025 0.04921875
6 0.7890625 0.15625 0.02421875 0.04375
3 0.7640625 0.19296875 0.02265625 0.053125
6 0.8171875 0.20390625 0.02421875 0.05
3 0.8921875 0.17109375 0.02421875 0.05
6 0.8375 0.259375 0.02578125 0.06328125
3 0.859375 0.23984375 0.021875 0.05546875
10 0.86640625 0.25234375 0.03828125 0.0859375
3 0.91640625 0.315625 0.03984375 0.08125
6 0.903125 0.271875 0.03828125 0.065625
3 0.98671875 0.28671875 0.0265625 0.06953125
1 0.96796875 0.303125 0.0609375 0.10390625