10 0.06875 0.24296875 0.0859375 0.1234375
10 0.0921875 0.16640625 0.059375 0.1
10 0.1375 0.1453125 0.0484375 0.07421875
10 0.15703125 0.33125 0.09609375 0.1859375
10 0.27734375 0.3546875 0.11640625 0.159375
10 0.2140625 0.30546875 0.07265625 0.14609375
1 0.3140625 0.30625 0.084375 0.14453125
1 0.253125 0.25546875 0.0640625 0.10390625
10 0.3453125 0.2515625 0.05859375 0.1359375
10 0.30703125 0.18125 0.04296875 0.084375
10 0.396875 0.20625 0.05546875 0.1140625
10 0.3375 0.14296875 0.05078125 0.09921875
10 0.38125 0.1421875 0.0421875 0.065625
10 0.42734375 0.15546875 0.04140625 0.08359375
10 0.475 0.16171875 0.03984375 0.10546875
10 0.45 0.26796875 0.075 0.1234375
1 0.51640625 0.19296875 0.05078125 0.08046875
10 0.63125 0.22890625 0.06484375 0.10546875
1 0.565625 0.18046875 0.05703125 0.075
1 0.56796875 0.21171875 0.04765625 0.06953125
10 0.446875 0.3484375 0.0890625 0.18203125
10 0.534375 0.35546875 0.08984375 0.1703125
10 0.64609375 0.36875 0.13828125 0.171875
10 0.6046875 0.33046875 0.06875 0.13359375
2 0.259375 0.4265625 0.06953125 0.03515625
2 0.51328125 0.44296875 0.0375 0.03203125
1 0.7109375 0.17734375 0.03671875 0.053125
1 0.73203125 0.19375 0.05703125 0.07578125
10 0.7671875 0.21484375 0.04921875 0.0890625
10 0.815625 0.21796875 0.05390625 0.0765625
10 0.8875 0.19375 0.0484375 0.075
10 0.83125 0.3 0.07578125 0.11875
10 0.8953125 0.35546875 0.09453125 0.134375
10 0.96015625 0.37109375 0.07890625 0.19375
1 0.59765625 0.28828125 0.06640625 0.09453125
2 0.9796875 0.46875 0.040625 0.03359375
10 0.46953125 0.21875 0.06015625 0.12421875
0 0.65078125 0.4296875 0.05078125 0.0390625
3 0.71796875 0.16875 0.0203125 0.04375
3 0.06328125 0.2203125 0.03515625 0.07578125
9 0.040625 0.14375 0.03046875 0.0609375
3 0.08046875 0.14453125 0.0296875 0.059375
3 0.12578125 0.14140625 0.025 0.05625
6 0.15390625 0.28671875 0.04375 0.09453125
3 0.203125 0.28125 0.03984375 0.09375
3 0.2703125 0.31875 0.04296875 0.09140625
3 0.30078125 0.29609375 0.03515625 0.08046875
3 0.265625 0.24375 0.03203125 0.078125
3 0.34921875 0.21875 0.0328125 0.07109375
3 0.30703125 0.16875 0.02578125 0.05703125
3 0.33203125 0.11875 0.02421875 0.05390625
3 0.37890625 0.13046875 0.01953125 0.05
3 0.4265625 0.146875 0.02265625 0.05546875
6 0.453125 0.3015625 0.03828125 0.0859375
9 0.43515625 0.24296875 0.034375 0.075
9 0.459375 0.19375 0.03125 0.0609375
3 0.4 0.18671875 0.02890625 0.06953125
6 0.4421875 0.10703125 0.02109375 0.04453125
6 0.471875 0.13515625 0.0234375 0.05546875
10 0.44453125 0.12578125 0.03046875 0.08125
3 0.51640625 0.18359375 0.02421875 0.05546875
3 0.54453125 0.1515625 0.021875 0.0484375
3 0.57578125 0.16796875 0.025 0.05078125
3 0.56953125 0.20625 0.02265625 0.0546875
6 0.63359375 0.20546875 0.02734375 0.06640625
6 0.534375 0.31796875 0.04140625 0.09140625
3 0.64765625 0.33515625 0.04921875 0.10546875
3 0.61328125 0.2734375 0.03203125 0.06953125
3 0.62265625 0.30546875 0.03359375 0.07578125
3 0.746875 0.18125 0.02421875 0.0515625
9 0.7765625 0.19296875 0.025 0.05078125
3 0.79765625 0.1859375 0.02421875 0.05625
3 0.8234375 0.20546875 0.021875 0.04609375
3 0.85390625 0.278125 0.028125 0.06796875
3 0.89921875 0.1828125 0.0265625 0.05078125
7 0.84453125 0.3359375 0.04296875 0.03125
6 0.9109375 0.26796875 0.03203125 0.06953125
6 0.984375 0.2671875 0.03125 0.065625
3 0.91875 0.33046875 0.0421875 0.0796875