6 0.1390625 0.47890625 0.05078125 0.109375
2 0.0890625 0.65390625 0.1125 0.0484375
6 0.25546875 0.50546875 0.0515625 0.10390625
0 0.20703125 0.64921875 0.04609375 0.06484375
6 0.39140625 0.48984375 0.05078125 0.109375
5 0.31953125 0.678125 0.02890625 0.03671875
6 0.43828125 0.49296875 0.03984375 0.078125
8 0.60390625 0.56875 0.05234375 0.08125
8 0.7109375 0.56484375 0.05 0.08515625
8 0.81015625 0.609375 0.05234375 0.08515625
8 0.75703125 0.68125 0.06484375 0.121875
1 0.6 0.57890625 0.1046875 0.1234375
1 0.6984375 0.58125 0.08671875 0.1140625
1 0.8171875 0.61328125 0.10078125 0.11171875
1 0.74375 0.66875 0.16640625 0.178125
10 0.1359375 0.5453125 0.146875 0.23125
10 0.25078125 0.5625 0.12421875 0.22109375
10 0.38515625 0.5671875 0.12109375 0.25078125
10 0.45234375 0.64609375 0.0640625 0.3765625