10 0.06953125 0.24765625 0.08828125 0.13046875
10 0.13515625 0.14140625 0.05859375 0.0859375
10 0.09296875 0.165625 0.0515625 0.11484375
10 0.3328125 0.15546875 0.04453125 0.06875
10 0.30390625 0.17734375 0.04453125 0.09921875
10 0.34375 0.24765625 0.0609375 0.13203125
10 0.3953125 0.21796875 0.06015625 0.09921875
10 0.41953125 0.15546875 0.05078125 0.08515625
10 0.47265625 0.21875 0.046875 0.11484375
10 0.525 0.26171875 0.07265625 0.14375
10 0.56953125 0.20546875 0.04765625 0.084375
10 0.64453125 0.22734375 0.059375 0.11171875
10 0.59765625 0.28046875 0.05546875 0.0984375
10 0.63515625 0.36796875 0.09921875 0.1640625
10 0.53828125 0.35625 0.09296875 0.16796875
10 0.44453125 0.34453125 0.08984375 0.19453125
10 0.26875 0.353125 0.1328125 0.175
10 0.32578125 0.30546875 0.10625 0.14296875
10 0.14375 0.34296875 0.13359375 0.184375
10 0.2125 0.3015625 0.0671875 0.13671875
10 0.28046875 0.2015625 0.0484375 0.08828125
10 0.25703125 0.24296875 0.05859375 0.084375
1 0.709375 0.178125 0.0390625 0.05546875
10 0.734375 0.18046875 0.0453125 0.09609375
10 0.78828125 0.18046875 0.040625 0.08359375
10 0.76328125 0.21875 0.05859375 0.1
10 0.8140625 0.21875 0.04765625 0.0890625
10 0.88515625 0.1921875 0.04140625 0.09140625
10 0.83203125 0.29296875 0.07109375 0.13046875
1 0.903125 0.35625 0.08828125 0.12890625
10 0.9625 0.3796875 0.075 0.19375
10 0.03359375 0.15625 0.05390625 0.075
1 0.54765625 0.15625 0.03984375 0.06953125
3 0.0625 0.22578125 0.03515625 0.07421875
9 0.034375 0.1484375 0.03203125 0.05703125
3 0.08203125 0.14140625 0.03046875 0.06484375
3 0.1234375 0.12890625 0.02734375 0.05625
6 0.334375 0.11875 0.0203125 0.0484375
3 0.36015625 0.128125 0.01875 0.05078125
10 0.371875 0.134375 0.0453125 0.06875
3 0.32890625 0.153125 0.02109375 0.053125
6 0.30234375 0.15546875 0.02578125 0.05390625
6 0.340625 0.21015625 0.02734375 0.05546875
6 0.271875 0.18671875 0.02421875 0.05546875
3 0.4234375 0.14375 0.02421875 0.05859375
6 0.384375 0.203125 0.03125 0.06484375
3 0.2984375 0.28046875 0.03828125 0.08671875
3 0.2625 0.2390625 0.03359375 0.07109375
3 0.21484375 0.27734375 0.0390625 0.08828125
3 0.26015625 0.315625 0.05078125 0.09609375
6 0.1484375 0.29765625 0.04765625 0.09375
6 0.4625 0.134375 0.02421875 0.04453125
6 0.46953125 0.19140625 0.02890625 0.059375
3 0.51875 0.16796875 0.025 0.05625
10 0.51875 0.18671875 0.0453125 0.09375
3 0.55703125 0.14921875 0.02109375 0.04921875
6 0.56953125 0.18984375 0.02421875 0.0484375
6 0.6484375 0.20546875 0.02890625 0.0640625
3 0.60859375 0.26953125 0.03359375 0.0734375
3 0.525 0.23125 0.02890625 0.0765625
2 0.3984375 0.43046875 0.06015625 0.03359375
2 0.5140625 0.44375 0.03671875 0.03359375
6 0.44140625 0.29375 0.03984375 0.08359375
9 0.56015625 0.328125 0.04375 0.10078125
3 0.625 0.334375 0.04765625 0.09375
3 0.71640625 0.17109375 0.01875 0.04375
9 0.73984375 0.1609375 0.02578125 0.0546875
3 0.7875 0.16796875 0.02421875 0.0546875
3 0.76328125 0.19296875 0.02421875 0.053125
6 0.81640625 0.20390625 0.025 0.0515625
3 0.8921875 0.1703125 0.02578125 0.05546875
3 0.859375 0.23828125 0.02421875 0.05546875
6 0.840625 0.259375 0.0296875 0.05625
6 0.903125 0.26875 0.0390625 0.06484375
10 0.89453125 0.29140625 0.05546875 0.103125
3 0.9234375 0.33984375 0.04296875 0.08359375
3 0.9859375 0.2859375 0.02734375 0.06953125
1 0.9703125 0.30234375 0.05859375 0.103125