3 0.1859375 0.60625 0.06171875 0.13046875
0 0.1390625 0.76484375 0.03984375 0.040625
3 0.3171875 0.6046875 0.05703125 0.1390625
0 0.290625 0.746875 0.0546875 0.06953125
9 0.37578125 0.54765625 0.04296875 0.09375
0 0.38515625 0.64375 0.03125 0.059375
3 0.59765625 0.61875 0.053125 0.12578125
0 0.59453125 0.7703125 0.05859375 0.071875
6 0.74453125 0.55546875 0.0625 0.11640625
5 0.74765625 0.7875 0.04375 0.04375
6 0.86328125 0.56953125 0.0625 0.11953125
2 0.9078125 0.80625 0.14453125 0.06328125
10 0.18359375 0.65390625 0.134375 0.2203125
10 0.31875 0.65625 0.1359375 0.24453125
10 0.3984375 0.5875 0.08359375 0.16796875
10 0.59140625 0.67890625 0.13671875 0.2359375
10 0.746875 0.64296875 0.12578125 0.29375
10 0.8765625 0.65390625 0.153125 0.26953125
1 0.56328125 0.60859375 0.09453125 0.13828125