10 0.06796875 0.23046875 0.08671875 0.13125
10 0.09375 0.16640625 0.0515625 0.11484375
10 0.13515625 0.14375 0.05546875 0.0796875
10 0.38125 0.140625 0.0421875 0.0640625
10 0.3046875 0.17421875 0.03828125 0.09453125
10 0.2578125 0.24921875 0.05234375 0.1140625
10 0.3421875 0.25078125 0.05078125 0.13828125
10 0.2828125 0.34375 0.10546875 0.1796875
10 0.165625 0.33046875 0.1015625 0.18515625
10 0.42265625 0.15546875 0.04921875 0.08359375
10 0.40078125 0.21640625 0.05546875 0.1046875
10 0.45078125 0.265625 0.07578125 0.12578125
10 0.44296875 0.3484375 0.1015625 0.18671875
2 0.51484375 0.44296875 0.03984375 0.03828125
10 0.56875 0.20390625 0.04453125 0.0765625
10 0.525 0.2625 0.06796875 0.13046875
10 0.53828125 0.36015625 0.09453125 0.17421875
10 0.63125 0.22890625 0.0578125 0.109375
10 0.63515625 0.3734375 0.09765625 0.15625
1 0.7109375 0.178125 0.0375 0.05390625
1 0.73046875 0.19453125 0.05625 0.075
1 0.79375 0.1875 0.0453125 0.075
10 0.7625 0.21640625 0.0515625 0.09140625
10 0.81640625 0.21875 0.05546875 0.09296875
10 0.88515625 0.18671875 0.04375 0.09375
10 0.83828125 0.29296875 0.07109375 0.13046875
10 0.90390625 0.3390625 0.08359375 0.16328125
10 0.9578125 0.37421875 0.08359375 0.21640625
1 0.5515625 0.16328125 0.04140625 0.09140625
10 0.03515625 0.15546875 0.04296875 0.09453125
10 0.33046875 0.14375 0.04296875 0.08984375
10 0.47578125 0.2203125 0.04921875 0.1203125
10 0.21796875 0.29296875 0.078125 0.16015625
10 0.51953125 0.1859375 0.04921875 0.10625
10 0.32578125 0.30625 0.084375 0.16171875
6 0.015625 0.2390625 0.0296875 0.0765625
10 0.0296875 0.28125 0.05859375 0.165625
6 0.059375 0.20625 0.0359375 0.07109375
9 0.04296875 0.14375 0.02890625 0.059375
9 0.08203125 0.1421875 0.03046875 0.065625
3 0.128125 0.13203125 0.02734375 0.05703125
6 0.33046875 0.12890625 0.02109375 0.05
6 0.2984375 0.15546875 0.02578125 0.05546875
3 0.37890625 0.13203125 0.01875 0.04921875
3 0.4234375 0.14453125 0.021875 0.059375
6 0.46015625 0.11640625 0.01953125 0.04375
10 0.45703125 0.13046875 0.03515625 0.07421875
3 0.27265625 0.1921875 0.02578125 0.06171875
3 0.26171875 0.23515625 0.0359375 0.0796875
3 0.21640625 0.259375 0.04609375 0.08828125
3 0.30390625 0.2703125 0.03828125 0.090625
6 0.334375 0.21328125 0.0296875 0.0640625
6 0.27890625 0.30390625 0.04609375 0.09296875
6 0.15546875 0.29296875 0.0453125 0.0984375
6 0.3984375 0.19375 0.02890625 0.06328125
6 0.4421875 0.24375 0.03515625 0.0796875
6 0.4828125 0.14296875 0.025 0.0546875
10 0.48828125 0.1609375 0.03671875 0.09375
3 0.46640625 0.19375 0.02578125 0.06484375
3 0.528125 0.23671875 0.0328125 0.08125
3 0.553125 0.14375 0.02421875 0.0546875
3 0.540625 0.32265625 0.03984375 0.10078125
3 0.634375 0.34609375 0.0484375 0.09609375
6 0.51953125 0.165625 0.025 0.05703125
6 0.56875 0.1921875 0.0234375 0.04921875
6 0.6328125 0.20703125 0.02890625 0.06328125
3 0.71796875 0.1734375 0.01796875 0.04375
3 0.7453125 0.1875 0.02421875 0.05625
3 0.796875 0.18125 0.0265625 0.0546875
3 0.76640625 0.19609375 0.02421875 0.05078125
3 0.8921875 0.17109375 0.025 0.0546875
6 0.82421875 0.1984375 0.0234375 0.05078125
6 0.8453125 0.2625 0.03046875 0.05859375
6 0.91953125 0.29609375 0.03828125 0.078125
9 0.43125 0.30078125 0.04609375 0.096875
9 0.978125 0.33046875 0.04375 0.12109375