10 0.075 0.24296875 0.0734375 0.1265625
10 0.09140625 0.165625 0.05546875 0.1140625
10 0.13515625 0.14296875 0.05859375 0.08046875
10 0.37890625 0.1375 0.05078125 0.075
10 0.30703125 0.175 0.03828125 0.09453125
10 0.26015625 0.246875 0.07421875 0.14453125
10 0.33984375 0.2515625 0.06015625 0.13515625
1 0.3171875 0.31171875 0.0875 0.13125
1 0.26328125 0.36796875 0.12734375 0.13828125
10 0.1609375 0.33359375 0.10625 0.18125
10 0.4203125 0.15625 0.05390625 0.08828125
10 0.4234375 0.25625 0.06171875 0.13984375
10 0.44453125 0.35625 0.103125 0.1734375
2 0.51484375 0.44296875 0.03984375 0.03828125
10 0.5171875 0.19140625 0.04921875 0.10390625
1 0.57109375 0.20625 0.06015625 0.08203125
10 0.52421875 0.25625 0.0671875 0.13828125
10 0.53828125 0.3515625 0.09453125 0.196875
10 0.646875 0.23046875 0.0578125 0.11484375
10 0.63359375 0.3734375 0.10078125 0.14453125
1 0.709375 0.17890625 0.0390625 0.05859375
1 0.73203125 0.19296875 0.059375 0.08203125
1 0.79609375 0.19140625 0.04453125 0.06484375
10 0.76328125 0.21875 0.05234375 0.09296875
10 0.81640625 0.21875 0.05546875 0.09296875
10 0.88515625 0.18984375 0.04375 0.090625
10 0.8671875 0.24921875 0.040625 0.09375
10 0.83671875 0.29296875 0.0640625 0.1234375
10 0.89453125 0.33046875 0.103125 0.178125
10 0.9609375 0.3734375 0.078125 0.21640625
10 0.5421875 0.153125 0.03125 0.07578125
10 0.0296875 0.28046875 0.05859375 0.16875
6 0.01328125 0.23984375 0.025 0.07421875
3 0.065625 0.21953125 0.0328125 0.0734375
6 0.053125 0.1546875 0.0296875 0.05546875
3 0.07890625 0.14296875 0.03046875 0.06484375
3 0.128125 0.13203125 0.02578125 0.0546875
9 0.33046875 0.13046875 0.0265625 0.05
3 0.37890625 0.12734375 0.01953125 0.053125
3 0.421875 0.14375 0.0234375 0.059375
6 0.3015625 0.15703125 0.02578125 0.05546875
6 0.33828125 0.17421875 0.028125 0.05625
6 0.3375 0.21796875 0.0296875 0.06640625
3 0.4109375 0.228125 0.03203125 0.075
3 0.38515625 0.215625 0.02890625 0.065625
3 0.4609375 0.20546875 0.028125 0.06640625
1 0.46328125 0.2234375 0.059375 0.10625
6 0.47421875 0.14296875 0.0234375 0.05625
6 0.4578125 0.13125 0.02109375 0.05078125
10 0.45390625 0.13828125 0.03046875 0.06875
10 0.47890625 0.1609375 0.034375 0.09453125
3 0.51796875 0.16796875 0.0234375 0.06171875
3 0.5375 0.1359375 0.01953125 0.04453125
9 0.5796875 0.19375 0.028125 0.05390625
6 0.65078125 0.20625 0.02734375 0.0640625
3 0.52578125 0.22890625 0.03359375 0.075
6 0.53984375 0.303125 0.0421875 0.0984375
3 0.45390625 0.31796875 0.03828125 0.09140625
3 0.63125 0.34921875 0.03984375 0.09375
3 0.31640625 0.30703125 0.03984375 0.08671875
9 0.26328125 0.21875 0.03828125 0.071875
3 0.20390625 0.30703125 0.0375 0.084375
3 0.24140625 0.3515625 0.05078125 0.09921875
3 0.15703125 0.30625 0.04921875 0.0984375
3 0.71640625 0.171875 0.01953125 0.04453125
3 0.746875 0.18125 0.02578125 0.053125
3 0.80078125 0.1859375 0.02578125 0.0546875
3 0.8234375 0.20234375 0.02421875 0.0546875
3 0.8921875 0.16875 0.025 0.05390625
6 0.8671875 0.2265625 0.02890625 0.0515625
6 0.76953125 0.19453125 0.02265625 0.05078125
6 0.83828125 0.26484375 0.03046875 0.06484375
6 0.915625 0.28046875 0.040625 0.0796875
7 0.8859375 0.40703125 0.04609375 0.034375
3 0.98359375 0.3171875 0.0328125 0.109375