10 0.06953125 0.246875 0.0875 0.13125
10 0.13515625 0.14296875 0.05546875 0.08046875
10 0.09140625 0.165625 0.05546875 0.1109375
10 0.38046875 0.13515625 0.04296875 0.08125
10 0.33125 0.14765625 0.0453125 0.08046875
10 0.30703125 0.17734375 0.03984375 0.096875
10 0.34140625 0.25234375 0.05859375 0.13828125
1 0.396875 0.2265625 0.06328125 0.08671875
10 0.41953125 0.15546875 0.05546875 0.08359375
10 0.475 0.21875 0.04140625 0.11484375
10 0.453125 0.259375 0.0828125 0.13046875
10 0.521875 0.25625 0.0578125 0.14140625
10 0.56953125 0.20546875 0.04765625 0.08359375
10 0.64453125 0.228125 0.05859375 0.11015625
10 0.596875 0.28125 0.0609375 0.10078125
10 0.64453125 0.353125 0.11484375 0.20078125
10 0.5375 0.34375 0.09765625 0.19453125
10 0.44375 0.34609375 0.0921875 0.18046875
1 0.26328125 0.36875 0.121875 0.13359375
10 0.31640625 0.30625 0.08515625 0.13828125
10 0.140625 0.340625 0.13515625 0.190625
10 0.21484375 0.30390625 0.0671875 0.13671875
10 0.265625 0.24375 0.0671875 0.13515625
1 0.70703125 0.18046875 0.03828125 0.05625
1 0.73359375 0.19296875 0.05703125 0.08203125
10 0.79140625 0.18125 0.04140625 0.08203125
10 0.76328125 0.21875 0.05546875 0.09296875
10 0.81640625 0.21875 0.05546875 0.090625
10 0.88515625 0.1890625 0.04296875 0.08515625
10 0.83203125 0.29296875 0.075 0.13046875
1 0.909375 0.35546875 0.0828125 0.12890625
10 0.9625 0.3796875 0.075 0.19375
10 0.0328125 0.15546875 0.05546875 0.0796875
10 0.54453125 0.15546875 0.040625 0.0765625
2 0.3984375 0.43125 0.06015625 0.03046875
2 0.51328125 0.44296875 0.0375 0.03203125
10 0.51875 0.184375 0.04609375 0.09375
10 0.86953125 0.24375 0.0375 0.09375
1 0.971875 0.2953125 0.05625 0.09375
3 0.0625 0.221875 0.03515625 0.06875
9 0.0375 0.14375 0.03203125 0.05703125
9 0.078125 0.14140625 0.0296875 0.06328125
3 0.128125 0.13203125 0.02734375 0.05546875
9 0.33203125 0.13125 0.02578125 0.05078125
6 0.3765625 0.12578125 0.02109375 0.0515625
6 0.4546875 0.11796875 0.02109375 0.04375
6 0.47890625 0.1359375 0.02109375 0.04375
6 0.46015625 0.15703125 0.02578125 0.05546875
6 0.4703125 0.19296875 0.028125 0.06015625
3 0.42265625 0.14375 0.02265625 0.05625
3 0.38828125 0.21796875 0.03203125 0.06796875
6 0.3390625 0.21171875 0.03046875 0.05546875
6 0.2703125 0.20859375 0.03515625 0.06875
3 0.215625 0.28125 0.0390625 0.08828125
3 0.24296875 0.35625 0.0484375 0.096875
3 0.32578125 0.29375 0.04296875 0.08671875
9 0.45390625 0.2984375 0.04375 0.08125
9 0.5375 0.30546875 0.0453125 0.1
3 0.45078125 0.23046875 0.03359375 0.0703125
6 0.5234375 0.22890625 0.03203125 0.07578125
6 0.51640625 0.165625 0.02578125 0.05546875
6 0.553125 0.14140625 0.02265625 0.04921875
6 0.56953125 0.1921875 0.02265625 0.0546875
6 0.64765625 0.20546875 0.02890625 0.06328125
3 0.61015625 0.26796875 0.03125 0.0734375
6 0.63203125 0.29296875 0.04296875 0.0859375
3 0.715625 0.16796875 0.01953125 0.04375
3 0.746875 0.17890625 0.02421875 0.0515625
3 0.78515625 0.16875 0.02421875 0.05390625
6 0.76953125 0.19296875 0.021875 0.04921875
6 0.8234375 0.19765625 0.02421875 0.05625
3 0.8921875 0.16796875 0.025 0.053125
3 0.8625 0.23046875 0.02421875 0.059375
6 0.84453125 0.265625 0.02890625 0.06328125
6 0.9078125 0.26796875 0.03828125 0.06171875
10 0.9015625 0.29296875 0.05 0.10625
3 0.9296875 0.33046875 0.04140625 0.08125
3 0.9859375 0.2890625 0.02734375 0.07109375
6 0.1609375 0.3015625 0.04609375 0.1046875