8 0.11484375 0.7546875 0.0703125 0.12421875
5 0.06015625 0.83046875 0.03515625 0.05
8 0.24453125 0.74296875 0.06875 0.1296875
3 0.23125 0.60546875 0.0453125 0.09296875
0 0.21328125 0.68125 0.0375 0.03671875
3 0.346875 0.60546875 0.0453125 0.0890625
0 0.33828125 0.68203125 0.03515625 0.0609375
3 0.52578125 0.6234375 0.04140625 0.08125
5 0.52890625 0.70390625 0.03828125 0.0296875
3 0.6265625 0.61640625 0.04609375 0.0890625
7 0.621875 0.69375 0.0578125 0.04609375
6 0.753125 0.5984375 0.0609375 0.11875
5 0.75390625 0.82578125 0.03359375 0.03671875
6 0.87578125 0.61875 0.05703125 0.10390625
2 0.9390625 0.84375 0.11484375 0.06484375
5 0.22890625 0.84140625 0.03125 0.0390625
1 0.10703125 0.7359375 0.15625 0.1796875
1 0.25390625 0.74296875 0.14921875 0.20703125
10 0.22890625 0.6296875 0.09296875 0.12578125
10 0.35234375 0.63828125 0.09375 0.159375
10 0.51953125 0.646875 0.10859375 0.1265625
10 0.62421875 0.63828125 0.0953125 0.14296875
10 0.73515625 0.68125 0.17734375 0.275
10 0.875 0.6984375 0.12109375 0.25546875