10 0.06640625 0.234375 0.08515625 0.13125
10 0.0890625 0.16171875 0.053125 0.11875
10 0.13828125 0.1359375 0.05625 0.09375
10 0.38125 0.14140625 0.0421875 0.06328125
10 0.30625 0.1765625 0.0390625 0.09375
10 0.33828125 0.24921875 0.053125 0.14453125
10 0.275 0.353125 0.10859375 0.171875
10 0.16484375 0.33671875 0.09609375 0.18046875
10 0.4203125 0.15546875 0.05390625 0.08359375
10 0.3984375 0.21875 0.0625 0.10390625
10 0.45 0.2609375 0.07734375 0.13125
10 0.44140625 0.34375 0.10390625 0.1859375
2 0.51484375 0.44296875 0.03984375 0.03828125
10 0.56875 0.20390625 0.0453125 0.08203125
10 0.534375 0.34921875 0.0890625 0.19375
10 0.63125 0.22890625 0.0578125 0.109375
10 0.63515625 0.371875 0.09765625 0.15546875
1 0.7109375 0.178125 0.0375 0.05390625
1 0.74453125 0.1859375 0.05078125 0.08125
1 0.79375 0.1875 0.03671875 0.06953125
10 0.76328125 0.21640625 0.04921875 0.09375
10 0.815625 0.21796875 0.05546875 0.0890625
10 0.884375 0.18984375 0.0421875 0.0890625
10 0.83828125 0.29296875 0.06953125 0.1234375
10 0.9015625 0.3359375 0.08203125 0.16796875
10 0.96015625 0.36875 0.07890625 0.21328125
10 0.553125 0.16171875 0.03203125 0.09375
10 0.03828125 0.1578125 0.04453125 0.08828125
10 0.33125 0.14609375 0.03984375 0.0859375
10 0.47578125 0.21953125 0.04921875 0.11953125
1 0.2125 0.3203125 0.06640625 0.1109375
10 0.525 0.19296875 0.05 0.08203125
6 0.0578125 0.20546875 0.03359375 0.06640625
3 0.040625 0.14765625 0.02890625 0.05625
9 0.0765625 0.13203125 0.028125 0.06015625
3 0.13203125 0.11875 0.02421875 0.06015625
6 0.32890625 0.13125 0.021875 0.0546875
3 0.37890625 0.13203125 0.021875 0.0484375
3 0.4234375 0.14375 0.02421875 0.06015625
6 0.3 0.15546875 0.02421875 0.05390625
6 0.3359375 0.21171875 0.03359375 0.05859375
3 0.278125 0.3109375 0.04296875 0.09375
3 0.20078125 0.309375 0.03671875 0.08125
6 0.1609375 0.29375 0.04375 0.09453125
3 0.2921875 0.2609375 0.04140625 0.090625
10 0.31640625 0.29609375 0.08515625 0.16328125
3 0.39765625 0.2015625 0.03046875 0.06484375
6 0.44765625 0.23203125 0.03359375 0.07421875
6 0.46640625 0.19375 0.02578125 0.06328125
6 0.48125 0.140625 0.02265625 0.0453125
10 0.4890625 0.16171875 0.03671875 0.09453125
3 0.53125 0.18046875 0.0234375 0.05703125
6 0.55078125 0.14375 0.02265625 0.05546875
3 0.5296875 0.2421875 0.03359375 0.06171875
6 0.4375 0.29375 0.04296875 0.08125
6 0.534375 0.29921875 0.0421875 0.09375
3 0.6421875 0.346875 0.04609375 0.09453125
3 0.621875 0.31171875 0.0328125 0.08046875
1 0.6046875 0.33671875 0.06640625 0.13125
1 0.59140625 0.29296875 0.06953125 0.10078125
3 0.6109375 0.278125 0.03203125 0.06484375
6 0.56953125 0.190625 0.02421875 0.0515625
6 0.634375 0.20625 0.02890625 0.0640625
3 0.71640625 0.17265625 0.01953125 0.04375
3 0.75625 0.1734375 0.0265625 0.05546875
3 0.76953125 0.19453125 0.02421875 0.05
3 0.79609375 0.18125 0.0265625 0.05625
3 0.8234375 0.19921875 0.02421875 0.05546875
6 0.85 0.2625 0.02734375 0.05625
3 0.8921875 0.16953125 0.025 0.0515625
6 0.909375 0.290625 0.0390625 0.071875
6 0.98046875 0.3109375 0.0390625 0.09453125
2 0.25546875 0.41171875 0.0734375 0.05859375