10 0.06640625 0.24609375 0.08828125 0.13046875
10 0.134375 0.14296875 0.0546875 0.08046875
10 0.090625 0.165625 0.0546875 0.11796875
10 0.38203125 0.1359375 0.04375 0.0703125
10 0.33125 0.1484375 0.04609375 0.09453125
10 0.30859375 0.17734375 0.03984375 0.09921875
10 0.34296875 0.2515625 0.0609375 0.1359375
1 0.396875 0.2265625 0.0609375 0.08828125
10 0.41953125 0.15625 0.05703125 0.084375
10 0.47265625 0.21796875 0.046875 0.11484375
10 0.44765625 0.25546875 0.07890625 0.13515625
10 0.52734375 0.2609375 0.06953125 0.14453125
10 0.56953125 0.2046875 0.04765625 0.08515625
10 0.64453125 0.2296875 0.05859375 0.1109375
10 0.596875 0.28828125 0.06328125 0.10546875
10 0.63203125 0.3765625 0.1 0.153125
10 0.5375 0.3515625 0.0953125 0.18671875
10 0.44609375 0.35078125 0.0890625 0.18125
1 0.26015625 0.36640625 0.12109375 0.13359375
10 0.315625 0.31328125 0.0890625 0.13671875
10 0.14375 0.34296875 0.13359375 0.184375
10 0.2171875 0.30390625 0.07265625 0.1390625
10 0.290625 0.2109375 0.0421875 0.10625
10 0.26328125 0.24453125 0.06796875 0.146875
1 0.709375 0.1796875 0.0390625 0.05546875
1 0.73125 0.19375 0.0578125 0.08046875
10 0.7828125 0.18203125 0.05625 0.07890625
10 0.76328125 0.22109375 0.05625 0.0859375
10 0.81640625 0.21875 0.05078125 0.09296875
10 0.88515625 0.1890625 0.04296875 0.08828125
10 0.834375 0.29453125 0.07578125 0.13359375
1 0.91328125 0.35 0.08828125 0.13125
10 0.9625 0.3875 0.075 0.19375
10 0.0328125 0.15625 0.05546875 0.07890625
10 0.55 0.165625 0.04765625 0.09609375
3 0.03515625 0.14453125 0.03125 0.05625
3 0.0765625 0.14296875 0.028125 0.06640625
3 0.12890625 0.134375 0.025 0.05546875
3 0.0578125 0.21796875 0.03359375 0.07109375
9 0.325 0.13125 0.0265625 0.053125
6 0.37734375 0.12578125 0.0203125 0.05
6 0.30234375 0.15546875 0.02421875 0.05390625
6 0.33828125 0.2109375 0.028125 0.05546875
6 0.28203125 0.1859375 0.02421875 0.05546875
3 0.42265625 0.14296875 0.02421875 0.05859375
3 0.38828125 0.21875 0.03203125 0.06484375
6 0.45390625 0.1203125 0.02109375 0.04609375
6 0.478125 0.13671875 0.02265625 0.04453125
6 0.4703125 0.19296875 0.028125 0.05859375
9 0.4390625 0.22890625 0.03125 0.075
6 0.51640625 0.1640625 0.02421875 0.053125
10 0.51953125 0.1859375 0.046875 0.0953125
9 0.54375 0.14296875 0.0234375 0.05
6 0.56953125 0.18984375 0.02265625 0.05
6 0.646875 0.20625 0.02890625 0.0640625
3 0.609375 0.2703125 0.03359375 0.07421875
6 0.5234375 0.22890625 0.02890625 0.0734375
3 0.21484375 0.2796875 0.0390625 0.08515625
3 0.3140625 0.29609375 0.040625 0.08671875
6 0.15 0.30546875 0.04609375 0.1
3 0.2375 0.35078125 0.04765625 0.09453125
2 0.3984375 0.43125 0.06015625 0.03125
9 0.44921875 0.30546875 0.0421875 0.08671875
9 0.53125 0.30625 0.046875 0.096875
2 0.5140625 0.44375 0.03828125 0.03359375
3 0.625 0.34453125 0.04453125 0.08984375
3 0.71640625 0.17265625 0.01875 0.04375
6 0.74375 0.18046875 0.02421875 0.0515625
3 0.7875 0.17265625 0.02421875 0.05625
3 0.775 0.20546875 0.025 0.05
6 0.825 0.20078125 0.0234375 0.05078125
3 0.89375 0.16953125 0.0265625 0.05078125
6 0.86640625 0.22890625 0.02578125 0.0515625
10 0.86875 0.2484375 0.03828125 0.09375
6 0.840625 0.26171875 0.02734375 0.05703125
6 0.909375 0.26796875 0.0390625 0.065625
10 0.9015625 0.29140625 0.05390625 0.10859375
3 0.98671875 0.284375 0.0265625 0.06953125
1 0.97265625 0.29296875 0.053125 0.0859375
6 0.26484375 0.21328125 0.034375 0.07578125
9 0.93359375 0.32890625 0.040625 0.08359375