2 0.23359375 0.1375 0.02890625 0.0140625
3 0.24140625 0.09765625 0.01484375 0.03046875
10 0.2453125 0.10859375 0.03828125 0.0546875
0 0.3890625 0.07734375 0.0140625 0.0140625
3 0.3953125 0.0484375 0.01484375 0.03125
10 0.38828125 0.05703125 0.04765625 0.05390625
2 0.42578125 0.07734375 0.02265625 0.0140625
2 0.53671875 0.0328125 0.01328125 0.01171875
0 0.5703125 0.03125 0.0109375 0.01328125
2 0.675 0.31171875 0.0328125 0.040625
7 0.70703125 0.3109375 0.03984375 0.03203125
3 0.70625 0.2390625 0.021875 0.04609375
10 0.70390625 0.2625 0.06171875 0.103125
2 0.89921875 0.39140625 0.0203125 0.028125