6 0.13359375 0.47578125 0.05859375 0.1
2 0.0890625 0.64609375 0.1125 0.0515625
6 0.2546875 0.50703125 0.05625 0.10703125
0 0.20234375 0.6546875 0.0453125 0.05703125
6 0.38828125 0.4890625 0.05 0.10546875
5 0.31875 0.6796875 0.0328125 0.03359375
6 0.43515625 0.48984375 0.04140625 0.0796875
8 0.61015625 0.5703125 0.059375 0.078125
8 0.70703125 0.56640625 0.04609375 0.08125
8 0.81171875 0.60859375 0.05078125 0.0984375
8 0.753125 0.6703125 0.071875 0.12578125
1 0.60234375 0.58046875 0.10390625 0.121875
1 0.70078125 0.58125 0.096875 0.11640625
1 0.81640625 0.61328125 0.10234375 0.11171875
1 0.74453125 0.6671875 0.165625 0.18984375
10 0.13359375 0.54375 0.1546875 0.228125
10 0.25078125 0.56484375 0.12578125 0.22421875
10 0.38359375 0.57109375 0.125 0.25859375
10 0.4453125 0.53515625 0.06796875 0.1515625