3 0.0859375 0.48828125 0.0625 0.11875
2 0.07890625 0.59921875 0.10390625 0.071875
3 0.240625 0.503125 0.0578125 0.109375
0 0.2234375 0.61484375 0.04921875 0.06640625
6 0.37578125 0.45390625 0.05703125 0.10703125
0 0.31015625 0.628125 0.0375 0.0515625
6 0.4109375 0.45546875 0.02890625 0.06640625
6 0.59765625 0.46171875 0.040625 0.08125
6 0.684375 0.4796875 0.0359375 0.07421875
6 0.7734375 0.4890625 0.03671875 0.07421875
6 0.73828125 0.51015625 0.05625 0.10546875
2 0.72265625 0.69375 0.09140625 0.05
1 0.1171875 0.5265625 0.1375 0.18359375
10 0.25 0.54375 0.11640625 0.184375
10 0.37421875 0.53203125 0.15390625 0.25
10 0.43203125 0.50078125 0.07421875 0.165625
10 0.58515625 0.50859375 0.10078125 0.16015625
10 0.6796875 0.52265625 0.08203125 0.14921875
10 0.7265625 0.58125 0.13828125 0.2265625
10 0.78046875 0.53046875 0.0609375 0.15703125