10 0.065625 0.24453125 0.08203125 0.115625
10 0.06015625 0.19453125 0.07421875 0.08984375
10 0.10546875 0.165625 0.0609375 0.10078125
10 0.14296875 0.14609375 0.05078125 0.07890625
10 0.3421875 0.1359375 0.03046875 0.08046875
10 0.37265625 0.13984375 0.046875 0.06484375
10 0.44453125 0.13203125 0.02890625 0.07890625
10 0.42109375 0.15703125 0.05078125 0.08828125
1 0.39765625 0.21953125 0.06640625 0.096875
10 0.46640625 0.2140625 0.071875 0.13515625
10 0.5171875 0.18671875 0.04765625 0.1015625
10 0.3421875 0.253125 0.05390625 0.13828125
1 0.56328125 0.21640625 0.04921875 0.059375
10 0.62421875 0.22890625 0.071875 0.10546875
1 0.59765625 0.28828125 0.06796875 0.09375
10 0.63828125 0.37421875 0.13359375 0.1640625
10 0.534375 0.35078125 0.0921875 0.19453125
10 0.4453125 0.35234375 0.0875 0.1859375
10 0.2515625 0.253125 0.06796875 0.11015625
1 0.2078125 0.31953125 0.06953125 0.1109375
10 0.278125 0.35546875 0.1140625 0.1546875
10 0.32109375 0.2921875 0.09453125 0.17890625
10 0.159375 0.33828125 0.1046875 0.1796875
2 0.259375 0.42734375 0.0703125 0.03828125
1 0.45 0.28125 0.071875 0.1
2 0.51640625 0.44296875 0.0375 0.03203125
10 0.7015625 0.175 0.04140625 0.09453125
1 0.73203125 0.190625 0.05859375 0.08203125
10 0.7671875 0.2203125 0.05703125 0.090625
10 0.8125 0.21796875 0.0484375 0.09296875
10 0.8859375 0.19765625 0.04921875 0.075
10 0.83984375 0.29453125 0.06796875 0.11875
10 0.89140625 0.34296875 0.09296875 0.16328125
10 0.9640625 0.378125 0.07109375 0.18359375
3 0.06796875 0.2265625 0.03359375 0.0734375
3 0.04921875 0.18359375 0.03125 0.06171875
9 0.09296875 0.1453125 0.0265625 0.059375
3 0.134375 0.13515625 0.02421875 0.05546875
6 0.153125 0.29609375 0.04453125 0.09140625
3 0.26875 0.3234375 0.0421875 0.09140625
3 0.2640625 0.23671875 0.034375 0.0734375
3 0.3 0.2484375 0.03828125 0.0890625
6 0.33203125 0.21640625 0.03046875 0.0640625
3 0.284375 0.18984375 0.0265625 0.0609375
6 0.3046875 0.1625 0.02734375 0.05625
3 0.32109375 0.14296875 0.0203125 0.05546875
3 0.3375 0.121875 0.01953125 0.0515625
3 0.3578125 0.1328125 0.01875 0.04921875
3 0.40625 0.209375 0.02890625 0.06640625
3 0.42265625 0.14296875 0.021875 0.05546875
3 0.44375 0.11796875 0.0203125 0.0453125
3 0.46171875 0.178125 0.0265625 0.06171875
6 0.5125 0.16640625 0.0234375 0.0546875
3 0.565625 0.21328125 0.02109375 0.05078125
10 0.565625 0.1765625 0.05859375 0.0765625
3 0.578125 0.1640625 0.02421875 0.05
6 0.45078125 0.30390625 0.0375 0.08671875
6 0.53203125 0.296875 0.03828125 0.0890625
6 0.61484375 0.20546875 0.025 0.05703125
3 0.61640625 0.28125 0.03046875 0.075
3 0.646875 0.34296875 0.0453125 0.10078125
0 0.64453125 0.43359375 0.05078125 0.0390625
3 0.7125 0.14921875 0.01484375 0.04375
3 0.746875 0.178125 0.0234375 0.0515625
3 0.77890625 0.20078125 0.02421875 0.04921875
9 0.80546875 0.19609375 0.0234375 0.05078125
3 0.896875 0.1890625 0.02421875 0.05
3 0.85859375 0.27421875 0.0296875 0.071875
3 0.8796875 0.3046875 0.03671875 0.08515625
3 0.9171875 0.26328125 0.03671875 0.0703125
10 0.925 0.28671875 0.05625 0.1203125
6 0.98203125 0.3359375 0.034375 0.09609375