3 0.15390625 0.65390625 0.03984375 0.078125
0 0.12578125 0.71640625 0.040625 0.0515625
8 0.22890625 0.69375 0.05 0.07421875
8 0.30703125 0.69375 0.05 0.07421875
3 0.39765625 0.61875 0.04375 0.08671875
7 0.371875 0.72265625 0.06875 0.0546875
3 0.56875 0.6640625 0.0421875 0.071875
0 0.56953125 0.71875 0.0375 0.03359375
8 0.76953125 0.6796875 0.059375 0.09609375
3 0.68828125 0.68046875 0.059375 0.13359375
0 0.69296875 0.82578125 0.0640625 0.06953125
8 0.878125 0.778125 0.0796875 0.1109375
5 0.8609375 0.85546875 0.06171875 0.03515625
1 0.234375 0.68125 0.10390625 0.12109375
1 0.31171875 0.69453125 0.0859375 0.08828125
1 0.55625 0.68125 0.1046875 0.11171875
1 0.76328125 0.6625 0.09375 0.14375
1 0.86328125 0.77578125 0.15546875 0.18671875
1 0.15 0.67890625 0.09921875 0.1234375
10 0.396875 0.6578125 0.08984375 0.15859375
10 0.68515625 0.74296875 0.16328125 0.2453125