10 0.06328125 0.24296875 0.08125 0.11953125
10 0.06328125 0.1734375 0.08046875 0.1296875
10 0.11015625 0.1671875 0.05546875 0.08984375
10 0.14140625 0.1484375 0.05078125 0.07890625
10 0.34140625 0.1328125 0.03203125 0.07890625
10 0.30625 0.17734375 0.0359375 0.08828125
10 0.371875 0.1359375 0.04453125 0.06875
10 0.425 0.15859375 0.04453125 0.090625
10 0.396875 0.21171875 0.06484375 0.11875
10 0.471875 0.21875 0.07265625 0.13359375
10 0.51796875 0.18671875 0.04453125 0.09375
10 0.3484375 0.25078125 0.05546875 0.13671875
10 0.5640625 0.203125 0.04765625 0.08359375
10 0.62578125 0.2296875 0.07109375 0.10546875
1 0.596875 0.28515625 0.06796875 0.09453125
10 0.63828125 0.37109375 0.13359375 0.16328125
10 0.534375 0.34921875 0.0921875 0.19375
10 0.44609375 0.35 0.08828125 0.18359375
10 0.2125 0.2984375 0.0765625 0.15703125
10 0.27578125 0.35546875 0.115625 0.15390625
10 0.325 0.296875 0.09296875 0.17578125
10 0.15078125 0.334375 0.11015625 0.18046875
2 0.259375 0.42734375 0.0703125 0.03828125
1 0.45078125 0.275 0.07421875 0.11875
2 0.53671875 0.4265625 0.0796875 0.03671875
10 0.703125 0.17421875 0.0421875 0.09453125
1 0.73203125 0.1921875 0.059375 0.08203125
1 0.76953125 0.22109375 0.05703125 0.08046875
10 0.8140625 0.21796875 0.04609375 0.09453125
10 0.8828125 0.19609375 0.05390625 0.078125
1 0.83203125 0.30546875 0.07265625 0.10546875
10 0.896875 0.3390625 0.0796875 0.15546875
10 0.9609375 0.36171875 0.07734375 0.209375
2 0.97890625 0.46796875 0.04140625 0.03203125
3 0.06875 0.221875 0.0296875 0.06875
3 0.05078125 0.14296875 0.03203125 0.0640625
3 0.0984375 0.15390625 0.025 0.059375
3 0.13046875 0.13671875 0.02421875 0.0546875
6 0.13984375 0.29453125 0.0421875 0.09609375
3 0.228125 0.26171875 0.04140625 0.08125
3 0.26875 0.3234375 0.0453125 0.09296875
3 0.2984375 0.25625 0.040625 0.08828125
6 0.27890625 0.21328125 0.03515625 0.06171875
6 0.34375 0.21171875 0.02890625 0.06015625
3 0.3046875 0.16171875 0.02421875 0.05546875
3 0.33671875 0.12109375 0.02109375 0.05078125
3 0.3625 0.13046875 0.02109375 0.05
6 0.40078125 0.184375 0.02890625 0.05546875
3 0.46484375 0.184375 0.02578125 0.0640625
3 0.415625 0.14296875 0.02265625 0.05625
10 0.4421875 0.1359375 0.03515625 0.08203125
3 0.44453125 0.11875 0.02109375 0.04921875
6 0.44140625 0.25546875 0.03046875 0.07109375
6 0.453125 0.303125 0.03671875 0.08671875
3 0.53828125 0.30234375 0.04140625 0.1046875
3 0.51796875 0.16875 0.0234375 0.05703125
6 0.5640625 0.18046875 0.02265625 0.040625
3 0.55703125 0.14921875 0.01953125 0.04453125
1 0.5484375 0.1578125 0.04296875 0.0640625
6 0.62265625 0.20703125 0.02578125 0.06171875
3 0.61328125 0.28046875 0.03359375 0.0703125
3 0.646875 0.34296875 0.04609375 0.09921875
0 0.64453125 0.43046875 0.05390625 0.04140625
3 0.7125 0.1484375 0.0171875 0.04375
3 0.746875 0.18046875 0.0234375 0.05078125
9 0.78515625 0.20703125 0.02421875 0.05078125
3 0.81015625 0.19609375 0.02265625 0.053125
3 0.89453125 0.184375 0.02578125 0.04921875
3 0.85078125 0.28828125 0.02734375 0.06875
0 0.85 0.33203125 0.0328125 0.0296875
6 0.909375 0.29921875 0.0359375 0.07109375
6 0.98203125 0.30625 0.03515625 0.09375