3 0.1171875 0.53671875 0.05859375 0.10703125
7 0.08125 0.64140625 0.1078125 0.0796875
6 0.27578125 0.49375 0.05 0.1
0 0.24296875 0.65703125 0.0328125 0.04453125
6 0.3921875 0.48046875 0.05078125 0.10390625
5 0.315625 0.68359375 0.0296875 0.03671875
3 0.4265625 0.503125 0.03359375 0.08359375
6 0.60078125 0.4890625 0.04140625 0.07421875
6 0.68515625 0.51640625 0.0375 0.0703125
6 0.78359375 0.5296875 0.0390625 0.08125
3 0.728125 0.59296875 0.0546875 0.11875
2 0.73671875 0.74375 0.0890625 0.05390625
10 0.13828125 0.5765625 0.12421875 0.17421875
10 0.271875 0.56484375 0.1125 0.228125
10 0.39375 0.5625 0.1453125 0.25625
10 0.44296875 0.53515625 0.06015625 0.1484375
10 0.590625 0.53828125 0.09609375 0.16953125
10 0.6828125 0.55703125 0.08671875 0.14609375
10 0.721875 0.6421875 0.14453125 0.21015625
10 0.78828125 0.57109375 0.07421875 0.15859375