6 0.95078125 0.453125 0.03359375 0.06640625
10 0.946875 0.49375 0.07578125 0.171875
6 0.89375 0.471875 0.0359375 0.08125
10 0.884375 0.50703125 0.08046875 0.153125
7 0.896875 0.56796875 0.05546875 0.04140625
6 0.82578125 0.41796875 0.02890625 0.05546875
10 0.815625 0.45625 0.07734375 0.1359375
2 0.809375 0.528125 0.03515625 0.02109375
3 0.87109375 0.44921875 0.0296875 0.06875
6 0.775 0.40546875 0.02265625 0.04375
10 0.7625 0.43203125 0.05390625 0.11171875
6 0.80390625 0.3765625 0.01796875 0.040625
10 0.8 0.39375 0.03515625 0.08515625
3 0.746875 0.32265625 0.01640625 0.0359375
10 0.74140625 0.3296875 0.03125 0.05703125
3 0.728125 0.39296875 0.0234375 0.05078125
10 0.7125 0.40625 0.05234375 0.08046875
3 0.70625 0.34453125 0.01796875 0.0390625
1 0.703125 0.353125 0.03203125 0.05625
6 0.6671875 0.328125 0.01484375 0.034375
10 0.665625 0.34296875 0.04296875 0.0640625
3 0.678125 0.3234375 0.01484375 0.03828125
6 0.6359375 0.3109375 0.015625 0.03515625
0 0.63828125 0.34375 0.02421875 0.021875
10 0.634375 0.3265625 0.03828125 0.06171875
6 0.57421875 0.41796875 0.028125 0.0609375
10 0.5703125 0.45625 0.06953125 0.1359375
7 0.42578125 0.503125 0.0296875 0.046875
6 0.49921875 0.41796875 0.0296875 0.05625
10 0.5015625 0.45625 0.071875 0.13203125
6 0.43671875 0.42578125 0.03046875 0.06171875
10 0.43125 0.46015625 0.07578125 0.13125
3 0.3609375 0.41171875 0.028125 0.06015625
10 0.365625 0.43046875 0.0765625 0.10078125
6 0.30390625 0.42109375 0.02890625 0.059375
10 0.30546875 0.45546875 0.07109375 0.12890625
3 0.27265625 0.4109375 0.02578125 0.06640625
10 0.25859375 0.42890625 0.0609375 0.10390625
6 0.4375 0.36796875 0.02265625 0.04375
10 0.440625 0.3921875 0.05234375 0.08984375
3 0.35 0.35625 0.02109375 0.05
10 0.34453125 0.38046875 0.053125 0.1
3 0.39921875 0.36171875 0.02109375 0.04453125
1 0.4046875 0.36640625 0.04765625 0.05390625
3 0.553125 0.3859375 0.02421875 0.05625
10 0.54140625 0.396875 0.046875 0.08046875
6 0.578125 0.34453125 0.01796875 0.0484375
10 0.57890625 0.35859375 0.03515625 0.08046875
0 0.41640625 0.31875 0.01484375 0.03359375
6 0.48671875 0.31796875 0.01796875 0.03984375
10 0.4875 0.33046875 0.03515625 0.06875
3 0.52578125 0.334375 0.01484375 0.0390625
10 0.525 0.3484375 0.0390625 0.05546875
6 0.53828125 0.28984375 0.01484375 0.03359375
10 0.53984375 0.29921875 0.0296875 0.05625
9 0.51796875 0.30390625 0.01640625 0.0390625
10 0.5140625 0.3140625 0.03203125 0.065625
6 0.4453125 0.3109375 0.0203125 0.04296875
10 0.44375 0.33125 0.04765625 0.08046875
6 0.41640625 0.290625 0.015625 0.03515625
10 0.4140625 0.30625 0.03984375 0.06796875
3 0.39140625 0.29921875 0.01484375 0.034375
10 0.38984375 0.30390625 0.0328125 0.04375
3 0.30703125 0.3484375 0.01875 0.0484375
10 0.30703125 0.3578125 0.04921875 0.06953125
3 0.33046875 0.31953125 0.01875 0.04140625
9 0.3484375 0.30546875 0.01875 0.0390625
10 0.35390625 0.31640625 0.03515625 0.0546875
3 0.1109375 0.42578125 0.02890625 0.0609375
1 0.1078125 0.43125 0.08046875 0.08046875
6 0.16796875 0.3421875 0.0234375 0.04921875
10 0.17890625 0.371875 0.06171875 0.10546875
2 0.17265625 0.43125 0.025 0.0140625
3 0.06953125 0.35703125 0.0203125 0.04453125
10 0.075 0.359375 0.0359375 0.05625
3 0.009375 0.38125 0.0171875 0.0453125
1 0.021875 0.384375 0.0421875 0.06953125
3 0.1109375 0.35390625 0.021875 0.04296875
9 0.14609375 0.31875 0.0203125 0.0390625
10 0.14140625 0.33046875 0.03359375 0.06328125
3 0.2171875 0.31015625 0.01640625 0.03671875
10 0.21953125 0.31640625 0.03515625 0.05390625