6 0.1171875 0.5015625 0.059375 0.1
2 0.1 0.65 0.128125 0.05546875
3 0.2484375 0.5296875 0.06015625 0.11875
0 0.21015625 0.653125 0.03984375 0.0609375
3 0.3828125 0.51171875 0.04765625 0.11875
0 0.36953125 0.6109375 0.05546875 0.05546875
2 0.3359375 0.69296875 0.096875 0.0515625
6 0.440625 0.49375 0.0359375 0.0703125
6 0.61015625 0.5 0.03984375 0.08125
0 0.60703125 0.6046875 0.0375 0.05
3 0.6890625 0.53828125 0.0375 0.0796875
6 0.79375 0.51875 0.03828125 0.0890625
3 0.75390625 0.596875 0.05703125 0.12421875
2 0.7453125 0.74375 0.09140625 0.0515625
1 0.690625 0.56796875 0.0953125 0.13125
1 0.73984375 0.63828125 0.13984375 0.21875
10 0.1328125 0.55703125 0.14921875 0.21015625
10 0.25234375 0.57421875 0.11875 0.190625
10 0.3875 0.57421875 0.12421875 0.23359375
10 0.45078125 0.62890625 0.06484375 0.34140625
10 0.6 0.546875 0.10078125 0.178125
10 0.7984375 0.5625 0.07109375 0.175