10 0.075 0.24296875 0.0734375 0.1265625
10 0.0921875 0.16640625 0.05546875 0.1140625
10 0.134375 0.14453125 0.0578125 0.08046875
10 0.378125 0.1390625 0.04296875 0.075
10 0.30703125 0.1765625 0.03828125 0.09375
10 0.259375 0.2484375 0.07421875 0.14375
10 0.340625 0.25390625 0.0609375 0.13125
1 0.31640625 0.31171875 0.08671875 0.13125
1 0.26328125 0.36796875 0.12734375 0.13828125
10 0.1625 0.340625 0.10234375 0.17578125
10 0.41953125 0.1578125 0.05546875 0.084375
10 0.4 0.26875 0.0890625 0.1203125
10 0.44453125 0.35546875 0.09921875 0.1703125
2 0.51484375 0.44296875 0.03984375 0.03828125
10 0.51953125 0.184375 0.046875 0.1
10 0.5640625 0.20546875 0.04609375 0.08203125
10 0.5265625 0.25625 0.06796875 0.13828125
10 0.5375 0.3546875 0.09609375 0.18515625
10 0.64765625 0.23046875 0.05859375 0.11484375
10 0.634375 0.35546875 0.10390625 0.18984375
1 0.709375 0.17890625 0.0390625 0.05859375
1 0.73203125 0.19296875 0.059375 0.08203125
1 0.79609375 0.19140625 0.04453125 0.06484375
10 0.76328125 0.21875 0.05234375 0.09296875
10 0.81640625 0.21875 0.05546875 0.09296875
10 0.88515625 0.18984375 0.04375 0.090625
10 0.865625 0.24296875 0.03984375 0.09375
10 0.83671875 0.29296875 0.0640625 0.1234375
10 0.90546875 0.3328125 0.08671875 0.17109375
10 0.96171875 0.36484375 0.0765625 0.2078125
10 0.5421875 0.15234375 0.03359375 0.075
10 0.0296875 0.28046875 0.05859375 0.16875
6 0.0140625 0.240625 0.02734375 0.07578125
3 0.065625 0.21953125 0.03046875 0.07109375
6 0.05390625 0.15625 0.02890625 0.053125
3 0.08046875 0.1421875 0.0296875 0.0640625
3 0.128125 0.134375 0.02421875 0.05625
3 0.32578125 0.14375 0.021875 0.04453125
3 0.38125 0.128125 0.02109375 0.05078125
3 0.42265625 0.14375 0.02421875 0.05625
6 0.3 0.1578125 0.02578125 0.0546875
6 0.3328125 0.21953125 0.03125 0.06796875
9 0.265625 0.21875 0.0390625 0.078125
3 0.31875 0.31328125 0.0390625 0.0796875
3 0.20546875 0.30703125 0.0390625 0.084375
6 0.1625 0.30390625 0.0453125 0.0984375
3 0.240625 0.34921875 0.0453125 0.09453125
9 0.3875 0.24921875 0.03515625 0.07890625
3 0.45390625 0.31796875 0.04296875 0.090625
1 0.4625 0.2265625 0.06015625 0.10078125
3 0.4609375 0.20625 0.028125 0.06328125
6 0.4546875 0.128125 0.02109375 0.05
10 0.45390625 0.13515625 0.03359375 0.06875
3 0.478125 0.14609375 0.02265625 0.053125
10 0.484375 0.16796875 0.03359375 0.09375
6 0.51796875 0.16328125 0.0234375 0.05625
3 0.52578125 0.228125 0.03125 0.078125
6 0.55703125 0.19296875 0.021875 0.053125
3 0.578125 0.178125 0.02578125 0.04921875
9 0.53203125 0.31171875 0.04609375 0.096875
9 0.63046875 0.3109375 0.05078125 0.09453125
6 0.6515625 0.20390625 0.02890625 0.06171875
3 0.71640625 0.171875 0.01953125 0.04453125
3 0.746875 0.18046875 0.02578125 0.05703125
3 0.8 0.18671875 0.02578125 0.053125
3 0.89296875 0.17109375 0.0234375 0.053125
3 0.825 0.2015625 0.0234375 0.05390625
3 0.8625 0.23125 0.0265625 0.05859375
6 0.9125 0.290625 0.03828125 0.07421875
6 0.83828125 0.26484375 0.028125 0.0609375
6 0.76875 0.1953125 0.02109375 0.0484375
6 0.9859375 0.30703125 0.02734375 0.10078125