6 0.16328125 0.63046875 0.05859375 0.109375
5 0.06015625 0.840625 0.03515625 0.03671875
6 0.2234375 0.59375 0.04375 0.07421875
6 0.28125 0.61640625 0.0578125 0.11875
6 0.35078125 0.57421875 0.04609375 0.08046875
5 0.234375 0.83046875 0.040625 0.0515625
3 0.51953125 0.6109375 0.040625 0.08046875
0 0.52578125 0.69296875 0.05703125 0.0515625
3 0.63203125 0.6109375 0.03984375 0.08046875
7 0.634375 0.696875 0.065625 0.06953125
6 0.74375 0.58828125 0.0546875 0.11328125
6 0.87109375 0.61171875 0.0578125 0.09375
7 0.940625 0.84375 0.1140625 0.0609375
5 0.75703125 0.828125 0.04296875 0.040625
10 0.1546875 0.70078125 0.11015625 0.2390625
10 0.225 0.6109375 0.06875 0.11875
10 0.28984375 0.69375 0.12890625 0.253125
10 0.35625 0.61875 0.08359375 0.1609375
10 0.5171875 0.6359375 0.10625 0.134375
10 0.62734375 0.63828125 0.10234375 0.1359375
10 0.74765625 0.68046875 0.16171875 0.3
10 0.878125 0.696875 0.12578125 0.2703125