3 0.21171875 0.4328125 0.02734375 0.05859375
10 0.2078125 0.453125 0.07109375 0.096875
3 0.11328125 0.41171875 0.02734375 0.0515625
1 0.1171875 0.41875 0.05078125 0.06875
3 0.25703125 0.39921875 0.021875 0.04453125
10 0.26953125 0.42578125 0.05546875 0.08828125
3 0.1609375 0.39140625 0.02421875 0.04609375
1 0.16484375 0.39296875 0.0515625 0.05078125
3 0.21171875 0.3859375 0.01953125 0.03828125
3 0.2390625 0.35078125 0.01875 0.03828125
3 0.2734375 0.3546875 0.01796875 0.0390625
10 0.27578125 0.365625 0.03984375 0.06328125
3 0.3078125 0.35078125 0.01953125 0.03671875
1 0.3109375 0.3546875 0.03515625 0.04453125
6 0.31953125 0.4515625 0.02578125 0.053125
10 0.328125 0.48125 0.06484375 0.11875
6 0.409375 0.45625 0.03046875 0.05625
10 0.40625 0.48359375 0.0703125 0.11875
3 0.51328125 0.49375 0.02890625 0.06640625
6 0.59140625 0.44453125 0.028125 0.06796875
10 0.59140625 0.48125 0.06640625 0.13515625
6 0.66640625 0.45546875 0.03203125 0.0609375
10 0.66953125 0.49140625 0.08515625 0.12890625
3 0.35390625 0.440625 0.02578125 0.059375
1 0.3671875 0.45625 0.05234375 0.096875
3 0.4296875 0.43125 0.02578125 0.06171875
10 0.440625 0.45625 0.0484375 0.11015625
6 0.39375 0.39296875 0.02265625 0.04140625
10 0.3921875 0.4171875 0.04609375 0.08828125
6 0.45078125 0.39296875 0.01875 0.040625
10 0.45625 0.41875 0.0265625 0.09296875
9 0.5265625 0.40390625 0.02109375 0.04921875
10 0.52109375 0.41953125 0.05390625 0.08984375
3 0.58203125 0.41484375 0.02265625 0.0484375
3 0.634375 0.41875 0.02109375 0.0515625
10 0.6265625 0.43125 0.03671875 0.0765625
6 0.65625 0.37734375 0.01796875 0.04140625
10 0.66015625 0.39296875 0.04296875 0.0734375
6 0.5421875 0.36796875 0.01875 0.04375
10 0.5484375 0.39140625 0.02890625 0.08125
3 0.49140625 0.37890625 0.01953125 0.040625
10 0.49140625 0.39375 0.04453125 0.071875
3 0.41953125 0.35625 0.01796875 0.03828125
10 0.4234375 0.36796875 0.03125 0.0640625
3 0.43671875 0.34375 0.0140625 0.03515625
10 0.44140625 0.3515625 0.03203125 0.0515625
3 0.475 0.3359375 0.01484375 0.034375
10 0.475 0.33671875 0.02890625 0.04453125
3 0.50625 0.340625 0.01484375 0.0359375
10 0.50625 0.346875 0.03359375 0.05625
3 0.54375 0.340625 0.02109375 0.0296875
6 0.575 0.3515625 0.01796875 0.03515625
10 0.57578125 0.36796875 0.034375 0.06640625
3 0.6 0.33046875 0.01328125 0.03359375
10 0.59453125 0.34296875 0.02421875 0.053125
3 0.61640625 0.36796875 0.015625 0.03046875
10 0.61328125 0.38046875 0.03984375 0.05
3 0.7203125 0.34375 0.0125 0.0296875
3 0.73203125 0.3546875 0.015625 0.03515625
10 0.73125 0.36796875 0.03359375 0.06328125
3 0.78046875 0.35546875 0.0171875 0.0390625
10 0.77578125 0.3609375 0.02734375 0.04375
6 0.75546875 0.36875 0.0140625 0.03671875
3 0.79765625 0.36796875 0.01796875 0.04140625
3 0.8578125 0.3484375 0.0171875 0.0390625
10 0.85390625 0.35703125 0.03359375 0.05625
3 0.83203125 0.38828125 0.02109375 0.03828125
6 0.81953125 0.409375 0.01796875 0.04453125
10 0.81484375 0.43046875 0.04765625 0.08515625
3 0.8765625 0.4453125 0.02578125 0.06484375
10 0.8640625 0.46875 0.05625 0.11328125
3 0.9390625 0.46640625 0.03828125 0.06953125
10 0.9171875 0.496875 0.08203125 0.13125
7 0.934375 0.5390625 0.04609375 0.05
1 0.51484375 0.50390625 0.07265625 0.0890625
10 0.79375 0.38125 0.03984375 0.06796875
2 0.16328125 0.54296875 0.03828125 0.025
2 0.26875 0.45859375 0.02734375 0.02421875
10 0.753125 0.38046875 0.0328125 0.06640625