8 0.115625 0.75546875 0.071875 0.11640625
5 0.06015625 0.83203125 0.03984375 0.0390625
3 0.22890625 0.60546875 0.04296875 0.090625
0 0.2125 0.68125 0.0421875 0.03671875
8 0.24375 0.73828125 0.0671875 0.12421875
3 0.34765625 0.60078125 0.04765625 0.08671875
0 0.33828125 0.68203125 0.03671875 0.05
3 0.52421875 0.61953125 0.0390625 0.08671875
5 0.52890625 0.703125 0.04296875 0.02421875
3 0.62890625 0.61484375 0.05 0.0890625
7 0.62578125 0.69375 0.06640625 0.059375
6 0.75234375 0.5984375 0.0546875 0.11875
5 0.75390625 0.8265625 0.03515625 0.0390625
6 0.87578125 0.61484375 0.059375 0.10390625
2 0.9375 0.84375 0.1140625 0.059375
5 0.22734375 0.83515625 0.0296875 0.04453125
1 0.11015625 0.73203125 0.16640625 0.1859375
1 0.25546875 0.74140625 0.146875 0.20390625
10 0.228125 0.63203125 0.0984375 0.1390625
10 0.353125 0.6359375 0.09296875 0.15859375
10 0.5171875 0.64453125 0.09921875 0.13203125
10 0.62578125 0.6484375 0.09765625 0.12890625
10 0.7359375 0.68671875 0.171875 0.28046875
10 0.87265625 0.696875 0.11796875 0.25