3 0.1546875 0.6546875 0.04609375 0.07578125
0 0.12578125 0.715625 0.04609375 0.04296875
8 0.23125 0.69375 0.05 0.09296875
8 0.30703125 0.6984375 0.05234375 0.07109375
3 0.3984375 0.61875 0.04609375 0.08125
7 0.37265625 0.7296875 0.06484375 0.0515625
3 0.56953125 0.65703125 0.04453125 0.0609375
0 0.5734375 0.71796875 0.04453125 0.04296875
8 0.7671875 0.68046875 0.05703125 0.0890625
8 0.88203125 0.78046875 0.06953125 0.1109375
5 0.859375 0.85625 0.0515625 0.0296875
3 0.69140625 0.68125 0.065625 0.13125
0 0.69453125 0.82578125 0.0625 0.07421875
1 0.153125 0.6765625 0.09921875 0.128125
10 0.396875 0.659375 0.0953125 0.15546875
10 0.68515625 0.74296875 0.15703125 0.25
1 0.23203125 0.68515625 0.10078125 0.11875
1 0.31015625 0.69296875 0.0875 0.0859375
1 0.55859375 0.6828125 0.10546875 0.11171875
1 0.76328125 0.66171875 0.090625 0.13046875
1 0.86171875 0.76875 0.14765625 0.18515625