6 0.13515625 0.48046875 0.06328125 0.10390625
2 0.0921875 0.64921875 0.10859375 0.05390625
6 0.25703125 0.5046875 0.05390625 0.11640625
0 0.20390625 0.65390625 0.04609375 0.06328125
6 0.38828125 0.48984375 0.04765625 0.0984375
5 0.32265625 0.6796875 0.02890625 0.03359375
6 0.4390625 0.49296875 0.0375 0.07421875
8 0.6109375 0.5796875 0.05703125 0.09609375
8 0.7109375 0.56171875 0.04609375 0.090625
8 0.81640625 0.6109375 0.065625 0.09453125
8 0.75703125 0.6796875 0.07421875 0.1296875
1 0.6 0.57890625 0.1046875 0.12109375
1 0.6984375 0.58046875 0.09296875 0.12421875
1 0.81875 0.61171875 0.10546875 0.109375
1 0.7453125 0.665625 0.16328125 0.178125
10 0.134375 0.54609375 0.14609375 0.2296875
10 0.2578125 0.56328125 0.11484375 0.22421875
10 0.38828125 0.56796875 0.11953125 0.2515625
10 0.44765625 0.53671875 0.06796875 0.15390625