6 0.215625 0.575 0.046875 0.10546875
5 0.140625 0.76640625 0.0390625 0.03671875
3 0.27578125 0.56953125 0.034375 0.071875
0 0.2734375 0.63828125 0.03984375 0.03125
6 0.31640625 0.58515625 0.06171875 0.11875
0 0.29453125 0.73828125 0.05390625 0.09453125
3 0.3984375 0.55390625 0.04453125 0.09296875
0 0.39375 0.64609375 0.0421875 0.040625
3 0.56484375 0.58046875 0.0421875 0.06484375
3 0.60078125 0.621875 0.05859375 0.11875
0 0.59765625 0.76875 0.0625 0.07421875
6 0.73828125 0.5703125 0.053125 0.10703125
3 0.86015625 0.6390625 0.06484375 0.11484375
2 0.91171875 0.80390625 0.1390625 0.06640625
1 0.40859375 0.596875 0.090625 0.16640625
1 0.56015625 0.609375 0.08984375 0.13046875
1 0.275 0.603125 0.05078125 0.13515625
10 0.20546875 0.65 0.11484375 0.24296875
10 0.315625 0.6609375 0.1453125 0.253125
10 0.59453125 0.68046875 0.14140625 0.23984375
10 0.734375 0.65703125 0.1375 0.275
10 0.859375 0.68671875 0.12890625 0.20703125