10 0.071875 0.253125 0.0890625 0.128125
10 0.059375 0.17890625 0.07890625 0.11953125
10 0.140625 0.14296875 0.05390625 0.0734375
10 0.3359375 0.14375 0.05 0.0890625
10 0.30859375 0.175 0.0390625 0.09453125
10 0.3796875 0.13984375 0.04296875 0.06640625
10 0.41953125 0.15625 0.05390625 0.08203125
10 0.478125 0.16171875 0.03828125 0.10546875
10 0.47578125 0.21953125 0.05546875 0.12578125
10 0.52265625 0.1859375 0.04921875 0.10546875
10 0.55078125 0.14296875 0.03828125 0.0765625
10 0.57109375 0.20703125 0.0484375 0.07109375
10 0.63203125 0.2296875 0.05546875 0.10546875
10 0.64453125 0.36875 0.13515625 0.1796875
10 0.603125 0.33203125 0.065625 0.12890625
1 0.596875 0.28828125 0.06484375 0.09453125
10 0.53828125 0.35546875 0.09453125 0.17578125
10 0.44453125 0.35078125 0.10078125 0.18671875
1 0.446875 0.278125 0.0765625 0.109375
1 0.39765625 0.2265625 0.06171875 0.0859375
10 0.328125 0.30546875 0.0734375 0.1484375
10 0.34140625 0.2484375 0.04453125 0.13046875
10 0.2703125 0.2453125 0.07109375 0.128125
10 0.27421875 0.34609375 0.1140625 0.1765625
10 0.215625 0.30390625 0.0796875 0.146875
10 0.1625 0.33671875 0.0984375 0.18046875
1 0.7140625 0.17421875 0.04140625 0.05546875
1 0.73203125 0.1921875 0.059375 0.07890625
10 0.76484375 0.21875 0.0484375 0.09609375
10 0.81015625 0.21796875 0.04453125 0.08828125
1 0.88828125 0.20078125 0.05234375 0.06953125
10 0.840625 0.30390625 0.07578125 0.11796875
10 0.9 0.334375 0.07890625 0.15546875
10 0.96015625 0.36796875 0.07890625 0.20625
3 0.0625 0.2234375 0.0328125 0.06953125
3 0.04453125 0.15625 0.03203125 0.06953125
10 0.090625 0.1671875 0.0578125 0.103125
3 0.07578125 0.14609375 0.028125 0.06171875
3 0.13203125 0.140625 0.025 0.05703125
6 0.340625 0.1296875 0.0234375 0.05
3 0.375 0.13203125 0.0203125 0.05
3 0.421875 0.14296875 0.02265625 0.05625
6 0.44375 0.1140625 0.01953125 0.05078125
10 0.44453125 0.13125 0.02890625 0.0859375
3 0.30234375 0.1609375 0.02578125 0.05625
6 0.2875 0.21796875 0.0328125 0.06796875
6 0.3359375 0.21796875 0.02890625 0.065625
3 0.32265625 0.28046875 0.04140625 0.08671875
3 0.2703125 0.30859375 0.04375 0.09921875
2 0.259375 0.41953125 0.0734375 0.02890625
3 0.19453125 0.28046875 0.03828125 0.09453125
6 0.159375 0.29375 0.04296875 0.0953125
3 0.390625 0.21796875 0.0296875 0.0640625
6 0.47265625 0.13359375 0.02421875 0.0484375
3 0.46484375 0.19375 0.02734375 0.06796875
6 0.4546875 0.29453125 0.040625 0.084375
3 0.4421875 0.25703125 0.03359375 0.07109375
6 0.54453125 0.315625 0.04140625 0.0953125
2 0.515625 0.44375 0.03828125 0.03671875
3 0.5328125 0.27265625 0.03046875 0.08046875
3 0.51875 0.16875 0.02421875 0.0609375
6 0.55390625 0.13046875 0.01953125 0.04609375
0 0.5546875 0.14296875 0.021875 0.03359375
3 0.5734375 0.2015625 0.02265625 0.053125
6 0.62890625 0.20546875 0.02578125 0.059375
3 0.61328125 0.27578125 0.03203125 0.06953125
3 0.725 0.16796875 0.01953125 0.04140625
3 0.74453125 0.18125 0.02421875 0.053125
9 0.77265625 0.19296875 0.02265625 0.053125
9 0.80625 0.203125 0.02421875 0.05390625
3 0.8984375 0.19296875 0.02578125 0.05078125
3 0.8625 0.28046875 0.02890625 0.0703125
6 0.90625 0.29375 0.03828125 0.071875
7 0.846875 0.3421875 0.0421875 0.02890625
6 0.98046875 0.3109375 0.0390625 0.09140625
3 0.621875 0.3109375 0.03203125 0.0796875
0 0.6546875 0.43046875 0.05234375 0.04296875
3 0.6515625 0.3359375 0.04765625 0.10546875
2 0.8953125 0.41640625 0.0359375 0.02578125
2 0.978125 0.46796875 0.04140625 0.03046875