6 0.1828125 0.59453125 0.05859375 0.12578125
5 0.140625 0.76640625 0.0359375 0.03671875
3 0.27578125 0.56875 0.040625 0.0890625
0 0.2734375 0.640625 0.0375 0.03671875
6 0.32109375 0.5890625 0.0578125 0.12578125
0 0.28828125 0.75625 0.05625 0.071875
3 0.40078125 0.55625 0.04296875 0.090625
0 0.39296875 0.6515625 0.0359375 0.0515625
3 0.5671875 0.56875 0.03125 0.0703125
3 0.60078125 0.60546875 0.05078125 0.11484375
0 0.596875 0.76875 0.0578125 0.0515625
6 0.73515625 0.53203125 0.05078125 0.0984375
5 0.75 0.796875 0.0421875 0.04453125
6 0.865625 0.5796875 0.05546875 0.10390625
2 0.91640625 0.80390625 0.13515625 0.0515625
10 0.17734375 0.64921875 0.13671875 0.225
10 0.3171875 0.65625 0.13515625 0.25703125
10 0.4078125 0.59453125 0.08828125 0.16015625
10 0.59296875 0.67421875 0.14453125 0.25390625
10 0.73828125 0.63984375 0.13203125 0.3015625
10 0.86015625 0.65625 0.12421875 0.26484375
1 0.271875 0.596875 0.06640625 0.13828125
1 0.5578125 0.60390625 0.07421875 0.13828125