6 0.18203125 0.59375 0.06875 0.11640625
5 0.1390625 0.76796875 0.03203125 0.04296875
3 0.27578125 0.575 0.03515625 0.08359375
0 0.2703125 0.640625 0.03359375 0.03671875
6 0.31953125 0.58046875 0.06171875 0.128125
0 0.28828125 0.75625 0.05703125 0.071875
3 0.40390625 0.55546875 0.04140625 0.090625
0 0.3921875 0.653125 0.03359375 0.05703125
3 0.57109375 0.56640625 0.0328125 0.06640625
3 0.59765625 0.60703125 0.05390625 0.121875
0 0.5953125 0.76875 0.059375 0.059375
6 0.75390625 0.55546875 0.05390625 0.11875
5 0.74765625 0.79375 0.04296875 0.040625
6 0.875 0.61640625 0.0625 0.1296875
2 0.92265625 0.80703125 0.13984375 0.06328125
10 0.17890625 0.64765625 0.13671875 0.2265625
10 0.31875 0.65625 0.13203125 0.253125
1 0.40625 0.5984375 0.08828125 0.16875
10 0.5921875 0.6734375 0.140625 0.253125
10 0.746875 0.646875 0.12734375 0.28671875
10 0.86796875 0.6765625 0.13046875 0.23125
10 0.271875 0.59375 0.07265625 0.13125
1 0.55625 0.60546875 0.07578125 0.1390625