2 0.2328125 0.13828125 0.02890625 0.015625
3 0.2421875 0.0953125 0.0140625 0.0296875
10 0.24296875 0.10703125 0.03984375 0.05703125
0 0.3875 0.07734375 0.01484375 0.015625
3 0.38359375 0.03828125 0.0140625 0.0296875
10 0.38984375 0.05234375 0.05 0.06171875
2 0.42578125 0.07734375 0.021875 0.01171875
2 0.5375 0.03203125 0.01328125 0.0109375
0 0.57421875 0.03125 0.01328125 0.01328125
2 0.675 0.31171875 0.0328125 0.040625
7 0.70703125 0.3078125 0.03828125 0.03203125
3 0.71640625 0.25703125 0.021875 0.04375
1 0.70546875 0.2671875 0.06796875 0.10078125
2 0.89921875 0.39140625 0.02109375 0.028125