8 0.115625 0.75546875 0.078125 0.11875
5 0.06015625 0.83046875 0.0375 0.0515625
6 0.2328125 0.60390625 0.04140625 0.0890625
0 0.21015625 0.68046875 0.04140625 0.040625
8 0.2421875 0.74375 0.06640625 0.121875
3 0.3484375 0.59375 0.04375 0.0890625
0 0.3359375 0.68515625 0.0375 0.05546875
3 0.5234375 0.621875 0.03828125 0.08125
5 0.53125 0.7 0.034375 0.03125
3 0.634375 0.61015625 0.0421875 0.08125
7 0.62890625 0.69375 0.065625 0.04609375
6 0.7515625 0.6015625 0.06015625 0.11484375
5 0.75390625 0.8296875 0.03359375 0.04453125
6 0.87265625 0.61875 0.05703125 0.1109375
2 0.9390625 0.84296875 0.1125 0.06328125
1 0.10546875 0.73125 0.15859375 0.18359375
1 0.25703125 0.746875 0.14375 0.21171875
10 0.2296875 0.63359375 0.09140625 0.13828125
10 0.35390625 0.6375 0.08203125 0.1453125
10 0.51796875 0.64140625 0.1078125 0.1296875
10 0.62578125 0.64453125 0.09765625 0.13984375
10 0.73203125 0.69375 0.17421875 0.2796875
10 0.88203125 0.6984375 0.121875 0.25625