6 0.09609375 0.6390625 0.0671875 0.13671875
5 0.04453125 0.846875 0.053125 0.03046875
6 0.24765625 0.58671875 0.05 0.08046875
8 0.19765625 0.75546875 0.078125 0.1109375
6 0.346875 0.56875 0.0453125 0.071875
5 0.32578125 0.709375 0.025 0.03046875
6 0.49140625 0.5734375 0.03984375 0.08046875
6 0.60546875 0.56875 0.0421875 0.08125
5 0.61171875 0.70546875 0.0265625 0.03359375
3 0.5109375 0.70546875 0.06015625 0.11640625
0 0.53828125 0.8109375 0.0375 0.05625
6 0.70078125 0.60625 0.05546875 0.1109375
5 0.69765625 0.821875 0.03515625 0.04375
3 0.84375 0.65625 0.0671875 0.12578125
2 0.88515625 0.81875 0.09765625 0.06484375
10 0.10625 0.70078125 0.134375 0.25625
10 0.25 0.63125 0.096875 0.16796875
10 0.34453125 0.62578125 0.09296875 0.17109375
10 0.49140625 0.6125 0.09921875 0.16015625
10 0.60625 0.61875 0.1015625 0.1703125
1 0.53359375 0.73828125 0.1359375 0.20078125
10 0.709375 0.69296875 0.128125 0.26484375
10 0.85625 0.709375 0.1359375 0.21953125
1 0.21875 0.74609375 0.15078125 0.2140625