7 0.23671875 0.13671875 0.028125 0.015625
3 0.2390625 0.103125 0.01484375 0.0265625
10 0.24296875 0.11640625 0.0421875 0.05390625
7 0.3859375 0.0796875 0.02421875 0.01875
3 0.390625 0.04296875 0.01640625 0.03125
10 0.39375 0.05625 0.04140625 0.059375
2 0.42578125 0.07734375 0.02265625 0.01171875
0 0.57578125 0.03203125 0.01328125 0.0140625
2 0.67421875 0.31171875 0.0328125 0.03984375
7 0.70390625 0.30625 0.03984375 0.03359375
3 0.709375 0.2453125 0.021875 0.04296875
10 0.6953125 0.26015625 0.0609375 0.1015625
2 0.9 0.3921875 0.0203125 0.0265625