10 0.06484375 0.24375 0.0828125 0.11953125
10 0.09609375 0.165625 0.0515625 0.103125
10 0.1375 0.15078125 0.04921875 0.06953125
10 0.14375 0.3390625 0.12421875 0.178125
10 0.27734375 0.35546875 0.1140625 0.15546875
1 0.25 0.25546875 0.0734375 0.10078125
10 0.32109375 0.29765625 0.07890625 0.16796875
10 0.3015625 0.16875 0.04921875 0.1
10 0.378125 0.134375 0.0453125 0.075
1 0.396875 0.2265625 0.0671875 0.08984375
10 0.42109375 0.1578125 0.05703125 0.0859375
10 0.44453125 0.13046875 0.02890625 0.0796875
10 0.4640625 0.21796875 0.06875 0.13203125
1 0.44765625 0.28125 0.07265625 0.103125
10 0.446875 0.346875 0.08984375 0.18125
10 0.53515625 0.34375 0.09296875 0.190625
10 0.51875 0.19296875 0.04609375 0.084375
10 0.5640625 0.1703125 0.05625 0.08359375
10 0.5640625 0.2078125 0.04609375 0.0765625
10 0.6375 0.22890625 0.0578125 0.10625
1 0.59765625 0.290625 0.06953125 0.08984375
10 0.640625 0.37265625 0.13359375 0.16953125
0 0.64375 0.43046875 0.05234375 0.0390625
1 0.7421875 0.18828125 0.053125 0.08046875
10 0.76640625 0.21875 0.05234375 0.090625
10 0.815625 0.20859375 0.05234375 0.10078125
10 0.88203125 0.1859375 0.04140625 0.09453125
10 0.834375 0.3 0.075 0.1203125
10 0.89609375 0.33828125 0.08203125 0.15625
10 0.95 0.2859375 0.0453125 0.10546875
2 0.26015625 0.4265625 0.06953125 0.03515625
2 0.515625 0.44296875 0.03828125 0.03203125
2 0.978125 0.46875 0.04375 0.03125
10 0.340625 0.2484375 0.04609375 0.14140625
10 0.94453125 0.37109375 0.11015625 0.19375
10 0.70390625 0.1765625 0.04296875 0.1
3 0.06484375 0.22265625 0.03515625 0.075
9 0.084375 0.14296875 0.02734375 0.05859375
3 0.1265625 0.14296875 0.02578125 0.053125
6 0.159375 0.29453125 0.04296875 0.09140625
1 0.215625 0.31875 0.0734375 0.11484375
3 0.2671875 0.32265625 0.04453125 0.08828125
3 0.3078125 0.26015625 0.040625 0.09453125
3 0.2671875 0.24296875 0.034375 0.0765625
6 0.334375 0.2109375 0.02890625 0.05859375
6 0.30703125 0.14375 0.025 0.04921875
6 0.31953125 0.13125 0.02109375 0.05078125
10 0.32578125 0.140625 0.03359375 0.071875
3 0.3359375 0.12109375 0.01875 0.0515625
9 0.36953125 0.12734375 0.02109375 0.05078125
3 0.39765625 0.21875 0.02890625 0.06484375
3 0.4234375 0.14375 0.02265625 0.0546875
6 0.43984375 0.11640625 0.0203125 0.0453125
6 0.4546875 0.2984375 0.03515625 0.08203125
6 0.46484375 0.18125 0.02734375 0.053125
3 0.51953125 0.18046875 0.02421875 0.05703125
3 0.57109375 0.15546875 0.0234375 0.04609375
6 0.56875 0.19609375 0.0234375 0.04921875
6 0.53828125 0.296875 0.03828125 0.09375
3 0.64453125 0.3421875 0.04921875 0.09921875
6 0.6359375 0.20625 0.028125 0.0609375
3 0.7109375 0.14765625 0.01875 0.04375
9 0.75546875 0.17734375 0.02578125 0.053125
3 0.778125 0.1984375 0.02421875 0.05390625
3 0.81640625 0.1890625 0.02421875 0.053125
9 0.8875 0.16796875 0.0265625 0.053125
3 0.8515625 0.2734375 0.03125 0.06796875
6 0.90625 0.2984375 0.03828125 0.07109375
6 0.9546875 0.26328125 0.02890625 0.05546875
3 0.98125 0.32578125 0.0359375 0.1046875
10 0.05859375 0.19296875 0.07578125 0.0984375
3 0.05390625 0.17109375 0.03125 0.05703125