5 0.0140625 0.6640625 0.02734375 0.0390625
3 0.06015625 0.60390625 0.0625 0.11875
6 0.171875 0.5984375 0.0609375 0.1296875
7 0.1390625 0.76171875 0.075 0.05546875
3 0.29453125 0.55546875 0.04375 0.08125
7 0.275 0.646875 0.0640625 0.05546875
3 0.3765625 0.59375 0.06015625 0.1296875
5 0.31953125 0.76328125 0.0375 0.03671875
7 0.3765625 0.74296875 0.09140625 0.078125
3 0.471875 0.521875 0.0359375 0.09453125
0 0.475 0.61875 0.0359375 0.0390625
3 0.6671875 0.525 0.059375 0.13125
3 0.73828125 0.48046875 0.04140625 0.090625
3 0.83515625 0.4546875 0.04375 0.090625
3 0.80078125 0.5234375 0.07109375 0.14453125
7 0.83828125 0.68125 0.08359375 0.12578125
2 0.96640625 0.509375 0.059375 0.13125
10 0.07734375 0.65546875 0.10859375 0.1984375
10 0.1734375 0.66015625 0.14140625 0.23515625
10 0.3015625 0.57734375 0.10078125 0.14140625
10 0.39765625 0.64921875 0.15234375 0.23046875
10 0.48359375 0.55234375 0.10078125 0.1734375
10 0.66875 0.603125 0.13359375 0.271875
10 0.73984375 0.49375 0.0734375 0.13515625
10 0.8140625 0.59921875 0.16328125 0.2734375
10 0.84453125 0.48359375 0.078125 0.1296875
10 0.946875 0.57578125 0.10625 0.2609375