6 0.09453125 0.640625 0.075 0.13359375
5 0.04453125 0.8484375 0.05546875 0.04453125
3 0.24921875 0.58046875 0.0453125 0.090625
8 0.19453125 0.76484375 0.07734375 0.1296875
6 0.34296875 0.5796875 0.0453125 0.08125
5 0.32578125 0.71015625 0.025 0.03125
6 0.4921875 0.56640625 0.040625 0.08125
3 0.51640625 0.69375 0.05859375 0.11875
0 0.53828125 0.81015625 0.040625 0.05546875
6 0.621875 0.57578125 0.03984375 0.1
3 0.70078125 0.61015625 0.05546875 0.10546875
5 0.696875 0.82578125 0.0328125 0.03671875
3 0.83515625 0.66875 0.05625 0.11953125
2 0.88203125 0.82421875 0.09609375 0.06875
10 0.10625 0.70390625 0.13203125 0.26015625
10 0.253125 0.6265625 0.0921875 0.18125
10 0.34296875 0.625 0.08828125 0.171875
10 0.49375 0.61171875 0.10234375 0.17109375
1 0.53203125 0.73125 0.13515625 0.215625
10 0.61328125 0.61796875 0.10859375 0.17890625
10 0.709375 0.6875 0.12890625 0.26953125
10 0.85234375 0.71953125 0.1296875 0.209375
1 0.21953125 0.74921875 0.14296875 0.20546875