10 0.06328125 0.2359375 0.0875 0.13125
10 0.09453125 0.15625 0.05078125 0.1140625
1 0.13671875 0.153125 0.0484375 0.075
10 0.16875 0.33046875 0.1046875 0.17578125
10 0.27734375 0.35546875 0.1140625 0.15546875
1 0.24921875 0.25390625 0.0703125 0.1046875
1 0.315625 0.30546875 0.0828125 0.14609375
10 0.346875 0.24375 0.06484375 0.1390625
10 0.30703125 0.17421875 0.04609375 0.09375
10 0.378125 0.1359375 0.0421875 0.06953125
10 0.39765625 0.20546875 0.0625 0.109375
10 0.4234375 0.15546875 0.04609375 0.08359375
10 0.44453125 0.12890625 0.02890625 0.078125
10 0.46328125 0.21875 0.06640625 0.12578125
1 0.44765625 0.2796875 0.071875 0.1
10 0.446875 0.3515625 0.09140625 0.1859375
10 0.53515625 0.34375 0.09375 0.18828125
1 0.51953125 0.18046875 0.04765625 0.1
10 0.565625 0.15625 0.0546875 0.09921875
10 0.559375 0.20546875 0.04453125 0.08359375
10 0.640625 0.23046875 0.05390625 0.09609375
1 0.59765625 0.28671875 0.06640625 0.09453125
10 0.63828125 0.3734375 0.13359375 0.16875
0 0.64375 0.43125 0.0515625 0.03984375
1 0.73359375 0.1921875 0.05703125 0.08203125
1 0.7984375 0.184375 0.03671875 0.06953125
10 0.76328125 0.215625 0.053125 0.09453125
10 0.815625 0.21875 0.05390625 0.08359375
10 0.8859375 0.203125 0.04921875 0.0703125
10 0.846875 0.24375 0.07734375 0.09453125
10 0.83203125 0.3015625 0.07734375 0.1234375
10 0.89921875 0.34375 0.0828125 0.15
10 0.953125 0.290625 0.03984375 0.11171875
2 0.259375 0.42734375 0.07109375 0.034375
2 0.515625 0.44375 0.03671875 0.03359375
2 0.97890625 0.46796875 0.04140625 0.03203125
3 0.06015625 0.20546875 0.03359375 0.07421875
3 0.084375 0.13046875 0.02890625 0.06328125
3 0.125 0.14296875 0.02421875 0.0546875
6 0.18828125 0.28671875 0.04140625 0.08125
3 0.2671875 0.321875 0.04453125 0.09453125
3 0.2640625 0.240625 0.03359375 0.07421875
3 0.30078125 0.29375 0.03515625 0.08125
6 0.34140625 0.20625 0.03203125 0.06015625
6 0.30625 0.15546875 0.0265625 0.05703125
3 0.3375 0.12421875 0.0203125 0.0484375
10 0.34140625 0.13125 0.03046875 0.07578125
3 0.3765625 0.13125 0.01875 0.05078125
9 0.40078125 0.1890625 0.03046875 0.0609375
3 0.425 0.14609375 0.0234375 0.05625
6 0.44140625 0.115625 0.02109375 0.046875
6 0.46015625 0.18984375 0.02890625 0.0609375
3 0.43984375 0.26171875 0.03203125 0.06875
6 0.4546875 0.3046875 0.03828125 0.090625
6 0.525 0.16171875 0.0234375 0.05625
6 0.56640625 0.13203125 0.02421875 0.05
3 0.5640625 0.19296875 0.02421875 0.04609375
3 0.6421875 0.21796875 0.028125 0.06484375
3 0.64375 0.3421875 0.04609375 0.103125
3 0.74453125 0.178125 0.02421875 0.053125
3 0.771875 0.19296875 0.0234375 0.05078125
3 0.80390625 0.18046875 0.02578125 0.0515625
3 0.82265625 0.20390625 0.02421875 0.05078125
3 0.8546875 0.22578125 0.025 0.05
3 0.8546875 0.27421875 0.03046875 0.06953125
7 0.84375 0.34140625 0.04453125 0.02890625
3 0.89453125 0.19375 0.028125 0.05
6 0.91640625 0.30546875 0.03828125 0.078125
6 0.95 0.265625 0.0296875 0.059375
10 0.95859375 0.36796875 0.0828125 0.2015625
6 0.98515625 0.3125 0.02890625 0.09375
6 0.53359375 0.29765625 0.0390625 0.09375