6 0.16640625 0.63203125 0.06171875 0.1109375
5 0.06015625 0.8359375 0.0375 0.03046875
6 0.22578125 0.58984375 0.04140625 0.08359375
6 0.27890625 0.6109375 0.05859375 0.10625
5 0.234375 0.8296875 0.0421875 0.0515625
6 0.35078125 0.57578125 0.04375 0.08046875
3 0.51953125 0.60625 0.03828125 0.078125
0 0.5265625 0.68828125 0.05 0.04375
3 0.62890625 0.6109375 0.040625 0.09375
7 0.63515625 0.70390625 0.06875 0.059375
6 0.74765625 0.58046875 0.05390625 0.10546875
6 0.871875 0.615625 0.0515625 0.0984375
2 0.93828125 0.84375 0.11796875 0.06328125
5 0.75703125 0.828125 0.0375 0.040625
10 0.15859375 0.69296875 0.12265625 0.23046875
10 0.22734375 0.62265625 0.06328125 0.14375
10 0.28828125 0.728125 0.12578125 0.3234375
10 0.36015625 0.6234375 0.07421875 0.16875
10 0.51796875 0.628125 0.10703125 0.1609375
10 0.634375 0.63984375 0.10078125 0.159375
10 0.7359375 0.678125 0.16953125 0.28515625
10 0.878125 0.69375 0.115625 0.25625