8 0.08828125 0.78515625 0.07265625 0.11875
5 0.04765625 0.89921875 0.05 0.04453125
6 0.23828125 0.69609375 0.0625 0.11484375
6 0.23828125 0.6234375 0.04296875 0.05546875
2 0.18828125 0.88515625 0.12265625 0.06328125
6 0.3484375 0.62421875 0.0375 0.0703125
5 0.32578125 0.76171875 0.02109375 0.03125
2 0.35703125 0.76171875 0.03828125 0.03125
6 0.47890625 0.6234375 0.04140625 0.0796875
6 0.59765625 0.61796875 0.04296875 0.08671875
5 0.61328125 0.7484375 0.02421875 0.0296875
3 0.51953125 0.71875 0.05859375 0.11484375
0 0.5265625 0.846875 0.03984375 0.06875
6 0.70234375 0.64609375 0.05546875 0.1109375
5 0.6984375 0.86015625 0.02890625 0.04296875
3 0.83828125 0.7109375 0.059375 0.11875
2 0.88828125 0.86171875 0.09921875 0.05703125
1 0.109375 0.790625 0.14140625 0.20078125
10 0.23828125 0.76640625 0.12109375 0.22578125
10 0.2484375 0.6765625 0.08828125 0.14609375
10 0.34921875 0.67421875 0.08125 0.15859375
10 0.484375 0.66953125 0.06328125 0.15703125
10 0.52890625 0.771875 0.13125 0.20546875
10 0.60078125 0.6640625 0.07890625 0.16171875
10 0.71015625 0.73125 0.12265625 0.2546875
10 0.85703125 0.7609375 0.12734375 0.18203125