6 0.18203125 0.5859375 0.06328125 0.10625
5 0.13828125 0.76640625 0.03515625 0.040625
3 0.27578125 0.56640625 0.04609375 0.08515625
0 0.2734375 0.63671875 0.0375 0.04375
6 0.32265625 0.58203125 0.0625 0.1296875
0 0.28828125 0.75625 0.05859375 0.08125
3 0.40390625 0.55625 0.04609375 0.09609375
0 0.3921875 0.64375 0.03359375 0.05703125
3 0.5734375 0.5640625 0.0375 0.07578125
3 0.5953125 0.60546875 0.053125 0.13515625
0 0.596875 0.76875 0.0734375 0.059375
6 0.7421875 0.53046875 0.05703125 0.10390625
5 0.7515625 0.79140625 0.046875 0.04296875
6 0.88828125 0.6125 0.06875 0.13046875
2 0.91953125 0.80390625 0.1375 0.0515625
10 0.178125 0.64921875 0.13515625 0.22578125
10 0.31875 0.65546875 0.13203125 0.26640625
10 0.4078125 0.596875 0.08671875 0.165625
10 0.59296875 0.67578125 0.14375 0.24921875
10 0.7375 0.640625 0.13515625 0.31875
10 0.8734375 0.66953125 0.14296875 0.24140625
1 0.27109375 0.59765625 0.06328125 0.14375
1 0.56015625 0.60390625 0.07578125 0.14453125