3 0.03828125 0.61171875 0.06640625 0.10625
9 0.12109375 0.58359375 0.0625 0.1109375
3 0.03984375 0.5515625 0.0453125 0.03671875
7 0.11328125 0.74375 0.11484375 0.08515625
3 0.25703125 0.540625 0.04375 0.0890625
7 0.25078125 0.63046875 0.075 0.05703125
3 0.3640625 0.58984375 0.05390625 0.12421875
0 0.35546875 0.71484375 0.0515625 0.03671875
2 0.36796875 0.75390625 0.0890625 0.02578125
3 0.45234375 0.528125 0.0359375 0.08046875
0 0.4546875 0.60546875 0.04375 0.04296875
3 0.62265625 0.49296875 0.0375 0.06640625
3 0.7046875 0.46875 0.03828125 0.08125
3 0.7953125 0.446875 0.04296875 0.08046875
3 0.6671875 0.5296875 0.05 0.1109375
9 0.76171875 0.528125 0.0640625 0.1296875
3 0.92421875 0.49921875 0.0640625 0.11953125
0 0.95390625 0.6640625 0.06015625 0.06484375
7 0.80234375 0.68046875 0.0953125 0.07421875
10 0.05078125 0.65703125 0.10078125 0.2203125
10 0.15078125 0.6453125 0.13828125 0.2296875
10 0.26875 0.5734375 0.10546875 0.13125
10 0.37421875 0.6390625 0.153125 0.2109375
10 0.46015625 0.55703125 0.09453125 0.13515625
10 0.61640625 0.53046875 0.04609375 0.13125
10 0.6546875 0.58671875 0.11015625 0.2390625
10 0.71171875 0.5140625 0.05390625 0.15546875
10 0.809375 0.49375 0.07109375 0.16484375
10 0.77578125 0.584375 0.14921875 0.2390625
10 0.925 0.56953125 0.14609375 0.2546875