3 0.0328125 0.46484375 0.06484375 0.121875
2 0.04140625 0.58046875 0.08125 0.08125
3 0.19765625 0.48046875 0.05859375 0.11640625
0 0.18828125 0.6046875 0.05859375 0.05390625
3 0.32265625 0.45546875 0.06171875 0.12578125
0 0.28828125 0.58046875 0.0375 0.0515625
2 0.2859375 0.63828125 0.11796875 0.05546875
6 0.37265625 0.440625 0.0375 0.06640625
6 0.5546875 0.446875 0.04296875 0.08125
6 0.634375 0.4703125 0.0375 0.06640625
6 0.7296875 0.48203125 0.034375 0.0796875
6 0.69375 0.50546875 0.0546875 0.10390625
2 0.69140625 0.678125 0.08359375 0.0515625
1 0.071875 0.51328125 0.1421875 0.1953125
10 0.2078125 0.53125 0.1203125 0.19140625
10 0.3390625 0.5171875 0.1453125 0.234375
10 0.39140625 0.49296875 0.075 0.15859375
10 0.54765625 0.50078125 0.09609375 0.17109375
10 0.63125 0.515625 0.07734375 0.13984375
10 0.68515625 0.56875 0.13828125 0.2265625
10 0.74140625 0.525 0.05625 0.15703125