3 0.1234375 0.51875 0.0625 0.11484375
7 0.09140625 0.64375 0.11015625 0.07421875
9 0.25234375 0.51875 0.0578125 0.11875
3 0.215625 0.6484375 0.0453125 0.06640625
9 0.3796875 0.48359375 0.06484375 0.1109375
5 0.32265625 0.68046875 0.034375 0.04453125
9 0.4296875 0.4890625 0.04140625 0.07421875
9 0.60390625 0.4890625 0.03984375 0.07421875
3 0.69140625 0.53359375 0.04140625 0.08515625
9 0.7984375 0.53671875 0.04609375 0.08125
3 0.74140625 0.5765625 0.06484375 0.11875
2 0.7359375 0.74140625 0.08828125 0.05703125
10 0.12578125 0.56640625 0.15390625 0.19453125
10 0.25703125 0.575 0.12109375 0.20390625
10 0.3875 0.56328125 0.14609375 0.25390625
10 0.446875 0.53203125 0.06953125 0.1609375
10 0.58671875 0.546875 0.1046875 0.1765625
10 0.684375 0.56484375 0.08671875 0.13359375
10 0.73046875 0.63046875 0.13828125 0.21875
10 0.796875 0.57890625 0.06484375 0.1546875