3 0.153125 0.6546875 0.0375 0.0796875
0 0.128125 0.71875 0.04921875 0.0390625
3 0.21953125 0.62578125 0.04609375 0.08046875
0 0.21640625 0.71953125 0.03828125 0.03671875
6 0.2984375 0.61328125 0.0375 0.08046875
0 0.3046875 0.72890625 0.034375 0.04296875
3 0.40078125 0.61953125 0.04453125 0.0890625
7 0.37265625 0.7296875 0.07890625 0.03671875
6 0.57109375 0.63046875 0.0328125 0.071875
5 0.56953125 0.72421875 0.025 0.03046875
3 0.76015625 0.63359375 0.04375 0.08671875
9 0.8484375 0.6875 0.06953125 0.13046875
9 0.6671875 0.6359375 0.05859375 0.11953125
0 0.61328125 0.7296875 0.04609375 0.05546875
5 0.85625 0.85546875 0.0546875 0.03671875
1 0.15078125 0.68125 0.08984375 0.12109375
10 0.22890625 0.665625 0.09609375 0.1484375
10 0.31484375 0.65546875 0.08046875 0.1546875
10 0.3984375 0.66171875 0.090625 0.15859375
10 0.56875 0.70859375 0.08671875 0.22421875
10 0.6796875 0.715625 0.11171875 0.26796875
10 0.76328125 0.65859375 0.09140625 0.12421875
1 0.86015625 0.73984375 0.14453125 0.22421875