3 0.03515625 0.48671875 0.0625 0.1296875
2 0.0453125 0.60390625 0.08359375 0.07421875
3 0.2015625 0.50546875 0.05859375 0.10703125
5 0.18828125 0.634375 0.03203125 0.0390625
6 0.34375 0.45546875 0.0578125 0.1109375
0 0.27578125 0.63046875 0.04140625 0.0703125
6 0.378125 0.45546875 0.0296875 0.06640625
6 0.56015625 0.46171875 0.04375 0.08125
6 0.646875 0.471875 0.03984375 0.07421875
6 0.70078125 0.5203125 0.05703125 0.1109375
2 0.69453125 0.68515625 0.0875 0.06328125
10 0.21171875 0.55078125 0.121875 0.19140625
10 0.34140625 0.53125 0.16015625 0.25390625
10 0.3953125 0.503125 0.06953125 0.16015625
10 0.55078125 0.509375 0.09921875 0.165625
10 0.64140625 0.51796875 0.07890625 0.146875
10 0.690625 0.58359375 0.13671875 0.20546875
1 0.0703125 0.53125 0.13984375 0.19453125