6 0.05859375 0.59375 0.0671875 0.10703125
6 0.1609375 0.5703125 0.0625 0.1109375
7 0.15390625 0.75546875 0.096875 0.0703125
3 0.29453125 0.546875 0.04609375 0.08125
7 0.28203125 0.64296875 0.06875 0.04453125
6 0.38828125 0.57890625 0.05859375 0.1109375
6 0.48125 0.5140625 0.0328125 0.071875
0 0.37265625 0.72109375 0.06328125 0.05625
2 0.3671875 0.76875 0.05859375 0.02578125
0 0.47578125 0.615625 0.03125 0.04609375
6 0.63671875 0.4953125 0.034375 0.07421875
6 0.72109375 0.45 0.03515625 0.0796875
3 0.8359375 0.45546875 0.053125 0.09609375
6 0.94765625 0.471875 0.06484375 0.13125
0 0.8609375 0.56875 0.04609375 0.040625
3 0.66953125 0.528125 0.05546875 0.12578125
6 0.76953125 0.49921875 0.06953125 0.13125
7 0.82578125 0.70703125 0.07421875 0.0890625
10 0.07734375 0.65390625 0.10234375 0.21484375
10 0.1828125 0.64296875 0.13515625 0.24140625
10 0.3046875 0.5859375 0.09296875 0.14375
10 0.39375 0.63671875 0.15390625 0.23046875
10 0.4875 0.55859375 0.09296875 0.1609375
10 0.63203125 0.53125 0.04453125 0.140625
10 0.71640625 0.49140625 0.04609375 0.153125
10 0.66328125 0.60078125 0.11875 0.265625
10 0.79296875 0.58125 0.14296875 0.28984375
10 0.84453125 0.503125 0.08671875 0.16953125
10 0.93125 0.56640625 0.1375 0.28046875