8 0.08828125 0.7890625 0.07109375 0.1109375
5 0.0484375 0.9015625 0.05390625 0.02578125
6 0.240625 0.69453125 0.0546875 0.109375
6 0.2390625 0.61953125 0.03515625 0.0515625
2 0.19140625 0.88671875 0.11875 0.05625
6 0.3484375 0.61953125 0.04140625 0.07421875
5 0.32578125 0.75625 0.02265625 0.0296875
2 0.35703125 0.75546875 0.03671875 0.03125
6 0.478125 0.62109375 0.04375 0.07421875
6 0.59765625 0.61171875 0.04140625 0.08203125
5 0.615625 0.74765625 0.028125 0.03046875
6 0.7015625 0.646875 0.05546875 0.10625
3 0.5171875 0.72421875 0.05625 0.11953125
0 0.5265625 0.853125 0.03984375 0.07578125
5 0.69765625 0.86640625 0.02890625 0.04453125
3 0.83828125 0.71640625 0.05859375 0.11484375
2 0.88828125 0.85703125 0.0875 0.0609375
10 0.8578125 0.7609375 0.12734375 0.18046875
10 0.7109375 0.72890625 0.12421875 0.2546875
10 0.60078125 0.65703125 0.07890625 0.1609375
10 0.528125 0.77421875 0.13203125 0.20625
10 0.4875 0.66875 0.07265625 0.16484375
10 0.346875 0.67578125 0.0859375 0.15859375
10 0.23828125 0.76640625 0.12421875 0.23046875
10 0.2484375 0.675 0.08671875 0.15
1 0.10859375 0.78671875 0.1390625 0.20390625