6 0.18203125 0.59375 0.0625 0.10546875
5 0.13828125 0.76640625 0.0375 0.03359375
3 0.2734375 0.57109375 0.04375 0.08046875
0 0.26953125 0.640625 0.0375 0.04453125
6 0.31953125 0.5890625 0.06328125 0.12578125
0 0.290625 0.75546875 0.053125 0.07578125
3 0.40078125 0.56015625 0.04609375 0.09453125
0 0.3921875 0.65078125 0.03359375 0.05
3 0.57109375 0.56640625 0.0421875 0.08125
3 0.59765625 0.60625 0.05390625 0.1203125
0 0.59765625 0.76875 0.05390625 0.05546875
6 0.73515625 0.540625 0.05625 0.10390625
5 0.75078125 0.79453125 0.04140625 0.03671875
6 0.86328125 0.5796875 0.06015625 0.10703125
2 0.92109375 0.80078125 0.1421875 0.0609375
1 0.27265625 0.59765625 0.071875 0.1359375
1 0.55703125 0.59765625 0.07578125 0.14375
10 0.178125 0.6515625 0.14140625 0.228125
10 0.31796875 0.659375 0.13671875 0.25078125
10 0.4078125 0.59453125 0.08828125 0.1546875
10 0.5921875 0.678125 0.13828125 0.2609375
10 0.7375 0.63984375 0.13125 0.30546875
10 0.8609375 0.6609375 0.12265625 0.25625