8 0.11328125 0.765625 0.06640625 0.12421875
5 0.06015625 0.83203125 0.0375 0.040625
3 0.2328125 0.60625 0.03984375 0.0890625
0 0.2109375 0.68203125 0.03671875 0.03671875
8 0.24375 0.74296875 0.0671875 0.11875
3 0.3484375 0.6046875 0.046875 0.0984375
0 0.33828125 0.6890625 0.0375 0.06328125
3 0.52265625 0.621875 0.04375 0.08046875
5 0.52890625 0.70390625 0.034375 0.0296875
3 0.62890625 0.615625 0.04296875 0.08671875
7 0.621875 0.69375 0.05859375 0.05
6 0.753125 0.60546875 0.0609375 0.1203125
5 0.75390625 0.821875 0.03984375 0.04375
6 0.87265625 0.61875 0.06328125 0.1
2 0.9390625 0.84375 0.115625 0.0609375
5 0.22578125 0.840625 0.02890625 0.03671875
1 0.109375 0.73359375 0.1609375 0.1890625
1 0.25703125 0.746875 0.15234375 0.20078125
10 0.23828125 0.63046875 0.10703125 0.13359375
10 0.3515625 0.63359375 0.09453125 0.1703125
10 0.51953125 0.640625 0.10546875 0.1359375
10 0.628125 0.63984375 0.10546875 0.12578125
10 0.7375 0.684375 0.175 0.275
10 0.87578125 0.69609375 0.11328125 0.26015625