3 0.2078125 0.43671875 0.02890625 0.059375
1 0.20625 0.45546875 0.07265625 0.0890625
3 0.115625 0.409375 0.0234375 0.05390625
1 0.115625 0.41796875 0.0484375 0.0734375
3 0.1625 0.390625 0.02109375 0.0453125
1 0.1671875 0.39296875 0.04765625 0.05390625
3 0.259375 0.40546875 0.01953125 0.0390625
10 0.2671875 0.43125 0.04921875 0.09375
3 0.24765625 0.3515625 0.01875 0.04296875
10 0.24453125 0.3609375 0.03671875 0.05625
9 0.27109375 0.353125 0.01953125 0.04609375
10 0.28125 0.36640625 0.04140625 0.06640625
3 0.3078125 0.33984375 0.01796875 0.0390625
10 0.31015625 0.34375 0.03359375 0.05078125
3 0.31640625 0.465625 0.02890625 0.06484375
10 0.309375 0.49140625 0.08984375 0.11484375
0 0.3046875 0.5265625 0.0359375 0.034375
3 0.403125 0.4671875 0.03359375 0.065625
10 0.40625 0.48671875 0.1 0.10546875
0 0.396875 0.53046875 0.03515625 0.03671875
6 0.515625 0.44296875 0.0296875 0.0546875
10 0.51640625 0.48046875 0.07421875 0.13515625
6 0.578125 0.478125 0.03203125 0.06640625
10 0.584375 0.49609375 0.0640625 0.10859375
6 0.665625 0.44296875 0.03046875 0.06015625
10 0.6671875 0.48046875 0.07109375 0.1390625
3 0.36328125 0.45078125 0.02578125 0.05546875
1 0.365625 0.4609375 0.05546875 0.090625
3 0.42421875 0.45390625 0.0234375 0.04921875
1 0.44296875 0.45859375 0.0609375 0.10078125
3 0.64765625 0.4484375 0.01640625 0.05546875
10 0.634375 0.46796875 0.04453125 0.09140625
3 0.390625 0.415625 0.02578125 0.0546875
1 0.39453125 0.41953125 0.05234375 0.06171875
6 0.52421875 0.4015625 0.0203125 0.04609375
10 0.521875 0.421875 0.05390625 0.09453125
3 0.58046875 0.4140625 0.02265625 0.05
10 0.58125 0.43046875 0.06015625 0.08359375
3 0.634375 0.41875 0.021875 0.05390625
10 0.6296875 0.43046875 0.04453125 0.0796875
3 0.44765625 0.39296875 0.02109375 0.0453125
3 0.40078125 0.3828125 0.01953125 0.03828125
10 0.40703125 0.39375 0.03125 0.05546875
10 0.45390625 0.41640625 0.03828125 0.08984375
6 0.48203125 0.37890625 0.01953125 0.03984375
10 0.48828125 0.39296875 0.03828125 0.06796875
6 0.5375 0.36640625 0.0203125 0.0359375
10 0.54609375 0.3859375 0.03671875 0.08125
6 0.65859375 0.3765625 0.01796875 0.04296875
10 0.6625 0.39140625 0.03828125 0.071875
6 0.57578125 0.35078125 0.0171875 0.03984375
10 0.57578125 0.3640625 0.03671875 0.06484375
3 0.61640625 0.37109375 0.01875 0.03828125
10 0.61328125 0.38125 0.040625 0.0546875
6 0.41796875 0.35390625 0.01875 0.04296875
10 0.421875 0.36875 0.03203125 0.06328125
3 0.43828125 0.3421875 0.01640625 0.03984375
10 0.43828125 0.346875 0.02890625 0.05859375
3 0.47421875 0.33359375 0.0140625 0.03359375
10 0.4734375 0.3359375 0.02890625 0.04453125
3 0.50390625 0.34140625 0.01640625 0.0390625
1 0.50390625 0.35078125 0.034375 0.05625
3 0.53359375 0.334375 0.015625 0.03203125
3 0.60078125 0.33125 0.01328125 0.03046875
10 0.59765625 0.34296875 0.03046875 0.05546875
3 0.71953125 0.34375 0.01171875 0.03359375
10 0.7140625 0.35703125 0.02578125 0.065625
3 0.73203125 0.35546875 0.015625 0.034375
10 0.73125 0.36796875 0.03515625 0.06796875
3 0.7765625 0.35390625 0.01796875 0.03671875
10 0.7734375 0.359375 0.02578125 0.05625
6 0.75625 0.36875 0.01640625 0.0390625
3 0.7953125 0.36953125 0.01875 0.04375
3 0.8578125 0.3515625 0.0203125 0.03828125
10 0.85078125 0.35703125 0.03359375 0.06328125
3 0.83203125 0.39140625 0.01796875 0.03984375
10 0.8296875 0.40390625 0.02734375 0.06640625
6 0.81015625 0.415625 0.021875 0.0453125
10 0.81015625 0.43359375 0.04453125 0.09140625
3 0.865625 0.41640625 0.02890625 0.046875
10 0.86015625 0.43046875 0.040625 0.07578125
6 0.89453125 0.40625 0.02421875 0.04375
10 0.90078125 0.428125 0.03515625 0.08359375
3 0.9578125 0.42421875 0.025 0.05078125
10 0.959375 0.4375 0.028125 0.075
3 0.8765625 0.45234375 0.02890625 0.065625
10 0.86328125 0.471875 0.05859375 0.10546875
6 0.9171875 0.453125 0.03515625 0.065625
10 0.921875 0.49375 0.07421875 0.14453125
6 0.98359375 0.484375 0.03203125 0.0703125
10 0.978125 0.5 0.04375 0.10625
2 0.1640625 0.5421875 0.03984375 0.0234375
2 0.26953125 0.45859375 0.025 0.02578125
10 0.753125 0.38125 0.03515625 0.06484375
10 0.790625 0.38125 0.03203125 0.06484375