3 0.15078125 0.6546875 0.03984375 0.06484375
0 0.1234375 0.715625 0.03984375 0.0390625
8 0.228125 0.69375 0.046875 0.07421875
8 0.309375 0.69375 0.0484375 0.08125
3 0.396875 0.61875 0.0390625 0.08515625
7 0.37265625 0.7265625 0.06953125 0.04609375
3 0.57109375 0.65625 0.0421875 0.059375
0 0.56875 0.71875 0.0484375 0.04453125
8 0.7671875 0.67421875 0.05859375 0.09375
8 0.87265625 0.75390625 0.06640625 0.11875
5 0.85703125 0.85625 0.0625 0.03359375
3 0.6875 0.68046875 0.0609375 0.128125
0 0.69453125 0.83046875 0.06171875 0.06640625
1 0.2328125 0.68125 0.10234375 0.10859375
1 0.3125 0.69296875 0.0859375 0.07890625
1 0.5609375 0.68828125 0.10859375 0.109375
1 0.7640625 0.6640625 0.09140625 0.12578125
1 0.86640625 0.76953125 0.15859375 0.18203125
1 0.15078125 0.67890625 0.09765625 0.1234375
10 0.3984375 0.66171875 0.0890625 0.1546875
10 0.68515625 0.74609375 0.16171875 0.2359375