3 0.15078125 0.65390625 0.03984375 0.07421875
0 0.12578125 0.71640625 0.05 0.040625
3 0.21953125 0.63046875 0.04609375 0.090625
0 0.2171875 0.7203125 0.04375 0.0390625
6 0.30078125 0.61484375 0.04296875 0.0890625
0 0.30546875 0.728125 0.0359375 0.03359375
3 0.4 0.61953125 0.0453125 0.08046875
7 0.37421875 0.73046875 0.0734375 0.040625
6 0.57265625 0.63046875 0.03515625 0.078125
5 0.56953125 0.72890625 0.02734375 0.03125
3 0.7609375 0.63046875 0.046875 0.08515625
9 0.66640625 0.6375 0.06015625 0.13046875
0 0.61640625 0.73046875 0.04375 0.04453125
9 0.85078125 0.6875 0.06484375 0.13046875
5 0.85703125 0.85546875 0.05546875 0.0390625
1 0.15078125 0.68046875 0.09453125 0.1203125
10 0.22890625 0.6671875 0.1 0.146875
10 0.31328125 0.65859375 0.0875 0.16484375
10 0.4015625 0.6671875 0.08984375 0.15859375
10 0.56640625 0.7125 0.084375 0.225
10 0.67578125 0.7109375 0.121875 0.25625
10 0.7609375 0.66171875 0.09453125 0.134375
10 0.86015625 0.7421875 0.14140625 0.225