8 0.08671875 0.76484375 0.08125 0.121875
5 0.05078125 0.903125 0.05390625 0.03515625
6 0.25703125 0.69609375 0.05 0.1109375
6 0.24453125 0.63046875 0.046875 0.06484375
2 0.18828125 0.89453125 0.115625 0.07421875
6 0.3484375 0.62109375 0.04375 0.071875
5 0.32578125 0.75546875 0.025 0.028125
2 0.35859375 0.75625 0.0328125 0.02421875
6 0.478125 0.61875 0.0390625 0.078125
6 0.60078125 0.61640625 0.04375 0.08515625
5 0.61328125 0.74453125 0.025 0.03359375
3 0.528125 0.72578125 0.0609375 0.11875
0 0.53203125 0.8546875 0.04453125 0.05703125
6 0.70390625 0.653125 0.05703125 0.10546875
5 0.6984375 0.86015625 0.03046875 0.04296875
3 0.83828125 0.71953125 0.065625 0.10546875
2 0.89453125 0.86484375 0.09609375 0.059375
1 0.1109375 0.78671875 0.15234375 0.2015625
10 0.2546875 0.75703125 0.12890625 0.228125
10 0.25234375 0.67890625 0.0828125 0.1484375
10 0.346875 0.6765625 0.08203125 0.16328125
10 0.4890625 0.665625 0.075 0.16328125
10 0.53125 0.77578125 0.1421875 0.20546875
10 0.60078125 0.6640625 0.08359375 0.16484375
10 0.71015625 0.73046875 0.12265625 0.25703125
10 0.85703125 0.765625 0.12734375 0.17890625