8 0.1171875 0.75546875 0.071875 0.1109375
5 0.0578125 0.83046875 0.03359375 0.04609375
6 0.23125 0.59453125 0.0453125 0.08671875
0 0.20703125 0.6796875 0.03046875 0.040625
8 0.24375 0.74140625 0.0703125 0.13515625
3 0.35 0.59375 0.0453125 0.09296875
0 0.33828125 0.68671875 0.03359375 0.05625
3 0.5234375 0.6234375 0.04453125 0.08046875
5 0.52890625 0.7046875 0.03515625 0.03125
3 0.63203125 0.61875 0.04609375 0.0890625
7 0.63203125 0.69375 0.07109375 0.05546875
6 0.753125 0.59453125 0.0546875 0.11328125
5 0.75390625 0.8296875 0.03671875 0.04453125
6 0.87265625 0.62265625 0.05859375 0.11796875
2 0.93828125 0.84375 0.11640625 0.059375
1 0.1109375 0.72890625 0.16171875 0.1859375
1 0.25859375 0.74609375 0.14921875 0.20625
10 0.22890625 0.628125 0.10234375 0.14375
10 0.353125 0.64296875 0.0984375 0.15625
10 0.51875 0.64296875 0.10703125 0.146875
10 0.625 0.64375 0.0984375 0.13125
10 0.73203125 0.6859375 0.17109375 0.26953125
10 0.8828125 0.69296875 0.11953125 0.253125