10 0.06640625 0.24296875 0.08984375 0.1203125
1 0.0921875 0.16796875 0.05859375 0.09140625
10 0.1375 0.153125 0.05 0.0734375
10 0.1609375 0.34453125 0.1 0.1515625
10 0.27734375 0.3546875 0.11640625 0.159375
1 0.20703125 0.31640625 0.08671875 0.1296875
1 0.315625 0.309375 0.08359375 0.14453125
1 0.24765625 0.25546875 0.06953125 0.10546875
10 0.34375 0.2546875 0.0609375 0.14453125
10 0.3078125 0.18125 0.04453125 0.08203125
10 0.3984375 0.20703125 0.0625 0.11875
10 0.33515625 0.15625 0.03984375 0.07109375
10 0.38046875 0.140625 0.0421875 0.065625
10 0.425 0.15625 0.0484375 0.0859375
10 0.475 0.15859375 0.0421875 0.10546875
1 0.44765625 0.27890625 0.07421875 0.10390625
1 0.51328125 0.1984375 0.05 0.08125
10 0.63125 0.22890625 0.06484375 0.10546875
1 0.565625 0.1734375 0.05546875 0.08125
10 0.56875 0.21640625 0.0484375 0.07109375
10 0.44453125 0.3484375 0.09140625 0.18359375
10 0.53515625 0.35546875 0.0875 0.1703125
10 0.646875 0.36875 0.13828125 0.171875
10 0.60546875 0.3359375 0.0703125 0.13046875
10 0.5265625 0.27734375 0.06640625 0.096875
2 0.259375 0.4265625 0.06953125 0.03515625
2 0.51328125 0.44296875 0.0375 0.03203125
1 0.71015625 0.17734375 0.03671875 0.053125
1 0.73203125 0.19375 0.05859375 0.07421875
10 0.76796875 0.21484375 0.0484375 0.0890625
10 0.81640625 0.21875 0.05234375 0.08671875
10 0.87734375 0.1859375 0.05234375 0.08046875
10 0.83203125 0.303125 0.07578125 0.11953125
10 0.89375 0.35625 0.08984375 0.13203125
10 0.95625 0.3671875 0.0875 0.2
1 0.59765625 0.28203125 0.06640625 0.09453125
2 0.9796875 0.46875 0.040625 0.03359375
0 0.65390625 0.43125 0.053125 0.04140625
3 0.71640625 0.16875 0.02109375 0.04375
10 0.44375 0.13046875 0.03125 0.0890625
3 0.0625 0.221875 0.0359375 0.08125
3 0.07890625 0.15390625 0.028125 0.06015625
3 0.12890625 0.14296875 0.02578125 0.0546875
3 0.14609375 0.31875 0.04609375 0.09609375
3 0.184375 0.29296875 0.0390625 0.084375
3 0.26484375 0.24375 0.03515625 0.078125
3 0.26875 0.31875 0.0453125 0.090625
3 0.30390625 0.30546875 0.040625 0.08203125
3 0.30625 0.16875 0.02890625 0.06484375
6 0.34296875 0.21796875 0.0328125 0.06328125
6 0.34296875 0.14375 0.0234375 0.04453125
3 0.3796875 0.13046875 0.01953125 0.0515625
3 0.39375 0.18671875 0.0296875 0.06953125
3 0.421875 0.14296875 0.0234375 0.05859375
6 0.440625 0.11015625 0.02109375 0.04453125
6 0.471875 0.13125 0.02265625 0.04921875
6 0.46328125 0.19140625 0.02890625 0.06015625
10 0.46875 0.21953125 0.06796875 0.12421875
3 0.440625 0.26171875 0.0328125 0.06953125
6 0.453125 0.2984375 0.03828125 0.08125
3 0.51328125 0.18671875 0.02421875 0.05546875
3 0.54453125 0.1515625 0.021875 0.04921875
3 0.575 0.15625 0.02421875 0.05078125
3 0.57109375 0.20625 0.0234375 0.053125
6 0.63359375 0.20625 0.0296875 0.0640625
3 0.52421875 0.26640625 0.0296875 0.07109375
6 0.534375 0.31875 0.03984375 0.09296875
3 0.625 0.30625 0.03203125 0.07578125
3 0.653125 0.33671875 0.04921875 0.10625
3 0.746875 0.18125 0.02421875 0.0515625
9 0.778125 0.19296875 0.0234375 0.05078125
3 0.82109375 0.203125 0.0234375 0.05
3 0.79609375 0.1859375 0.02265625 0.0546875
3 0.8890625 0.16875 0.02578125 0.05078125
3 0.853125 0.278125 0.0265625 0.06796875
7 0.84375 0.3359375 0.04140625 0.03125
3 0.91875 0.33046875 0.03828125 0.078125
3 0.9125 0.2734375 0.0359375 0.06953125