6 0.178125 0.59375 0.0609375 0.1203125
5 0.1390625 0.7609375 0.03125 0.04453125
3 0.27890625 0.571875 0.0375 0.09453125
0 0.26953125 0.64296875 0.03828125 0.040625
6 0.32265625 0.58046875 0.06015625 0.12421875
0 0.28828125 0.75546875 0.0625 0.07421875
3 0.40234375 0.55546875 0.0453125 0.1
0 0.39140625 0.6515625 0.03125 0.059375
3 0.575 0.56875 0.03828125 0.0796875
3 0.59765625 0.61875 0.059375 0.12578125
0 0.59765625 0.76953125 0.05625 0.071875
6 0.74765625 0.54375 0.04375 0.06640625
9 0.7921875 0.59296875 0.059375 0.13359375
0 0.809375 0.7515625 0.0578125 0.0484375
3 0.89453125 0.60390625 0.06171875 0.12578125
7 0.915625 0.79296875 0.1453125 0.0890625
10 0.75859375 0.65859375 0.13359375 0.2640625
10 0.878125 0.665625 0.1203125 0.2546875
10 0.7359375 0.5921875 0.06640625 0.146875
10 0.178125 0.6515625 0.1390625 0.228125
10 0.3171875 0.65546875 0.13671875 0.25703125
10 0.27109375 0.59609375 0.06328125 0.13671875
1 0.40625 0.5921875 0.0859375 0.175
10 0.59453125 0.67890625 0.14140625 0.246875
1 0.55703125 0.5953125 0.07421875 0.1484375