8 0.115625 0.75546875 0.0703125 0.11875
5 0.059375 0.8375 0.0359375 0.04375
3 0.23359375 0.60546875 0.0421875 0.08515625
0 0.2125 0.684375 0.0328125 0.03671875
8 0.24453125 0.74140625 0.065625 0.1203125
3 0.3484375 0.6015625 0.04609375 0.0890625
0 0.33828125 0.684375 0.034375 0.06328125
3 0.52265625 0.61875 0.04296875 0.078125
5 0.52890625 0.7015625 0.03359375 0.02578125
3 0.63125 0.61484375 0.0453125 0.0890625
7 0.62578125 0.69375 0.05859375 0.059375
6 0.75390625 0.5984375 0.05390625 0.11953125
5 0.75390625 0.82578125 0.03359375 0.03671875
6 0.8765625 0.621875 0.0625 0.10625
2 0.9390625 0.84453125 0.11875 0.05703125
5 0.225 0.840625 0.0328125 0.03671875
1 0.10546875 0.734375 0.1609375 0.17578125
1 0.25859375 0.74609375 0.14921875 0.20859375
10 0.240625 0.6265625 0.12265625 0.12421875
10 0.3546875 0.634375 0.09296875 0.165625
10 0.51875 0.64609375 0.11171875 0.11640625
10 0.628125 0.634375 0.10546875 0.13671875
10 0.73125 0.6859375 0.17109375 0.26875
10 0.8734375 0.6953125 0.121875 0.25