6 0.09375 0.63125 0.0703125 0.13125
5 0.0421875 0.85078125 0.05078125 0.05
6 0.2421875 0.59375 0.04296875 0.09609375
8 0.19765625 0.75546875 0.07109375 0.13359375
6 0.33984375 0.5796875 0.0390625 0.08125
5 0.32578125 0.70859375 0.02421875 0.03125
6 0.4890625 0.56875 0.04453125 0.090625
6 0.60703125 0.56875 0.04609375 0.0890625
3 0.515625 0.69375 0.0609375 0.11875
0 0.53984375 0.80546875 0.0453125 0.06484375
6 0.70078125 0.6109375 0.05546875 0.10625
5 0.69921875 0.81875 0.0359375 0.0484375
3 0.84140625 0.65546875 0.06015625 0.11875
2 0.88515625 0.81875 0.09375 0.07421875
5 0.6109375 0.6984375 0.028125 0.03046875
10 0.10703125 0.70546875 0.13125 0.2640625
10 0.246875 0.63046875 0.0921875 0.17109375
10 0.34375 0.6203125 0.09453125 0.18125
10 0.49296875 0.61484375 0.09609375 0.171875
10 0.60625 0.61875 0.1015625 0.17578125
1 0.53125 0.73359375 0.134375 0.20546875
10 0.70703125 0.68984375 0.13125 0.2703125
10 0.8546875 0.71171875 0.134375 0.21953125
1 0.2171875 0.7484375 0.14609375 0.20546875