6 0.18203125 0.590625 0.06484375 0.11484375
5 0.1390625 0.76796875 0.034375 0.0390625
3 0.27578125 0.56875 0.03515625 0.08671875
0 0.2703125 0.64296875 0.03359375 0.03359375
6 0.321875 0.5796875 0.065625 0.121875
0 0.2859375 0.75546875 0.06015625 0.0703125
3 0.40390625 0.55546875 0.04375 0.09296875
0 0.3921875 0.64609375 0.04140625 0.05
6 0.58828125 0.60546875 0.05859375 0.11875
0 0.6046875 0.76953125 0.04609375 0.06640625
9 0.80078125 0.58203125 0.06796875 0.13359375
9 0.89140625 0.61484375 0.06328125 0.13359375
0 0.82578125 0.75390625 0.05625 0.06328125
2 0.91953125 0.8046875 0.13125 0.05
10 0.1796875 0.64765625 0.1421875 0.23203125
10 0.26875 0.5953125 0.06328125 0.13359375
10 0.3203125 0.65390625 0.1390625 0.26171875
10 0.59609375 0.678125 0.140625 0.24921875
10 0.76484375 0.65625 0.14609375 0.26640625
1 0.409375 0.5953125 0.084375 0.16328125
10 0.8828125 0.66796875 0.1171875 0.24375