3 0.06484375 0.60703125 0.06015625 0.12109375
3 0.19609375 0.61171875 0.0578125 0.11796875
2 0.14453125 0.76875 0.0875 0.0703125
3 0.29296875 0.546875 0.0421875 0.08046875
7 0.284375 0.640625 0.05859375 0.0515625
3 0.47890625 0.5296875 0.03671875 0.0890625
9 0.40390625 0.56484375 0.0625 0.11484375
2 0.36875 0.759375 0.0796875 0.05625
3 0.6671875 0.53203125 0.05859375 0.13671875
3 0.73828125 0.46875 0.04609375 0.0890625
3 0.83515625 0.45546875 0.04609375 0.09609375
9 0.8 0.51484375 0.06875 0.140625
3 0.9703125 0.50546875 0.05625 0.140625
2 0.8234375 0.7265625 0.07265625 0.0609375
0 0.47578125 0.61328125 0.04609375 0.04375
10 0.08828125 0.65546875 0.12421875 0.21875
10 0.21015625 0.65859375 0.12265625 0.1984375
10 0.3046875 0.58203125 0.09609375 0.140625
10 0.41015625 0.6265625 0.14140625 0.2359375
10 0.4890625 0.6734375 0.08359375 0.36953125
10 0.66953125 0.60390625 0.13046875 0.278125
10 0.734375 0.525 0.0796875 0.19453125
10 0.81015625 0.58203125 0.159375 0.2640625
10 0.84453125 0.50546875 0.084375 0.17109375
10 0.94453125 0.5796875 0.11015625 0.26328125