8 0.0890625 0.7890625 0.07890625 0.1109375
5 0.0484375 0.90078125 0.053125 0.03046875
6 0.2421875 0.6984375 0.05859375 0.10859375
6 0.2375 0.62265625 0.0390625 0.05625
2 0.19453125 0.890625 0.11171875 0.05546875
6 0.3484375 0.62421875 0.03828125 0.08046875
5 0.32578125 0.75546875 0.01875 0.0296875
2 0.35703125 0.75546875 0.0375 0.03125
6 0.4890625 0.61484375 0.034375 0.0703125
6 0.59765625 0.6125 0.0375 0.08046875
3 0.52890625 0.728125 0.05625 0.121875
0 0.54296875 0.85546875 0.0578125 0.0515625
6 0.70234375 0.64765625 0.05078125 0.0953125
5 0.61328125 0.74765625 0.025 0.03046875
5 0.6984375 0.865625 0.02890625 0.04296875
3 0.840625 0.696875 0.0640625 0.10625
2 0.8921875 0.86328125 0.1 0.05625
1 0.10859375 0.7859375 0.1390625 0.20390625
10 0.2375 0.7671875 0.1234375 0.22109375
10 0.2484375 0.67421875 0.08984375 0.14375
10 0.34765625 0.671875 0.07890625 0.159375
10 0.48046875 0.665625 0.1015625 0.15703125
10 0.5328125 0.771875 0.140625 0.20078125
10 0.60078125 0.66171875 0.078125 0.16640625
10 0.71015625 0.73125 0.121875 0.25625
10 0.85703125 0.7515625 0.12578125 0.1984375