6 0.1859375 0.59375 0.0625 0.10703125
5 0.1390625 0.76640625 0.03125 0.03671875
3 0.28828125 0.57421875 0.04140625 0.08125
0 0.27734375 0.640625 0.0296875 0.03671875
6 0.3328125 0.56953125 0.05390625 0.11640625
5 0.29375 0.7609375 0.0390625 0.040625
3 0.3984375 0.5609375 0.04453125 0.09453125
0 0.3953125 0.646875 0.03125 0.05
6 0.57421875 0.55859375 0.0359375 0.08359375
3 0.59765625 0.61640625 0.05234375 0.11875
0 0.5953125 0.7734375 0.07421875 0.06875
3 0.7203125 0.58046875 0.05390625 0.1203125
0 0.72734375 0.67890625 0.0546875 0.06484375
3 0.76328125 0.56015625 0.03515625 0.08125
9 0.8296875 0.63046875 0.06875 0.121875
2 0.909375 0.81015625 0.1421875 0.06875
10 0.18671875 0.64921875 0.1375 0.22421875
10 0.33359375 0.64453125 0.1203125 0.26015625
10 0.56015625 0.596875 0.07890625 0.153125
10 0.59296875 0.6765625 0.1390625 0.2359375
10 0.7265625 0.65703125 0.13046875 0.26796875
10 0.85390625 0.68125 0.13828125 0.21875
10 0.77109375 0.59765625 0.05625 0.14375
1 0.2828125 0.60390625 0.06953125 0.13046875
1 0.409375 0.59921875 0.08515625 0.15859375