8 0.1125 0.76171875 0.0671875 0.11875
5 0.06015625 0.83046875 0.03515625 0.04453125
3 0.23203125 0.60546875 0.04609375 0.0890625
0 0.2109375 0.678125 0.0375 0.03671875
8 0.2421875 0.734375 0.06796875 0.13125
3 0.3484375 0.59375 0.04453125 0.09296875
0 0.33515625 0.68046875 0.03515625 0.05703125
3 0.521875 0.61953125 0.0390625 0.07578125
5 0.52890625 0.703125 0.0375 0.02421875
3 0.63203125 0.60546875 0.03671875 0.0890625
7 0.62890625 0.6984375 0.06875 0.05546875
6 0.753125 0.59375 0.053125 0.1109375
5 0.75390625 0.82578125 0.03828125 0.03671875
6 0.87265625 0.61875 0.0625 0.09609375
2 0.9390625 0.84609375 0.11015625 0.06953125
10 0.228125 0.6296875 0.090625 0.1390625
10 0.3515625 0.63125 0.10859375 0.175
10 0.5203125 0.64140625 0.11171875 0.15
10 0.628125 0.6390625 0.11015625 0.16015625
10 0.73359375 0.68671875 0.1703125 0.28125
10 0.8796875 0.69609375 0.1125 0.259375
1 0.11015625 0.73203125 0.16015625 0.1859375
1 0.2578125 0.7421875 0.14609375 0.21015625