3 0.15078125 0.6546875 0.03515625 0.071875
0 0.12578125 0.715625 0.04375 0.0390625
8 0.22578125 0.69375 0.05234375 0.0890625
8 0.30703125 0.69375 0.04921875 0.0796875
3 0.3953125 0.61875 0.04140625 0.08125
7 0.37265625 0.72890625 0.071875 0.05
3 0.56640625 0.66171875 0.04453125 0.06953125
0 0.56953125 0.715625 0.04453125 0.05
8 0.76640625 0.67265625 0.05625 0.10625
8 0.878125 0.76484375 0.0734375 0.11484375
5 0.85625 0.85546875 0.0546875 0.04453125
3 0.6890625 0.68046875 0.06640625 0.1296875
0 0.69140625 0.83046875 0.07265625 0.0703125
1 0.234375 0.68046875 0.10078125 0.11484375
1 0.31171875 0.69375 0.08515625 0.08125
1 0.56015625 0.68671875 0.10546875 0.11171875
1 0.76328125 0.66328125 0.09296875 0.1265625
1 0.86328125 0.77578125 0.15546875 0.19375
1 0.15 0.678125 0.09453125 0.1234375
10 0.3984375 0.659375 0.09296875 0.1609375
10 0.68359375 0.74375 0.1578125 0.24453125