10 0.06640625 0.24375 0.08984375 0.1203125
1 0.09140625 0.16875 0.06484375 0.09453125
10 0.1375 0.153125 0.05 0.0734375
10 0.16015625 0.34453125 0.09765625 0.15625
10 0.2765625 0.35546875 0.11640625 0.159375
1 0.20703125 0.315625 0.09140625 0.1265625
1 0.315625 0.30859375 0.08671875 0.14453125
1 0.24765625 0.25546875 0.071875 0.10390625
10 0.34453125 0.25390625 0.06015625 0.14453125
10 0.30625 0.18046875 0.04453125 0.078125
10 0.3984375 0.21015625 0.06171875 0.11875
10 0.3375 0.15234375 0.0421875 0.084375
10 0.38125 0.1421875 0.0421875 0.065625
10 0.4234375 0.15546875 0.046875 0.0890625
10 0.475 0.165625 0.0421875 0.1046875
1 0.44765625 0.27734375 0.07734375 0.10859375
1 0.51328125 0.196875 0.05078125 0.08046875
10 0.63125 0.21796875 0.065625 0.11953125
1 0.575 0.17734375 0.06640625 0.0734375
10 0.56875 0.20546875 0.05078125 0.07421875
10 0.446875 0.34296875 0.090625 0.1859375
10 0.53515625 0.35546875 0.08828125 0.1703125
10 0.646875 0.36875 0.13828125 0.171875
10 0.60625 0.33203125 0.07265625 0.13125
10 0.52578125 0.278125 0.06875 0.1
2 0.259375 0.4265625 0.06953125 0.03515625
2 0.51328125 0.44296875 0.0375 0.03203125
1 0.71015625 0.17734375 0.03671875 0.053125
1 0.73203125 0.1890625 0.05625 0.07890625
10 0.76796875 0.21484375 0.0484375 0.0890625
10 0.81640625 0.21875 0.05234375 0.08671875
10 0.878125 0.1890625 0.05234375 0.0765625
10 0.83125 0.30390625 0.0765625 0.12421875
10 0.89375 0.35546875 0.0921875 0.1296875
10 0.95859375 0.36796875 0.0828125 0.19921875
1 0.59765625 0.284375 0.06640625 0.09375
2 0.9796875 0.46875 0.040625 0.03359375
0 0.65390625 0.43125 0.053125 0.04140625
3 0.71640625 0.16796875 0.02109375 0.04375
10 0.4421875 0.13046875 0.03125 0.0890625
3 0.0625 0.21953125 0.03515625 0.07421875
3 0.07578125 0.153125 0.03046875 0.059375
3 0.03125 0.14453125 0.03046875 0.06328125
3 0.128125 0.14375 0.02421875 0.05546875
6 0.33203125 0.13125 0.02109375 0.0484375
3 0.3046875 0.171875 0.02578125 0.05546875
3 0.265625 0.24296875 0.03359375 0.0765625
6 0.34140625 0.215625 0.03046875 0.06171875
3 0.3015625 0.30390625 0.04375 0.08046875
3 0.26875 0.31875 0.04453125 0.09296875
3 0.1828125 0.296875 0.04140625 0.08046875
3 0.15 0.31875 0.04296875 0.09453125
3 0.37890625 0.13046875 0.01953125 0.0484375
6 0.440625 0.109375 0.0203125 0.04453125
3 0.421875 0.14296875 0.02265625 0.05859375
6 0.40078125 0.1890625 0.028125 0.06015625
3 0.44296875 0.25390625 0.0328125 0.0640625
6 0.46796875 0.1390625 0.0234375 0.053125
3 0.51328125 0.1875 0.02578125 0.05625
3 0.525 0.26484375 0.03046875 0.07421875
6 0.45 0.29375 0.0390625 0.0796875
6 0.53515625 0.31875 0.04296875 0.09453125
3 0.54375 0.1515625 0.0234375 0.04921875
1 0.54453125 0.15625 0.03984375 0.06015625
3 0.57578125 0.16796875 0.028125 0.0515625
3 0.56953125 0.2015625 0.02421875 0.05390625
6 0.628125 0.19296875 0.0265625 0.0609375
3 0.625 0.309375 0.03359375 0.08125
3 0.65390625 0.334375 0.04921875 0.10546875
3 0.7453125 0.17890625 0.02578125 0.0546875
6 0.7734375 0.19296875 0.021875 0.04921875
3 0.79453125 0.1859375 0.02421875 0.05625
3 0.8234375 0.20546875 0.02421875 0.0546875
3 0.88828125 0.178125 0.02578125 0.053125
3 0.853125 0.278125 0.02890625 0.0703125
7 0.84375 0.3359375 0.0421875 0.03125
3 0.9171875 0.33125 0.03828125 0.07890625
3 0.9125 0.2734375 0.0359375 0.06875
3 0.98671875 0.31875 0.0265625 0.0984375
9 0.4609375 0.19453125 0.03203125 0.06328125