10 0.06875 0.24296875 0.08515625 0.13046875
10 0.03125 0.15546875 0.05390625 0.07890625
10 0.08828125 0.165625 0.059375 0.11484375
10 0.134375 0.14296875 0.05703125 0.08046875
10 0.334375 0.1515625 0.04921875 0.08984375
10 0.375 0.140625 0.0484375 0.07109375
10 0.30703125 0.1734375 0.03828125 0.09375
10 0.26328125 0.253125 0.065625 0.125
10 0.34140625 0.25234375 0.06015625 0.14140625
10 0.3171875 0.3109375 0.08515625 0.13046875
1 0.26328125 0.36640625 0.12734375 0.13828125
10 0.21328125 0.30234375 0.08046875 0.1453125
10 0.140625 0.34140625 0.13046875 0.18671875
10 0.41875 0.15625 0.05625 0.08203125
10 0.45625 0.13046875 0.0390625 0.075
10 0.475 0.21796875 0.04140625 0.115625
1 0.396875 0.22734375 0.06171875 0.0859375
10 0.44765625 0.259375 0.07421875 0.13046875
10 0.43125 0.3515625 0.13515625 0.175
7 0.39765625 0.428125 0.06328125 0.03984375
2 0.51484375 0.44296875 0.03984375 0.03828125
10 0.51953125 0.1859375 0.04921875 0.10625
10 0.56953125 0.20546875 0.04921875 0.08125
10 0.52109375 0.25625 0.0609375 0.14375
10 0.54453125 0.353125 0.09609375 0.18515625
10 0.646875 0.23046875 0.06015625 0.11796875
10 0.63671875 0.35625 0.09921875 0.1859375
1 0.709375 0.17890625 0.0390625 0.05859375
1 0.7328125 0.19453125 0.05859375 0.0765625
10 0.79140625 0.1796875 0.04140625 0.08359375
10 0.76484375 0.21796875 0.05390625 0.08984375
10 0.8140625 0.21875 0.053125 0.09296875
10 0.88515625 0.18984375 0.04375 0.090625
10 0.865625 0.24453125 0.03984375 0.09375
10 0.8359375 0.29296875 0.06171875 0.12109375
10 0.903125 0.34296875 0.08359375 0.1546875
10 0.9625 0.38125 0.075 0.19140625
3 0.06328125 0.221875 0.034375 0.06953125
9 0.03671875 0.14296875 0.0296875 0.05859375
9 0.07890625 0.1421875 0.028125 0.065625
3 0.128125 0.13125 0.02578125 0.05859375
9 0.36171875 0.13046875 0.0203125 0.0515625
3 0.41953125 0.14375 0.02265625 0.059375
3 0.3875 0.21796875 0.0328125 0.0640625
3 0.278125 0.23046875 0.0359375 0.07421875
3 0.3171875 0.30546875 0.0375 0.0796875
3 0.215625 0.27734375 0.0421875 0.08984375
3 0.25 0.35390625 0.04921875 0.09140625
6 0.33828125 0.13125 0.02265625 0.05078125
6 0.3015625 0.15546875 0.025 0.05546875
6 0.33828125 0.2140625 0.028125 0.0609375
6 0.278125 0.18125 0.0265625 0.04921875
6 0.1375 0.29296875 0.0515625 0.09140625
6 0.45078125 0.11796875 0.02109375 0.046875
6 0.4796875 0.13359375 0.02265625 0.04453125
6 0.46953125 0.19296875 0.02578125 0.06171875
3 0.45078125 0.23828125 0.03359375 0.0765625
3 0.5234375 0.2296875 0.03359375 0.078125
6 0.51796875 0.1609375 0.02421875 0.05625
6 0.53515625 0.134375 0.01875 0.04375
10 0.54375 0.153125 0.0359375 0.07578125
9 0.46875 0.3140625 0.05390625 0.08984375
9 0.55 0.315625 0.0484375 0.1015625
9 0.62734375 0.309375 0.0453125 0.09375
6 0.6515625 0.20625 0.02578125 0.0640625
3 0.571875 0.19296875 0.02578125 0.0546875
3 0.71640625 0.171875 0.02109375 0.04453125
3 0.7453125 0.18203125 0.02578125 0.05078125
6 0.7828125 0.15703125 0.021875 0.040625
6 0.76953125 0.19609375 0.02265625 0.0484375
3 0.8234375 0.20234375 0.02421875 0.053125
6 0.83828125 0.265625 0.02890625 0.0609375
3 0.8640625 0.23046875 0.02578125 0.05625
3 0.8921875 0.16953125 0.025 0.0515625
3 0.915625 0.30625 0.040625 0.08359375
3 0.9859375 0.28203125 0.028125 0.06875
1 0.96875 0.303125 0.0625 0.103125