6 0.1921875 0.59375 0.06640625 0.0984375
5 0.1390625 0.76875 0.03515625 0.03671875
3 0.27890625 0.58046875 0.040625 0.0796875
0 0.278125 0.64375 0.0359375 0.0296875
6 0.33828125 0.56796875 0.05390625 0.11328125
6 0.40078125 0.53359375 0.04140625 0.078125
3 0.56875 0.5796875 0.0328125 0.078125
3 0.60078125 0.61328125 0.05859375 0.11875
0 0.59453125 0.778125 0.06640625 0.059375
3 0.75390625 0.553125 0.04375 0.071875
3 0.80390625 0.58828125 0.06484375 0.11875
0 0.8140625 0.75390625 0.05703125 0.0515625
6 0.9703125 0.64375 0.05 0.11875
1 0.5546875 0.60625 0.07734375 0.13671875
10 0.190625 0.64921875 0.1328125 0.22421875
10 0.290625 0.6015625 0.07265625 0.121875
10 0.33984375 0.64140625 0.13125 0.2546875
10 0.409375 0.58828125 0.084375 0.18203125
10 0.5953125 0.6765625 0.13828125 0.24609375
10 0.7421875 0.5984375 0.07890625 0.15625
10 0.80078125 0.6609375 0.13828125 0.25625
10 0.94140625 0.696875 0.115625 0.2140625