3 0.20703125 0.44375 0.02578125 0.05546875
1 0.2078125 0.45546875 0.06953125 0.09453125
3 0.1125 0.41328125 0.0234375 0.04921875
1 0.11484375 0.41796875 0.0484375 0.065625
3 0.16328125 0.384375 0.01953125 0.04375
10 0.16953125 0.390625 0.04453125 0.05859375
3 0.25703125 0.4015625 0.02109375 0.0484375
10 0.2671875 0.42734375 0.05234375 0.10078125
9 0.24375 0.3609375 0.01953125 0.04375
10 0.24609375 0.36796875 0.03203125 0.05625
6 0.26875 0.36015625 0.01953125 0.04296875
10 0.26875 0.38046875 0.04296875 0.08203125
10 0.303125 0.346875 0.0171875 0.03828125
10 0.31015625 0.35234375 0.03203125 0.04921875
9 0.284375 0.35546875 0.01796875 0.04296875
3 0.321875 0.45390625 0.028125 0.0640625
3 0.30859375 0.48046875 0.0828125 0.1296875
6 0.40078125 0.45625 0.03203125 0.06171875
10 0.4125 0.48046875 0.08359375 0.11640625
3 0.521875 0.4515625 0.02734375 0.0640625
10 0.5109375 0.48046875 0.08671875 0.13125
6 0.5796875 0.47421875 0.02890625 0.06484375
10 0.58203125 0.4953125 0.06484375 0.109375
6 0.66953125 0.45546875 0.03125 0.06484375
10 0.6671875 0.48515625 0.07109375 0.13125
3 0.6484375 0.44375 0.01796875 0.0484375
10 0.634375 0.46796875 0.04765625 0.0953125
3 0.3609375 0.440625 0.02578125 0.059375
1 0.36171875 0.45625 0.05546875 0.0953125
6 0.3875 0.39375 0.02265625 0.04453125
10 0.38828125 0.409375 0.04296875 0.08046875
3 0.4234375 0.42890625 0.025 0.05703125
10 0.43515625 0.45390625 0.05234375 0.109375
6 0.52578125 0.39765625 0.01953125 0.04375
10 0.5234375 0.41796875 0.05078125 0.08828125
3 0.58125 0.41796875 0.02109375 0.0453125
1 0.5796875 0.43046875 0.05625 0.07421875
3 0.6375 0.40546875 0.0234375 0.05546875
10 0.63359375 0.4265625 0.0453125 0.08515625
3 0.415625 0.3546875 0.01796875 0.03515625
10 0.421875 0.3671875 0.0296875 0.06171875
6 0.43671875 0.33125 0.0140625 0.034375
10 0.4390625 0.34375 0.0375 0.0609375
3 0.4734375 0.33203125 0.015625 0.034375
10 0.475 0.33359375 0.0296875 0.04453125
6 0.48203125 0.38125 0.01953125 0.03828125
10 0.48828125 0.39296875 0.03984375 0.06796875
6 0.53828125 0.365625 0.01796875 0.03671875
6 0.65625 0.3734375 0.01953125 0.04453125
10 0.66328125 0.3921875 0.03671875 0.0765625
3 0.50546875 0.34453125 0.01640625 0.040625
10 0.50625 0.346875 0.0328125 0.05625
9 0.53671875 0.33671875 0.01796875 0.03671875
6 0.57421875 0.3515625 0.01953125 0.03984375
10 0.57421875 0.36484375 0.0359375 0.06640625
6 0.60546875 0.3390625 0.01640625 0.0390625
10 0.60078125 0.3546875 0.03125 0.071875
3 0.7203125 0.34375 0.01484375 0.03359375
3 0.734375 0.35390625 0.0140625 0.0359375
10 0.73203125 0.3609375 0.034375 0.05625
3 0.778125 0.35390625 0.0171875 0.03671875
3 0.75625 0.36796875 0.0171875 0.03828125
10 0.75234375 0.38125 0.03515625 0.0640625
3 0.79765625 0.375 0.01875 0.04296875
10 0.79296875 0.38046875 0.03671875 0.06484375
6 0.84375 0.340625 0.0171875 0.0359375
10 0.8453125 0.3546875 0.04375 0.06484375
3 0.840625 0.39296875 0.0203125 0.03671875
1 0.825 0.4046875 0.0515625 0.0609375
3 0.86171875 0.42265625 0.02421875 0.05078125
9 0.8390625 0.4359375 0.02578125 0.053125
1 0.81875 0.44453125 0.0625 0.08046875
3 0.87890625 0.45390625 0.025 0.05625
10 0.86328125 0.4765625 0.05546875 0.1015625
3 0.95859375 0.42421875 0.02421875 0.05625
10 0.95703125 0.43515625 0.03515625 0.08125
6 0.91953125 0.446875 0.03359375 0.06875
10 0.91953125 0.48671875 0.078125 0.15546875
6 0.98828125 0.48125 0.02265625 0.0640625
2 0.16484375 0.54296875 0.03984375 0.0234375
2 0.26953125 0.4609375 0.0234375 0.02421875
10 0.546875 0.38984375 0.03828125 0.090625
3 0.6171875 0.36875 0.01796875 0.0390625
10 0.6125 0.38125 0.03828125 0.05625
3 0.44296875 0.4015625 0.0234375 0.05390625
10 0.45078125 0.41953125 0.04140625 0.09921875