3 0.14921875 0.634375 0.04296875 0.0890625
0 0.13515625 0.70390625 0.04609375 0.04453125
6 0.23984375 0.58828125 0.0453125 0.08671875
0 0.21328125 0.70546875 0.05234375 0.0515625
9 0.3265625 0.5859375 0.0453125 0.08515625
5 0.29453125 0.71953125 0.028125 0.03671875
3 0.3921875 0.61484375 0.05 0.0890625
7 0.3765625 0.715625 0.08359375 0.04296875
9 0.58359375 0.6 0.040625 0.08125
0 0.57109375 0.70546875 0.0328125 0.03671875
6 0.69375 0.5765625 0.0421875 0.084375
0 0.671875 0.684375 0.0484375 0.06953125
6 0.78828125 0.59375 0.04296875 0.1
9 0.8546875 0.62890625 0.08046875 0.12421875
0 0.8703125 0.81875 0.08984375 0.05546875
1 0.153125 0.65546875 0.0984375 0.121875
10 0.23515625 0.63671875 0.10234375 0.16953125
10 0.32265625 0.63046875 0.07734375 0.16484375
10 0.40390625 0.6546875 0.10078125 0.15546875
10 0.57265625 0.64140625 0.109375 0.159375
10 0.68125 0.6265625 0.09765625 0.18515625
10 0.784375 0.63046875 0.10078125 0.16640625
10 0.890625 0.71796875 0.1890625 0.2734375