10 0.06640625 0.24375 0.08359375 0.11875
10 0.09140625 0.1609375 0.05703125 0.10859375
10 0.1375 0.1484375 0.05078125 0.06875
10 0.16328125 0.35546875 0.09765625 0.14453125
10 0.27734375 0.35625 0.11484375 0.1546875
1 0.20625 0.31875 0.08828125 0.12421875
1 0.315625 0.3109375 0.0859375 0.14453125
1 0.246875 0.25625 0.07109375 0.1046875
10 0.3453125 0.2546875 0.06015625 0.1390625
10 0.30703125 0.18046875 0.04375 0.0796875
1 0.396875 0.22578125 0.06171875 0.08046875
10 0.3375 0.15390625 0.0390625 0.0765625
10 0.37890625 0.13828125 0.04609375 0.0734375
10 0.41953125 0.15546875 0.06171875 0.08515625
10 0.475 0.1609375 0.04140625 0.10625
1 0.51640625 0.20078125 0.04921875 0.07421875
10 0.62421875 0.2234375 0.06484375 0.10625
1 0.57265625 0.1796875 0.06328125 0.06484375
1 0.56953125 0.21640625 0.05703125 0.05859375
10 0.446875 0.34921875 0.0921875 0.18046875
10 0.534375 0.35546875 0.0921875 0.171875
10 0.63984375 0.36796875 0.13046875 0.16796875
1 0.503125 0.29296875 0.04140625 0.084375
2 0.259375 0.4265625 0.06953125 0.03515625
2 0.51328125 0.44296875 0.0375 0.03203125
1 0.7109375 0.17890625 0.034375 0.05
1 0.73125 0.19296875 0.05390625 0.075
10 0.765625 0.21875 0.0484375 0.0890625
10 0.81640625 0.21796875 0.05234375 0.08203125
10 0.87578125 0.19140625 0.05234375 0.0765625
10 0.83203125 0.303125 0.07734375 0.1234375
10 0.89453125 0.3546875 0.09140625 0.1296875
10 0.9578125 0.38046875 0.08359375 0.171875
1 0.59765625 0.28671875 0.065625 0.09375
2 0.9796875 0.46875 0.040625 0.03359375
3 0.71796875 0.1734375 0.01796875 0.04375
10 0.44375 0.13046875 0.03046875 0.08359375
10 0.46953125 0.21796875 0.06015625 0.11796875
1 0.54375 0.15625 0.0390625 0.06171875
3 0.0625 0.22109375 0.03515625 0.0734375
3 0.07734375 0.13828125 0.02734375 0.0640625
3 0.13203125 0.14296875 0.02421875 0.05625
3 0.140625 0.32890625 0.04609375 0.08828125
3 0.18125 0.3015625 0.03984375 0.0765625
3 0.265625 0.24140625 0.03359375 0.0734375
3 0.303125 0.30625 0.0421875 0.08203125
3 0.26875 0.32109375 0.04296875 0.08984375
6 0.34453125 0.21875 0.03125 0.06875
3 0.30703125 0.171875 0.02578125 0.05546875
6 0.3375 0.14140625 0.02109375 0.04921875
3 0.375 0.1296875 0.01953125 0.0515625
3 0.38828125 0.21875 0.03046875 0.06640625
3 0.41875 0.14296875 0.0234375 0.05625
6 0.4421875 0.115625 0.02109375 0.0484375
6 0.46875 0.13125 0.02265625 0.046875
3 0.47734375 0.19140625 0.02734375 0.06171875
3 0.440625 0.2671875 0.03203125 0.06953125
1 0.4265625 0.28046875 0.071875 0.1
6 0.4625 0.30546875 0.0375 0.0890625
3 0.5125 0.1921875 0.0234375 0.0546875
3 0.54609375 0.1515625 0.02109375 0.0484375
3 0.50703125 0.28984375 0.03125 0.071875
6 0.5328125 0.31796875 0.04375 0.0953125
3 0.578125 0.16953125 0.0265625 0.0484375
3 0.5734375 0.215625 0.02421875 0.053125
6 0.62265625 0.20390625 0.02734375 0.059375
3 0.64375 0.33828125 0.04609375 0.1
0 0.64453125 0.43046875 0.04921875 0.04140625
3 0.7421875 0.18125 0.02421875 0.053125
6 0.76640625 0.19453125 0.021875 0.046875
3 0.79453125 0.18671875 0.02421875 0.0546875
1 0.7921875 0.19296875 0.03515625 0.059375
3 0.8234375 0.2046875 0.02265625 0.05
3 0.8875 0.17890625 0.0265625 0.0515625
3 0.853125 0.27890625 0.0296875 0.06875
7 0.84375 0.3359375 0.04140625 0.03046875
3 0.9171875 0.3296875 0.03984375 0.08125
3 0.975 0.2765625 0.03203125 0.06484375
10 0.9625 0.29140625 0.05546875 0.0953125
3 0.98671875 0.34296875 0.0265625 0.0953125
3 0.909375 0.27265625 0.03984375 0.06953125