7 0.2390625 0.134375 0.01640625 0.02109375
3 0.24296875 0.09765625 0.01484375 0.02890625
10 0.2453125 0.109375 0.0421875 0.05546875
7 0.3859375 0.08046875 0.02265625 0.01953125
2 0.42578125 0.07734375 0.02421875 0.0140625
3 0.3890625 0.04765625 0.0140625 0.0265625
10 0.39296875 0.05703125 0.04140625 0.05078125
2 0.67421875 0.31171875 0.03359375 0.04140625
7 0.70390625 0.3 0.04140625 0.0484375
3 0.7109375 0.24140625 0.0234375 0.04375
10 0.69609375 0.2609375 0.0625 0.1015625
2 0.89921875 0.39140625 0.02109375 0.0265625