10 0.071875 0.253125 0.0890625 0.128125
10 0.07109375 0.1765625 0.0921875 0.128125
10 0.13671875 0.1484375 0.0515625 0.0703125
10 0.32890625 0.14140625 0.04140625 0.0953125
10 0.3796875 0.14296875 0.040625 0.065625
10 0.41953125 0.15625 0.05390625 0.08203125
10 0.47578125 0.221875 0.05546875 0.125
10 0.52421875 0.1828125 0.04921875 0.11015625
1 0.57421875 0.2171875 0.05078125 0.06015625
10 0.63125 0.22890625 0.05390625 0.10625
10 0.64453125 0.36953125 0.13671875 0.17421875
10 0.60625 0.33046875 0.0734375 0.128125
1 0.596875 0.28671875 0.06484375 0.09453125
10 0.53828125 0.35546875 0.09453125 0.17578125
10 0.446875 0.346875 0.0984375 0.18125
10 0.44765625 0.26796875 0.075 0.13046875
1 0.39765625 0.22578125 0.06171875 0.08828125
10 0.31953125 0.29375 0.08828125 0.1796875
10 0.35 0.246875 0.0609375 0.14453125
10 0.27578125 0.34765625 0.11171875 0.16953125
10 0.21875 0.30625 0.0703125 0.1453125
10 0.165625 0.33671875 0.09609375 0.18046875
1 0.71015625 0.1796875 0.0375 0.05703125
1 0.73046875 0.19296875 0.0578125 0.0765625
10 0.76484375 0.21875 0.0484375 0.09609375
10 0.809375 0.21875 0.04453125 0.08671875
10 0.88828125 0.19453125 0.05390625 0.075
10 0.83828125 0.29375 0.06953125 0.1203125
10 0.89765625 0.34921875 0.10546875 0.15546875
2 0.515625 0.44375 0.03828125 0.03515625
2 0.25703125 0.41875 0.07421875 0.0296875
3 0.06328125 0.2265625 0.03203125 0.07421875
6 0.06328125 0.146875 0.02890625 0.06875
3 0.03828125 0.14609375 0.02890625 0.06328125
3 0.128125 0.14296875 0.0234375 0.05859375
6 0.33125 0.121875 0.0234375 0.05546875
3 0.3015625 0.1640625 0.02578125 0.06171875
10 0.30390625 0.171875 0.03828125 0.08125
6 0.2984375 0.2484375 0.03984375 0.09375
3 0.3359375 0.215625 0.03359375 0.08046875
3 0.390625 0.21640625 0.0328125 0.06875
3 0.37578125 0.13359375 0.01953125 0.05
3 0.4234375 0.14453125 0.021875 0.0609375
6 0.44140625 0.11171875 0.01875 0.04453125
10 0.44375 0.13203125 0.03046875 0.09140625
3 0.46328125 0.19609375 0.02734375 0.06953125
6 0.471875 0.134375 0.0234375 0.05
3 0.26875 0.23046875 0.03515625 0.08125
3 0.26796875 0.309375 0.0421875 0.09375
3 0.20390625 0.28046875 0.0375 0.09453125
6 0.165625 0.29453125 0.0453125 0.096875
3 0.54609375 0.153125 0.02265625 0.053125
3 0.57890625 0.16875 0.02578125 0.05546875
1 0.56953125 0.17421875 0.05390625 0.06875
6 0.6265625 0.20625 0.02734375 0.06171875
6 0.54453125 0.315625 0.04140625 0.09453125
3 0.65 0.340625 0.04609375 0.10390625
3 0.62578125 0.3109375 0.03359375 0.08125
3 0.71875 0.171875 0.01796875 0.04453125
3 0.74453125 0.18046875 0.02578125 0.05390625
9 0.7734375 0.19375 0.02421875 0.053125
9 0.80703125 0.20390625 0.025 0.05078125
3 0.9015625 0.1859375 0.025 0.0546875
3 0.85390625 0.2734375 0.02890625 0.0703125
7 0.8453125 0.33828125 0.04453125 0.03125
3 0.91953125 0.31875 0.04140625 0.08671875
2 0.97890625 0.46796875 0.03984375 0.02890625
6 0.52265625 0.1609375 0.025 0.05625
0 0.65546875 0.4359375 0.05 0.03671875
3 0.45234375 0.31328125 0.03671875 0.090625