3 0.08203125 0.74296875 0.06640625 0.121875
5 0.046875 0.84765625 0.0484375 0.04375
6 0.23515625 0.56875 0.0375 0.05703125
6 0.240625 0.65546875 0.0609375 0.128125
2 0.18984375 0.834375 0.1203125 0.05625
6 0.3453125 0.578125 0.04140625 0.07421875
5 0.32578125 0.709375 0.025 0.03046875
6 0.484375 0.56875 0.04375 0.078125
3 0.53203125 0.69140625 0.05546875 0.1203125
0 0.53828125 0.80546875 0.05234375 0.05546875
6 0.59140625 0.57265625 0.05 0.08203125
5 0.60703125 0.7046875 0.025 0.03125
6 0.70546875 0.60625 0.0515625 0.1109375
5 0.69453125 0.81953125 0.03125 0.04375
3 0.83828125 0.6765625 0.06328125 0.109375
2 0.88515625 0.8234375 0.08984375 0.06953125
10 0.23515625 0.7171875 0.13125 0.23828125
10 0.25 0.5953125 0.0734375 0.1015625
10 0.34375 0.62421875 0.09140625 0.171875
10 0.48046875 0.61953125 0.09375 0.16796875
10 0.53203125 0.7296875 0.13984375 0.209375
10 0.6 0.61796875 0.08671875 0.18203125
10 0.709375 0.6890625 0.13203125 0.265625
10 0.85390625 0.72578125 0.12890625 0.1984375
1 0.1046875 0.73515625 0.14765625 0.21875