3 0.03125 0.490625 0.0609375 0.121875
2 0.0390625 0.60390625 0.0765625 0.08125
3 0.196875 0.49921875 0.0578125 0.10625
5 0.18515625 0.640625 0.034375 0.03671875
6 0.33828125 0.4609375 0.04765625 0.11953125
0 0.271875 0.628125 0.03671875 0.06328125
6 0.37421875 0.45546875 0.0296875 0.06484375
6 0.5546875 0.46328125 0.040625 0.07421875
6 0.6421875 0.47890625 0.034375 0.06484375
6 0.69765625 0.51875 0.05390625 0.10390625
2 0.68515625 0.6875 0.09140625 0.04375
10 0.20390625 0.54609375 0.121875 0.18671875
10 0.33359375 0.5421875 0.1609375 0.265625
10 0.38828125 0.50625 0.06875 0.15625
10 0.54375 0.50859375 0.1015625 0.165625
10 0.634375 0.51953125 0.0796875 0.14453125
10 0.6828125 0.57734375 0.13125 0.21953125
10 0.73671875 0.5359375 0.0578125 0.1453125
1 0.06953125 0.53203125 0.13828125 0.1984375