6 0.09453125 0.634375 0.08046875 0.15625
5 0.04453125 0.85078125 0.06015625 0.0390625
6 0.24140625 0.5859375 0.046875 0.09375
8 0.19453125 0.75546875 0.075 0.12421875
6 0.34140625 0.58046875 0.04921875 0.08671875
5 0.32578125 0.709375 0.02578125 0.03046875
6 0.4890625 0.56875 0.04609375 0.078125
6 0.60546875 0.571875 0.0484375 0.08046875
5 0.6109375 0.7046875 0.021875 0.03125
3 0.5109375 0.70078125 0.06875 0.11328125
0 0.53828125 0.80546875 0.04140625 0.05546875
6 0.70078125 0.60625 0.05390625 0.1109375
5 0.69609375 0.81796875 0.0328125 0.04609375
3 0.84140625 0.65625 0.05859375 0.11875
2 0.884375 0.81875 0.0921875 0.0609375
1 0.21875 0.75078125 0.13984375 0.19921875
10 0.10546875 0.70234375 0.1328125 0.26171875
10 0.2484375 0.63046875 0.09453125 0.16640625
10 0.34375 0.62109375 0.09140625 0.178125
10 0.49453125 0.61796875 0.103125 0.16640625
1 0.53125 0.73203125 0.13671875 0.20859375
10 0.60625 0.61875 0.1015625 0.1796875
10 0.70625 0.68828125 0.12734375 0.26875
10 0.853125 0.709375 0.134375 0.21875