6 0.1796875 0.59296875 0.06015625 0.1296875
5 0.14140625 0.76484375 0.03359375 0.03671875
3 0.27578125 0.5703125 0.03515625 0.078125
0 0.2734375 0.64140625 0.03359375 0.03515625
6 0.3203125 0.58046875 0.0625 0.12421875
0 0.28828125 0.75546875 0.05625 0.0703125
3 0.403125 0.55859375 0.04375 0.0984375
0 0.3921875 0.64609375 0.03125 0.0515625
3 0.5734375 0.5703125 0.02890625 0.078125
3 0.60234375 0.60390625 0.0546875 0.11875
0 0.59765625 0.7703125 0.05 0.0703125
9 0.78828125 0.58125 0.06640625 0.1296875
0 0.81953125 0.75859375 0.0625 0.06484375
3 0.88203125 0.61796875 0.059375 0.14296875
2 0.92265625 0.80546875 0.13515625 0.059375
10 0.17734375 0.65390625 0.134375 0.228125
10 0.26875 0.596875 0.06640625 0.121875
10 0.31953125 0.65625 0.1328125 0.25859375
10 0.59765625 0.67109375 0.13984375 0.25546875
10 0.7578125 0.65390625 0.12734375 0.2734375
10 0.8734375 0.67109375 0.11796875 0.2390625
1 0.40859375 0.5921875 0.08984375 0.16953125
1 0.56015625 0.59921875 0.07265625 0.14453125