6 0.21953125 0.5796875 0.0625 0.1
5 0.14140625 0.76640625 0.03359375 0.03671875
3 0.27578125 0.565625 0.04140625 0.08359375
0 0.278125 0.63828125 0.028125 0.03125
3 0.3171875 0.60546875 0.05625 0.12578125
0 0.29140625 0.74375 0.05390625 0.06640625
3 0.4 0.553125 0.0484375 0.09453125
5 0.39140625 0.64453125 0.03984375 0.0515625
3 0.56953125 0.58046875 0.03828125 0.06640625
3 0.6 0.61875 0.0546875 0.11875
0 0.596875 0.77109375 0.0671875 0.08046875
6 0.740625 0.56796875 0.0640625 0.109375
9 0.86328125 0.6234375 0.07265625 0.1203125
2 0.90625 0.80390625 0.1484375 0.06640625
1 0.278125 0.59921875 0.05390625 0.13515625
1 0.40703125 0.5984375 0.08984375 0.16875
1 0.56328125 0.61171875 0.08828125 0.13125
1 0.7890625 0.6109375 0.06171875 0.13671875
10 0.21015625 0.64609375 0.11875 0.228125
10 0.31484375 0.659375 0.14921875 0.23203125
10 0.5921875 0.68125 0.13671875 0.2390625
10 0.73515625 0.6515625 0.13828125 0.27421875
10 0.865625 0.67578125 0.1359375 0.23125