8 0.08203125 0.73359375 0.07421875 0.11875
5 0.0421875 0.84765625 0.05390625 0.04375
6 0.234375 0.5796875 0.040625 0.078125
6 0.2390625 0.659375 0.06484375 0.13046875
2 0.1875 0.84140625 0.1203125 0.06875
6 0.346875 0.58046875 0.0375 0.0796875
5 0.32265625 0.70859375 0.03125 0.03125
6 0.4859375 0.578125 0.04765625 0.0890625
3 0.52734375 0.69375 0.0546875 0.12421875
0 0.53515625 0.80546875 0.05546875 0.0609375
6 0.60078125 0.578125 0.04140625 0.1
5 0.6109375 0.7015625 0.02890625 0.040625
6 0.7046875 0.60546875 0.05390625 0.1109375
5 0.69765625 0.81875 0.03515625 0.040625
3 0.8359375 0.678125 0.06171875 0.1109375
2 0.88359375 0.8265625 0.0921875 0.06484375
10 0.23359375 0.709375 0.13671875 0.24375
10 0.24453125 0.59375 0.075 0.09453125
10 0.34140625 0.62578125 0.0921875 0.1734375
10 0.484375 0.62109375 0.10703125 0.16640625
10 0.5328125 0.73046875 0.13984375 0.20703125
10 0.60078125 0.61796875 0.08359375 0.1765625
10 0.709375 0.69296875 0.1328125 0.26953125
10 0.853125 0.71875 0.1296875 0.19375
1 0.10703125 0.7359375 0.14609375 0.21953125