6 0.89375 0.46796875 0.03671875 0.0734375
7 0.896875 0.571875 0.0578125 0.04296875
10 0.88359375 0.509375 0.0796875 0.15625
6 0.94453125 0.46171875 0.03671875 0.08125
10 0.9484375 0.50078125 0.08984375 0.1609375
3 0.82578125 0.41796875 0.02890625 0.06953125
10 0.81015625 0.45625 0.084375 0.15078125
7 0.80703125 0.52109375 0.03828125 0.03203125
6 0.7765625 0.40390625 0.02265625 0.046875
10 0.76640625 0.43046875 0.05078125 0.10546875
6 0.8046875 0.371875 0.0203125 0.04140625
10 0.803125 0.38984375 0.0359375 0.0796875
6 0.8296875 0.3734375 0.01953125 0.03671875
3 0.87109375 0.4515625 0.0265625 0.06484375
7 0.70625 0.44140625 0.0203125 0.01796875
3 0.72890625 0.39375 0.02265625 0.04609375
3 0.75703125 0.3921875 0.01953125 0.046875
10 0.71328125 0.4109375 0.05703125 0.08046875
3 0.7453125 0.31953125 0.01640625 0.0359375
3 0.70625 0.34375 0.01796875 0.040625
6 0.659375 0.321875 0.01484375 0.03203125
6 0.63828125 0.30703125 0.015625 0.03515625
6 0.67109375 0.3109375 0.015625 0.034375
10 0.659375 0.34375 0.04453125 0.07421875
1 0.7 0.346875 0.0359375 0.05625
10 0.73984375 0.32890625 0.0296875 0.05390625
10 0.63203125 0.31796875 0.03671875 0.05859375
10 0.67578125 0.31796875 0.02578125 0.05625
6 0.57578125 0.41875 0.03125 0.07109375
10 0.56953125 0.45546875 0.07421875 0.13359375
6 0.49765625 0.41875 0.03046875 0.0609375
6 0.4359375 0.421875 0.03046875 0.06640625
3 0.36015625 0.4078125 0.03125 0.06171875
6 0.3015625 0.41875 0.03203125 0.05546875
3 0.27421875 0.40703125 0.02578125 0.06640625
3 0.396875 0.36171875 0.0203125 0.03984375
3 0.35078125 0.353125 0.02578125 0.05703125
3 0.3078125 0.34765625 0.01953125 0.0453125
3 0.33046875 0.3171875 0.01796875 0.04140625
2 0.31875 0.521875 0.02109375 0.01953125
7 0.4265625 0.49921875 0.03203125 0.04140625
10 0.50078125 0.45390625 0.06953125 0.1390625
10 0.43125 0.4578125 0.07734375 0.134375
10 0.36484375 0.428125 0.07421875 0.10390625
10 0.30703125 0.4546875 0.07734375 0.12421875
10 0.25703125 0.41875 0.059375 0.09921875
10 0.346875 0.378125 0.0671875 0.1015625
10 0.30703125 0.35546875 0.05078125 0.06875
6 0.43515625 0.36875 0.02578125 0.05
10 0.4390625 0.39296875 0.05703125 0.09296875
6 0.4859375 0.31484375 0.0171875 0.03515625
10 0.4875 0.33046875 0.03359375 0.06953125
3 0.525 0.3328125 0.01640625 0.03828125
10 0.52421875 0.3453125 0.0390625 0.05703125
3 0.55234375 0.38046875 0.02265625 0.0515625
6 0.57734375 0.34375 0.0171875 0.04296875
10 0.57890625 0.35703125 0.03515625 0.075
0 0.53828125 0.29765625 0.021875 0.01953125
6 0.53828125 0.28671875 0.01484375 0.028125
10 0.53828125 0.29765625 0.02578125 0.05625
3 0.51875 0.3046875 0.01640625 0.0390625
10 0.5125 0.315625 0.03203125 0.06328125
6 0.4453125 0.3109375 0.01875 0.03828125
10 0.44453125 0.33046875 0.05078125 0.08515625
10 0.40078125 0.36796875 0.04140625 0.0546875
6 0.3453125 0.30078125 0.01640625 0.034375
10 0.353125 0.3109375 0.03515625 0.05859375
3 0.39140625 0.2984375 0.01640625 0.0359375
10 0.38828125 0.3015625 0.03203125 0.05
6 0.415625 0.290625 0.015625 0.03046875
0 0.41640625 0.31875 0.01484375 0.0296875
0 0.415625 0.30546875 0.0421875 0.071875
3 0.43359375 0.29140625 0.0140625 0.03125
3 0.11015625 0.42578125 0.02890625 0.05859375
1 0.10703125 0.43046875 0.07890625 0.07421875
3 0.009375 0.37890625 0.0171875 0.046875
1 0.021875 0.38125 0.0421875 0.0640625
3 0.0671875 0.34296875 0.0203125 0.0453125
10 0.07578125 0.35546875 0.03984375 0.07421875
6 0.18359375 0.34453125 0.02265625 0.0453125
10 0.17890625 0.378125 0.06328125 0.10546875
2 0.1703125 0.428125 0.02421875 0.021875
3 0.21015625 0.30859375 0.01640625 0.03515625
10 0.21640625 0.31328125 0.0375 0.05078125
9 0.14375 0.31875 0.0203125 0.04375
10 0.140625 0.3265625 0.0359375 0.06015625
10 0.540625 0.39375 0.04765625 0.08828125