3 0.03125 0.46875 0.0609375 0.11875
2 0.04296875 0.58046875 0.08515625 0.08359375
3 0.19765625 0.48046875 0.05390625 0.11875
0 0.18515625 0.6046875 0.05390625 0.05390625
3 0.32578125 0.4546875 0.05703125 0.12421875
0 0.284375 0.578125 0.0421875 0.0515625
2 0.28203125 0.6359375 0.11953125 0.04375
6 0.37265625 0.44375 0.03828125 0.059375
6 0.55703125 0.44921875 0.03359375 0.0734375
6 0.6375 0.47578125 0.03203125 0.065625
6 0.728125 0.48046875 0.0375 0.078125
6 0.6890625 0.49921875 0.04609375 0.1046875
2 0.6890625 0.68046875 0.08515625 0.04453125
1 0.07421875 0.5109375 0.1421875 0.19453125
10 0.20625 0.53046875 0.12109375 0.18515625
10 0.33984375 0.51953125 0.1546875 0.240625
10 0.38984375 0.49296875 0.07109375 0.16015625
10 0.5453125 0.49453125 0.09375 0.16875
10 0.6328125 0.5140625 0.075 0.13125
10 0.68046875 0.5671875 0.1265625 0.2234375
10 0.73828125 0.52734375 0.06171875 0.16171875