8 0.11640625 0.7546875 0.06796875 0.11328125
5 0.06015625 0.83203125 0.0375 0.040625
3 0.23203125 0.60546875 0.04453125 0.090625
0 0.2125 0.68359375 0.0421875 0.03515625
8 0.24375 0.740625 0.06953125 0.11875
3 0.3484375 0.60546875 0.046875 0.0890625
0 0.33828125 0.6875 0.028125 0.05625
3 0.52578125 0.61953125 0.04140625 0.07421875
5 0.52890625 0.70390625 0.03828125 0.02578125
3 0.6265625 0.61875 0.04140625 0.08125
7 0.6234375 0.69375 0.05859375 0.0484375
6 0.75390625 0.59453125 0.053125 0.11328125
5 0.75390625 0.82578125 0.034375 0.03671875
6 0.87734375 0.61875 0.0546875 0.1
2 0.940625 0.84765625 0.1140625 0.06953125
5 0.2234375 0.8375 0.03125 0.03046875
1 0.10625 0.73046875 0.1609375 0.18515625
1 0.25625 0.74375 0.1484375 0.20703125
10 0.23515625 0.63203125 0.10078125 0.13359375
10 0.35234375 0.63046875 0.08671875 0.1703125
10 0.51953125 0.64609375 0.11015625 0.11953125
10 0.62578125 0.64453125 0.11015625 0.13828125
10 0.7328125 0.68828125 0.16484375 0.27578125
10 0.87578125 0.69921875 0.11328125 0.24375