8 0.08203125 0.74375 0.07265625 0.1109375
5 0.04453125 0.84375 0.04765625 0.04296875
6 0.23515625 0.58046875 0.04609375 0.071875
6 0.23828125 0.65078125 0.05703125 0.12421875
6 0.34765625 0.5734375 0.04296875 0.08046875
5 0.32578125 0.70546875 0.02421875 0.03359375
2 0.18828125 0.84375 0.11875 0.0609375
6 0.48203125 0.57265625 0.04140625 0.08046875
6 0.5953125 0.5734375 0.04375 0.09375
3 0.52890625 0.69296875 0.06015625 0.11875
5 0.6109375 0.70390625 0.028125 0.0296875
0 0.53515625 0.80546875 0.05390625 0.06328125
6 0.703125 0.60546875 0.053125 0.10390625
5 0.69765625 0.81953125 0.03125 0.04375
3 0.834375 0.67890625 0.0625 0.11640625
2 0.88515625 0.81953125 0.09140625 0.06328125
1 0.1046875 0.7359375 0.146875 0.21875
10 0.246875 0.60625 0.07578125 0.125
10 0.23359375 0.71796875 0.13828125 0.234375
10 0.34609375 0.6265625 0.08671875 0.17109375
10 0.47890625 0.621875 0.09921875 0.17109375
10 0.5328125 0.73046875 0.14140625 0.20703125
10 0.6 0.61875 0.0859375 0.1703125
10 0.70703125 0.69296875 0.12890625 0.26484375
10 0.85078125 0.71875 0.128125 0.2