8 0.11328125 0.76171875 0.06640625 0.11953125
5 0.0578125 0.83046875 0.03359375 0.040625
3 0.22890625 0.60546875 0.04140625 0.0890625
0 0.21328125 0.684375 0.0375 0.03046875
8 0.2421875 0.74375 0.07109375 0.1203125
3 0.346875 0.603125 0.0453125 0.09453125
0 0.33828125 0.68359375 0.034375 0.05546875
3 0.5234375 0.61875 0.04140625 0.07578125
5 0.52890625 0.7015625 0.03515625 0.02578125
3 0.628125 0.61875 0.0453125 0.0890625
7 0.62578125 0.69375 0.05859375 0.05
6 0.75390625 0.6015625 0.05625 0.11484375
5 0.75703125 0.8265625 0.0375 0.0390625
6 0.8765625 0.61875 0.06015625 0.109375
2 0.9390625 0.84453125 0.1125 0.06953125
5 0.22578125 0.84375 0.034375 0.028125
10 0.225 0.63046875 0.09140625 0.128125
10 0.35234375 0.6359375 0.09140625 0.159375
10 0.5171875 0.64296875 0.109375 0.125
10 0.6265625 0.6484375 0.109375 0.14296875
10 0.734375 0.684375 0.17421875 0.26953125
10 0.87890625 0.69921875 0.115625 0.25546875
1 0.109375 0.73046875 0.1671875 0.1796875
1 0.25546875 0.75 0.14375 0.20546875