6 0.21640625 0.58046875 0.05390625 0.10546875
5 0.14140625 0.76796875 0.03359375 0.0390625
3 0.27890625 0.57109375 0.03984375 0.08046875
0 0.27890625 0.63671875 0.03359375 0.04453125
6 0.31875 0.58515625 0.0578125 0.11875
0 0.29140625 0.73671875 0.04765625 0.08125
3 0.3984375 0.55703125 0.04765625 0.09609375
0 0.39140625 0.65078125 0.04375 0.05
3 0.56640625 0.5796875 0.034375 0.06328125
3 0.5984375 0.6234375 0.059375 0.11640625
0 0.59765625 0.76875 0.06328125 0.07578125
6 0.73828125 0.56953125 0.05390625 0.11640625
3 0.8609375 0.64296875 0.071875 0.11484375
2 0.9078125 0.80546875 0.146875 0.059375
10 0.2109375 0.64453125 0.1203125 0.23125
10 0.31796875 0.65859375 0.14453125 0.2546875
10 0.59296875 0.67578125 0.1375 0.228125
10 0.734375 0.65703125 0.13671875 0.28828125
10 0.86015625 0.690625 0.12890625 0.2109375
1 0.27578125 0.5984375 0.05234375 0.134375
1 0.40703125 0.59609375 0.08828125 0.1609375
1 0.56484375 0.61171875 0.09609375 0.13046875