8 0.11328125 0.75546875 0.07109375 0.12421875
5 0.059375 0.83046875 0.0328125 0.03359375
3 0.22890625 0.6015625 0.04140625 0.08515625
0 0.21171875 0.6796875 0.0359375 0.040625
8 0.2421875 0.73046875 0.06328125 0.1203125
3 0.3484375 0.60546875 0.04609375 0.09609375
0 0.33671875 0.690625 0.0453125 0.0515625
3 0.52578125 0.61875 0.04921875 0.078125
5 0.5265625 0.69453125 0.04140625 0.03046875
3 0.62421875 0.61875 0.0484375 0.08125
7 0.621875 0.7015625 0.0578125 0.0484375
6 0.7515625 0.59453125 0.05703125 0.11328125
5 0.7515625 0.81875 0.03359375 0.03515625
6 0.8703125 0.6125 0.059375 0.09375
2 0.9390625 0.8375 0.1125 0.05625
10 0.23203125 0.634375 0.10625 0.14453125
10 0.3515625 0.634375 0.10234375 0.16015625
10 0.51875 0.640625 0.1109375 0.14921875
10 0.62734375 0.63671875 0.10546875 0.15546875
10 0.73203125 0.684375 0.178125 0.28125
10 0.871875 0.696875 0.11796875 0.25546875
1 0.11015625 0.73125 0.16640625 0.1734375
1 0.25390625 0.74140625 0.14921875 0.209375