6 0.1375 0.48046875 0.0578125 0.0984375
2 0.0875 0.64453125 0.1078125 0.0484375
6 0.2546875 0.50390625 0.059375 0.10390625
0 0.20625 0.6515625 0.0453125 0.059375
6 0.38828125 0.490625 0.05 0.10703125
5 0.32109375 0.68125 0.0328125 0.040625
6 0.43828125 0.49375 0.040625 0.08125
8 0.609375 0.559375 0.0515625 0.09453125
8 0.71171875 0.56640625 0.0515625 0.09296875
8 0.81015625 0.60390625 0.04609375 0.08125
8 0.75625 0.678125 0.0703125 0.12578125
10 0.134375 0.5453125 0.14609375 0.23125
10 0.25078125 0.56171875 0.12734375 0.2140625
10 0.384375 0.565625 0.1234375 0.25390625
10 0.45 0.53515625 0.06640625 0.1515625
1 0.60078125 0.5734375 0.10546875 0.13203125
1 0.69921875 0.58046875 0.0875 0.11875
1 0.81640625 0.61171875 0.10390625 0.115625
1 0.74453125 0.665625 0.16640625 0.18359375