8 0.08671875 0.790625 0.0765625 0.1109375
5 0.0484375 0.90390625 0.05390625 0.03671875
6 0.2515625 0.68359375 0.05234375 0.10390625
2 0.19375 0.88671875 0.1296875 0.059375
6 0.24140625 0.61875 0.04375 0.0390625
6 0.34765625 0.6265625 0.04140625 0.08125
5 0.32578125 0.759375 0.02265625 0.02578125
2 0.35703125 0.7609375 0.03984375 0.0296875
6 0.478125 0.62578125 0.0390625 0.08125
6 0.59765625 0.6109375 0.04140625 0.09453125
5 0.61484375 0.74453125 0.0296875 0.02578125
3 0.5234375 0.721875 0.05390625 0.12578125
0 0.53203125 0.85703125 0.04140625 0.06640625
6 0.69765625 0.64375 0.04921875 0.10390625
5 0.70078125 0.86328125 0.03359375 0.03671875
3 0.83828125 0.715625 0.05703125 0.109375
2 0.89140625 0.86171875 0.09921875 0.05703125
10 0.85703125 0.7609375 0.12265625 0.18828125
10 0.709375 0.73359375 0.1203125 0.25390625
10 0.6 0.6609375 0.0828125 0.15546875
10 0.5296875 0.77734375 0.13671875 0.20859375
10 0.48828125 0.671875 0.07109375 0.16171875
10 0.34921875 0.6765625 0.08046875 0.16015625
10 0.25234375 0.75859375 0.1234375 0.23125
1 0.11328125 0.78671875 0.14921875 0.2015625