10 0.06484375 0.24375 0.08046875 0.121875
10 0.06640625 0.18046875 0.08046875 0.115625
10 0.1390625 0.14609375 0.04921875 0.07421875
10 0.16875 0.3359375 0.10390625 0.18125
10 0.278125 0.35546875 0.1140625 0.15546875
1 0.25 0.25546875 0.0703125 0.10390625
1 0.315625 0.3109375 0.0828125 0.14453125
10 0.303125 0.1828125 0.03515625 0.07890625
10 0.37421875 0.140625 0.0484375 0.06796875
1 0.39765625 0.22578125 0.06328125 0.0890625
10 0.41953125 0.159375 0.05546875 0.08515625
10 0.44453125 0.13046875 0.02890625 0.07890625
10 0.46640625 0.21875 0.06328125 0.12578125
1 0.44765625 0.28125 0.07265625 0.103125
10 0.44609375 0.35 0.08984375 0.18125
10 0.53515625 0.34453125 0.09375 0.18828125
10 0.51953125 0.1828125 0.04921875 0.10078125
1 0.56640625 0.178125 0.05703125 0.06953125
10 0.56328125 0.20859375 0.04609375 0.0765625
10 0.64140625 0.23125 0.05703125 0.103125
1 0.59765625 0.2890625 0.06875 0.09453125
10 0.63828125 0.371875 0.13125 0.16875
0 0.6421875 0.43046875 0.053125 0.040625
1 0.73125 0.19296875 0.0546875 0.08125
1 0.796875 0.1890625 0.0390625 0.06875
10 0.765625 0.21640625 0.053125 0.09453125
10 0.8140625 0.21875 0.05 0.0859375
10 0.8859375 0.20234375 0.04921875 0.075
10 0.8359375 0.29453125 0.065625 0.11953125
10 0.89765625 0.33984375 0.08515625 0.1609375
10 0.9578125 0.29375 0.05703125 0.10703125
2 0.26015625 0.4265625 0.06953125 0.03515625
2 0.515625 0.44296875 0.03828125 0.03203125
2 0.978125 0.46875 0.04375 0.03125
10 0.34453125 0.246875 0.06640625 0.13984375
10 0.70625 0.16640625 0.0421875 0.07890625
3 0.06328125 0.21875 0.03359375 0.07421875
3 0.075 0.15546875 0.03125 0.06484375
3 0.03515625 0.1515625 0.02890625 0.06171875
3 0.13203125 0.13828125 0.025 0.05546875
6 0.1875 0.29140625 0.0421875 0.08828125
3 0.26640625 0.321875 0.04453125 0.0890625
3 0.3 0.29375 0.03984375 0.08203125
3 0.2640625 0.24296875 0.034375 0.0765625
3 0.30703125 0.17421875 0.025 0.05546875
6 0.340625 0.20859375 0.03046875 0.059375
3 0.33515625 0.121875 0.02109375 0.04921875
10 0.3390625 0.13359375 0.03125 0.07421875
9 0.36015625 0.13125 0.02109375 0.05078125
3 0.39765625 0.215625 0.03046875 0.06953125
3 0.4234375 0.14609375 0.02421875 0.05625
6 0.44453125 0.11640625 0.01953125 0.0453125
3 0.47265625 0.18828125 0.02890625 0.06328125
3 0.4703125 0.140625 0.02265625 0.04921875
3 0.4390625 0.2640625 0.03125 0.06875
6 0.4546875 0.30546875 0.03671875 0.0890625
6 0.521875 0.1609375 0.0234375 0.05546875
3 0.57109375 0.1671875 0.02578125 0.0453125
6 0.56796875 0.19296875 0.02421875 0.0453125
6 0.53984375 0.29609375 0.0390625 0.0890625
3 0.6390625 0.21328125 0.02890625 0.06875
3 0.64375 0.34140625 0.0453125 0.1046875
3 0.70859375 0.146875 0.02109375 0.04453125
3 0.74375 0.178125 0.0234375 0.04921875
3 0.76953125 0.19375 0.021875 0.05078125
3 0.80078125 0.18125 0.025 0.05078125
3 0.8234375 0.20390625 0.02265625 0.05078125
3 0.84765625 0.26953125 0.02890625 0.06875
3 0.896875 0.19453125 0.028125 0.05078125
6 0.90703125 0.29609375 0.03828125 0.0734375
3 0.9703125 0.271875 0.02890625 0.06328125