6 0.19453125 0.59296875 0.0625 0.10390625
5 0.1390625 0.76640625 0.0375 0.03671875
3 0.28828125 0.5703125 0.040625 0.078125
0 0.28828125 0.63828125 0.02578125 0.03125
6 0.34140625 0.5703125 0.05625 0.11484375
6 0.40078125 0.53203125 0.04375 0.08359375
3 0.56796875 0.58046875 0.03828125 0.06640625
3 0.59765625 0.61796875 0.05390625 0.13125
0 0.59140625 0.7703125 0.06796875 0.07421875
6 0.75078125 0.5734375 0.0625 0.09453125
3 0.971875 0.63046875 0.0484375 0.13671875
10 0.18984375 0.64921875 0.13359375 0.225
10 0.3390625 0.64453125 0.12734375 0.25
10 0.4125 0.58828125 0.0828125 0.18046875
10 0.5953125 0.67265625 0.1390625 0.2359375
10 0.73515625 0.65703125 0.14140625 0.27109375
10 0.94609375 0.690625 0.1046875 0.22421875
1 0.5546875 0.60625 0.07734375 0.13359375
10 0.29375 0.6 0.0671875 0.128125