6 0.1921875 0.59375 0.065625 0.11640625
5 0.1421875 0.76796875 0.03515625 0.0390625
3 0.28515625 0.58046875 0.040625 0.08125
6 0.33828125 0.56640625 0.059375 0.1109375
3 0.3953125 0.54609375 0.04609375 0.09609375
3 0.57578125 0.56328125 0.03359375 0.07421875
3 0.5984375 0.61875 0.05234375 0.121875
0 0.59140625 0.77578125 0.06640625 0.06875
3 0.73125 0.58359375 0.0546875 0.13359375
0 0.7421875 0.73046875 0.05234375 0.05703125
9 0.85625 0.62578125 0.0671875 0.12578125
2 0.90390625 0.80546875 0.14609375 0.059375
10 0.1890625 0.65078125 0.12734375 0.21875
10 0.3421875 0.6421875 0.1296875 0.25859375
10 0.2875 0.6015625 0.06484375 0.11484375
10 0.40859375 0.59296875 0.0859375 0.15859375
10 0.559375 0.59921875 0.06171875 0.13984375
10 0.59453125 0.67890625 0.14140625 0.23671875
10 0.734375 0.65390625 0.125 0.259375
10 0.85546875 0.68046875 0.128125 0.225