8 0.084375 0.7359375 0.0734375 0.10625
5 0.04453125 0.8453125 0.05 0.03671875
6 0.24375 0.65546875 0.05703125 0.1109375
2 0.19453125 0.840625 0.10390625 0.0515625
6 0.23828125 0.57578125 0.04140625 0.0484375
6 0.34765625 0.57890625 0.04375 0.071875
5 0.325 0.709375 0.0203125 0.03046875
2 0.35546875 0.71171875 0.0390625 0.03046875
6 0.4859375 0.5734375 0.04609375 0.08046875
6 0.59765625 0.58046875 0.04609375 0.090625
5 0.6125 0.70546875 0.0203125 0.03359375
3 0.52578125 0.6859375 0.05859375 0.11953125
0 0.53828125 0.80546875 0.05859375 0.059375
6 0.70546875 0.60625 0.0578125 0.1
5 0.69765625 0.81953125 0.025 0.040625
3 0.840625 0.6734375 0.0609375 0.10625
2 0.88828125 0.82109375 0.09375 0.0484375
1 0.10546875 0.73828125 0.14453125 0.20625
10 0.23828125 0.71796875 0.12109375 0.2265625
10 0.24609375 0.625 0.08671875 0.14453125
10 0.34609375 0.62734375 0.0828125 0.16015625
10 0.48359375 0.62109375 0.10703125 0.1640625
10 0.53203125 0.73203125 0.13828125 0.19140625
10 0.6 0.61953125 0.08203125 0.15546875
10 0.709375 0.68984375 0.12109375 0.2515625
10 0.85625 0.71953125 0.1203125 0.18671875