10 0.06640625 0.24296875 0.08828125 0.1203125
10 0.1 0.15546875 0.0546875 0.109375
1 0.1390625 0.153125 0.04453125 0.075
10 0.15703125 0.33125 0.09609375 0.184375
10 0.27734375 0.3546875 0.11640625 0.159375
10 0.20390625 0.29609375 0.09296875 0.15625
1 0.315625 0.30546875 0.0859375 0.14453125
1 0.25 0.25625 0.0703125 0.1046875
10 0.346875 0.25703125 0.0609375 0.13125
10 0.30703125 0.18046875 0.04609375 0.08125
1 0.39375 0.2109375 0.0578125 0.10625
10 0.33359375 0.14140625 0.05078125 0.10078125
10 0.38125 0.1421875 0.0421875 0.065625
10 0.42265625 0.15546875 0.05078125 0.08671875
10 0.44765625 0.26875 0.075 0.11328125
1 0.51328125 0.19375 0.05078125 0.08046875
10 0.63125 0.22890625 0.06484375 0.10546875
1 0.5671875 0.17890625 0.05703125 0.07109375
10 0.56875 0.20703125 0.04765625 0.06875
10 0.446875 0.34609375 0.090625 0.18046875
10 0.534375 0.35625 0.090625 0.175
10 0.64453125 0.36796875 0.13984375 0.1734375
10 0.60625 0.33046875 0.0703125 0.13125
2 0.259375 0.4265625 0.06953125 0.03515625
2 0.51328125 0.44296875 0.0375 0.03203125
1 0.7109375 0.17734375 0.03671875 0.053125
1 0.73203125 0.19296875 0.05859375 0.0765625
10 0.76640625 0.21484375 0.04921875 0.0890625
10 0.815625 0.2171875 0.053125 0.0859375
10 0.87890625 0.18125 0.04453125 0.0953125
10 0.83125 0.29921875 0.07578125 0.11875
10 0.89375 0.35546875 0.0890625 0.13359375
10 0.95859375 0.3671875 0.0828125 0.19375
1 0.59765625 0.284375 0.06640625 0.09375
2 0.9796875 0.46875 0.040625 0.03359375
10 0.46640625 0.22421875 0.06796875 0.11953125
0 0.653125 0.43046875 0.0515625 0.0390625
3 0.71796875 0.16796875 0.0203125 0.04375
3 0.0625 0.21953125 0.0328125 0.06953125
6 0.04765625 0.13046875 0.028125 0.05546875
3 0.0890625 0.13046875 0.028125 0.06328125
3 0.1296875 0.14296875 0.02421875 0.05625
6 0.15078125 0.284375 0.04453125 0.09453125
3 0.178125 0.26875 0.0390625 0.0890625
3 0.26953125 0.31875 0.04140625 0.09296875
3 0.26484375 0.24296875 0.0328125 0.0734375
3 0.30078125 0.296875 0.0375 0.08125
3 0.30625 0.16796875 0.0265625 0.05859375
9 0.3359375 0.1171875 0.02578125 0.04921875
3 0.340625 0.1890625 0.0296875 0.0640625
3 0.35390625 0.23046875 0.03359375 0.07578125
3 0.37890625 0.13046875 0.01953125 0.05
3 0.38203125 0.19296875 0.03125 0.06484375
3 0.421875 0.14296875 0.021875 0.06015625
6 0.44296875 0.10859375 0.01953125 0.04453125
10 0.44453125 0.13046875 0.03046875 0.0859375
3 0.471875 0.1359375 0.02265625 0.05546875
9 0.46328125 0.19296875 0.02890625 0.06015625
9 0.42890625 0.25546875 0.03515625 0.075
3 0.51640625 0.18359375 0.025 0.05546875
3 0.54609375 0.1515625 0.02265625 0.046875
3 0.578125 0.16875 0.025 0.05
3 0.57109375 0.203125 0.02265625 0.0546875
6 0.63203125 0.20546875 0.02890625 0.06484375
3 0.61328125 0.2734375 0.03125 0.06875
6 0.5328125 0.31875 0.03984375 0.09609375
6 0.4515625 0.2984375 0.03828125 0.08125
3 0.625 0.30625 0.0328125 0.0765625
3 0.65390625 0.340625 0.04921875 0.103125
3 0.74765625 0.18046875 0.025 0.05546875
9 0.7734375 0.19375 0.025 0.0515625
3 0.79453125 0.18203125 0.025 0.05546875
6 0.81875 0.19609375 0.0234375 0.04375
3 0.88828125 0.159375 0.02578125 0.05625
3 0.853125 0.278125 0.0265625 0.06953125
7 0.84453125 0.33359375 0.04296875 0.03125
3 0.91328125 0.271875 0.03359375 0.06953125
3 0.91875 0.33125 0.0390625 0.08046875
7 0.3890625 0.24921875 0.03359375 0.03046875