3 0.20625 0.4453125 0.02890625 0.0609375
1 0.2078125 0.45625 0.06796875 0.08828125
3 0.1125 0.4125 0.0265625 0.053125
1 0.11328125 0.41796875 0.05 0.06796875
3 0.25703125 0.40546875 0.01953125 0.04140625
10 0.26640625 0.4265625 0.05 0.08671875
3 0.165625 0.38515625 0.02265625 0.04453125
10 0.16640625 0.39140625 0.046875 0.059375
6 0.2578125 0.35390625 0.0203125 0.03984375
10 0.2625 0.371875 0.05078125 0.08125
3 0.30390625 0.346875 0.01953125 0.0390625
10 0.30703125 0.35078125 0.034375 0.05078125
6 0.3171875 0.45625 0.03125 0.06171875
10 0.3125 0.48203125 0.0796875 0.11875
6 0.4125 0.446875 0.03046875 0.0640625
10 0.4109375 0.48046875 0.0875 0.128125
6 0.5265625 0.45390625 0.03046875 0.0609375
10 0.515625 0.48671875 0.07265625 0.13046875
6 0.57890625 0.46796875 0.02578125 0.06953125
10 0.584375 0.49375 0.06484375 0.11640625
6 0.66875 0.45625 0.03203125 0.06796875
10 0.6671875 0.48359375 0.071875 0.13125
3 0.3609375 0.44375 0.02734375 0.05703125
3 0.3875 0.3984375 0.0234375 0.046875
10 0.39140625 0.415625 0.04921875 0.0890625
9 0.45234375 0.4015625 0.025 0.05078125
10 0.4578125 0.41953125 0.05390625 0.08515625
6 0.52734375 0.3984375 0.02421875 0.0515625
10 0.525 0.41796875 0.0515625 0.0953125
3 0.58203125 0.41875 0.02421875 0.04453125
1 0.5796875 0.434375 0.05859375 0.08125
3 0.634375 0.4109375 0.0234375 0.05625
3 0.6578125 0.375 0.01953125 0.04453125
10 0.66171875 0.390625 0.0421875 0.07578125
3 0.6171875 0.37109375 0.01796875 0.040625
10 0.6125 0.378125 0.0390625 0.05078125
6 0.57265625 0.35 0.01875 0.0390625
10 0.57265625 0.36796875 0.03515625 0.06640625
6 0.53984375 0.36796875 0.0203125 0.03671875
10 0.54765625 0.39140625 0.03671875 0.08203125
6 0.48203125 0.37890625 0.02109375 0.04140625
10 0.48828125 0.39296875 0.04140625 0.06953125
6 0.415625 0.353125 0.0171875 0.0359375
10 0.421875 0.36640625 0.03203125 0.06328125
6 0.4296875 0.33125 0.01640625 0.034375
10 0.434375 0.34453125 0.02890625 0.06953125
3 0.47421875 0.33125 0.01640625 0.03515625
10 0.47578125 0.3359375 0.03203125 0.04609375
3 0.50546875 0.3421875 0.01640625 0.03984375
10 0.50390625 0.34375 0.03515625 0.059375
6 0.53984375 0.334375 0.0171875 0.03359375
3 0.60390625 0.3390625 0.01796875 0.03515625
3 0.73359375 0.35546875 0.01796875 0.0390625
10 0.73203125 0.3640625 0.03671875 0.05546875
3 0.77578125 0.353125 0.01640625 0.03671875
9 0.75703125 0.36640625 0.015625 0.0390625
10 0.75078125 0.384375 0.034375 0.06953125
6 0.8453125 0.34140625 0.01875 0.03828125
10 0.846875 0.35625 0.0421875 0.0640625
9 0.7875 0.37421875 0.0203125 0.03984375
10 0.79453125 0.38125 0.04609375 0.05625
3 0.83984375 0.39375 0.02109375 0.03671875
1 0.8234375 0.40625 0.05390625 0.06171875
9 0.83828125 0.4359375 0.02578125 0.053125
1 0.81796875 0.44375 0.0671875 0.071875
3 0.86015625 0.41796875 0.021875 0.053125
3 0.87890625 0.45546875 0.02734375 0.059375
3 0.95703125 0.42734375 0.02578125 0.046875
6 0.9203125 0.44921875 0.03359375 0.06328125
10 0.91953125 0.49296875 0.078125 0.1453125
9 0.98828125 0.48046875 0.021875 0.059375
2 0.16484375 0.54296875 0.04140625 0.02109375
2 0.26953125 0.45703125 0.02421875 0.0234375
1 0.365625 0.4609375 0.0515625 0.0953125
10 0.6 0.35546875 0.03046875 0.071875
3 0.65 0.44375 0.02265625 0.05390625
10 0.62890625 0.42890625 0.04296875 0.0890625
10 0.8625 0.4765625 0.06015625 0.1015625