3 0.15078125 0.65546875 0.04140625 0.0890625
0 0.1234375 0.71875 0.05390625 0.03671875
8 0.22578125 0.69375 0.05 0.0796875
8 0.30703125 0.69296875 0.04765625 0.07421875
3 0.39609375 0.61875 0.0421875 0.08125
7 0.3765625 0.73046875 0.07421875 0.05546875
3 0.56953125 0.65546875 0.03984375 0.07421875
0 0.56640625 0.71875 0.04375 0.040625
8 0.76953125 0.66015625 0.05390625 0.09453125
3 0.69140625 0.68671875 0.06640625 0.13125
0 0.69453125 0.83671875 0.0875 0.06875
8 0.87578125 0.778125 0.08125 0.12578125
1 0.15078125 0.68125 0.10390625 0.11875
10 0.396875 0.66171875 0.0953125 0.15546875
10 0.68515625 0.7484375 0.15859375 0.24375
1 0.23359375 0.68125 0.10390625 0.11328125
1 0.31328125 0.69453125 0.08671875 0.0796875
1 0.5578125 0.68046875 0.1 0.11640625
1 0.7671875 0.66875 0.09609375 0.14609375
1 0.86328125 0.771875 0.15703125 0.19453125
5 0.85859375 0.85859375 0.05234375 0.04140625