3 0.1234375 0.52265625 0.0625 0.11796875
2 0.0890625 0.640625 0.10625 0.07421875
9 0.253125 0.5171875 0.06015625 0.10859375
0 0.2109375 0.65078125 0.03828125 0.06953125
9 0.38359375 0.4859375 0.0578125 0.11796875
5 0.32265625 0.68046875 0.03515625 0.0296875
9 0.4265625 0.48359375 0.04140625 0.07578125
9 0.6046875 0.49296875 0.04140625 0.08125
3 0.69140625 0.5359375 0.04140625 0.08046875
9 0.7984375 0.54140625 0.04453125 0.08671875
3 0.73828125 0.58046875 0.0625 0.12578125
2 0.73828125 0.74375 0.09140625 0.0515625
10 0.1296875 0.565625 0.14609375 0.1890625
10 0.259375 0.56875 0.12109375 0.21796875
10 0.38828125 0.5640625 0.14296875 0.25703125
10 0.44453125 0.5375 0.071875 0.16796875
10 0.58515625 0.55234375 0.115625 0.1953125
10 0.6875 0.56171875 0.0828125 0.13125
10 0.73046875 0.63203125 0.1375 0.2109375
10 0.7953125 0.575 0.06875 0.14453125