9 0.94296875 0.4484375 0.0390625 0.0765625
6 0.89296875 0.47109375 0.0359375 0.08046875
10 0.88515625 0.50625 0.07890625 0.1546875
7 0.89453125 0.57109375 0.06171875 0.04921875
10 0.95078125 0.4984375 0.07890625 0.1703125
6 0.82890625 0.41875 0.02734375 0.06875
10 0.81328125 0.45625 0.06953125 0.146875
2 0.80625 0.53046875 0.03828125 0.025
7 0.70703125 0.44296875 0.02578125 0.01640625
6 0.775 0.40390625 0.0265625 0.04609375
10 0.76328125 0.43125 0.05078125 0.10859375
6 0.80546875 0.371875 0.0203125 0.04609375
10 0.803125 0.39375 0.0328125 0.09296875
3 0.746875 0.3203125 0.01640625 0.0390625
10 0.740625 0.33046875 0.03203125 0.05625
3 0.759375 0.38984375 0.02265625 0.05
3 0.7296875 0.39296875 0.02109375 0.04921875
6 0.71484375 0.41015625 0.0546875 0.08125
3 0.70703125 0.34296875 0.01953125 0.040625
1 0.703125 0.35078125 0.03515625 0.0515625
6 0.6671875 0.32734375 0.01484375 0.03203125
10 0.66640625 0.34375 0.04375 0.06484375
3 0.678125 0.32109375 0.01640625 0.0390625
6 0.6390625 0.30703125 0.01484375 0.03359375
10 0.634375 0.32265625 0.0375 0.06953125
3 0.009375 0.3765625 0.0171875 0.04609375
1 0.021875 0.384375 0.0421875 0.06953125
3 0.1109375 0.42265625 0.028125 0.0640625
1 0.1078125 0.434375 0.07734375 0.08046875
6 0.178125 0.34140625 0.02265625 0.04296875
10 0.178125 0.36796875 0.0703125 0.10625
3 0.0703125 0.35625 0.02109375 0.0453125
10 0.075 0.35703125 0.03515625 0.05546875
9 0.14609375 0.31796875 0.02265625 0.04453125
10 0.1390625 0.33046875 0.040625 0.06875
3 0.221875 0.30859375 0.0171875 0.0359375
10 0.22421875 0.31640625 0.0359375 0.05546875
2 0.171875 0.43046875 0.025 0.01796875
7 0.4265625 0.49609375 0.03515625 0.04375
6 0.57265625 0.42109375 0.028125 0.05625
10 0.57109375 0.45546875 0.0703125 0.13203125
6 0.49921875 0.41796875 0.0296875 0.06171875
10 0.5015625 0.45546875 0.07421875 0.1390625
6 0.43515625 0.42578125 0.03046875 0.06171875
6 0.43203125 0.45546875 0.078125 0.13359375
6 0.303125 0.41875 0.0265625 0.0515625
10 0.30546875 0.45546875 0.0734375 0.12890625
6 0.278125 0.3953125 0.0265625 0.0609375
10 0.26328125 0.41796875 0.059375 0.10859375
3 0.3609375 0.40859375 0.02734375 0.06484375
10 0.36640625 0.428125 0.07265625 0.1
3 0.3453125 0.35625 0.01953125 0.053125
10 0.3359375 0.38125 0.04609375 0.103125
3 0.30625 0.34765625 0.01953125 0.04921875
10 0.31015625 0.359375 0.04296875 0.071875
3 0.55234375 0.384375 0.02421875 0.053125
6 0.43828125 0.37265625 0.01953125 0.04375
10 0.43984375 0.39296875 0.0578125 0.09375
3 0.39765625 0.36328125 0.02109375 0.040625
1 0.4 0.3671875 0.0390625 0.05078125
6 0.33046875 0.31640625 0.01796875 0.04375
6 0.346875 0.3015625 0.01640625 0.03515625
10 0.35234375 0.3109375 0.0328125 0.05546875
3 0.39140625 0.29296875 0.01328125 0.03671875
10 0.38828125 0.30078125 0.03359375 0.0515625
0 0.41640625 0.31875 0.01640625 0.03125
6 0.415625 0.29296875 0.01640625 0.03359375
10 0.415625 0.30546875 0.03984375 0.0703125
6 0.43671875 0.284375 0.0171875 0.03125
6 0.44453125 0.3109375 0.015625 0.03125
10 0.44765625 0.33125 0.05546875 0.084375
6 0.48671875 0.315625 0.0171875 0.0390625
10 0.4875 0.33125 0.03359375 0.0734375
3 0.52578125 0.33046875 0.01484375 0.03359375
10 0.5265625 0.34375 0.03984375 0.05703125
6 0.53828125 0.2859375 0.01484375 0.03046875
10 0.53828125 0.29765625 0.02734375 0.05625
9 0.51640625 0.30078125 0.01640625 0.03671875
10 0.51484375 0.315625 0.03671875 0.06640625
6 0.57734375 0.34609375 0.01875 0.04375
10 0.578125 0.35859375 0.03671875 0.0796875