10 0.071875 0.253125 0.0890625 0.128125
10 0.06328125 0.17734375 0.07578125 0.12109375
10 0.1484375 0.14296875 0.06953125 0.07421875
10 0.33671875 0.14296875 0.0515625 0.09375
10 0.30625 0.17421875 0.04140625 0.09453125
10 0.37890625 0.14375 0.04140625 0.06484375
10 0.41953125 0.1546875 0.05546875 0.0890625
10 0.478125 0.159375 0.0390625 0.10078125
10 0.4765625 0.22109375 0.05546875 0.12578125
10 0.5234375 0.1859375 0.04921875 0.11640625
10 0.55078125 0.14296875 0.03671875 0.07890625
10 0.57109375 0.20703125 0.0484375 0.07109375
10 0.63203125 0.2296875 0.05546875 0.10546875
10 0.64453125 0.36875 0.13515625 0.1796875
10 0.603125 0.33359375 0.06484375 0.13125
1 0.59765625 0.28984375 0.06796875 0.1
10 0.53828125 0.35546875 0.09453125 0.17578125
10 0.44453125 0.34609375 0.10078125 0.18671875
10 0.44765625 0.26875 0.07421875 0.125
1 0.3984375 0.22421875 0.06171875 0.09296875
10 0.32578125 0.30546875 0.07421875 0.15390625
10 0.34140625 0.2484375 0.046875 0.13125
10 0.271875 0.24375 0.06953125 0.12890625
10 0.27421875 0.34375 0.11328125 0.1796875
10 0.21328125 0.30390625 0.08203125 0.1453125
10 0.1625 0.3375 0.0984375 0.18046875
1 0.71015625 0.1796875 0.0375 0.05703125
10 0.73515625 0.18203125 0.04921875 0.090625
10 0.76484375 0.21875 0.0484375 0.09609375
10 0.81015625 0.21875 0.04453125 0.08671875
10 0.8859375 0.19296875 0.04921875 0.08984375
10 0.84140625 0.303125 0.07578125 0.11796875
10 0.9 0.3359375 0.0765625 0.15625
10 0.96015625 0.36875 0.07890625 0.20703125
3 0.0640625 0.221875 0.03359375 0.07421875
3 0.0578125 0.14765625 0.03125 0.06953125
3 0.134375 0.134375 0.025 0.05546875
6 0.33984375 0.12890625 0.02109375 0.05078125
3 0.3015625 0.15859375 0.02578125 0.059375
3 0.37578125 0.13671875 0.01953125 0.04609375
6 0.41953125 0.140625 0.025 0.05703125
6 0.44453125 0.11171875 0.02109375 0.04609375
10 0.44453125 0.13046875 0.02890625 0.08125
3 0.390625 0.215625 0.03046875 0.06328125
6 0.3359375 0.215625 0.02890625 0.06171875
6 0.2875 0.2171875 0.0328125 0.06796875
3 0.32265625 0.28046875 0.040625 0.08984375
3 0.271875 0.30546875 0.03984375 0.0984375
2 0.25859375 0.42109375 0.0734375 0.03046875
6 0.159375 0.29453125 0.04296875 0.09296875
3 0.19453125 0.28046875 0.040625 0.09453125
6 0.45390625 0.2953125 0.03984375 0.08359375
3 0.44453125 0.24453125 0.03203125 0.07109375
3 0.46328125 0.196875 0.02890625 0.06953125
6 0.471875 0.134375 0.02265625 0.04375
6 0.5234375 0.16015625 0.02421875 0.05546875
6 0.553125 0.13046875 0.0203125 0.0484375
0 0.55546875 0.14296875 0.0203125 0.03125
3 0.57265625 0.2015625 0.02265625 0.053125
6 0.6265625 0.20625 0.02578125 0.0609375
3 0.61328125 0.278125 0.03203125 0.06796875
3 0.6203125 0.3109375 0.03046875 0.08046875
2 0.5140625 0.44296875 0.0375 0.034375
3 0.65078125 0.33359375 0.05078125 0.103125
0 0.65390625 0.43203125 0.05078125 0.0453125
3 0.71640625 0.17109375 0.01953125 0.040625
3 0.7375 0.165625 0.02265625 0.05078125
3 0.771875 0.19375 0.02421875 0.04921875
9 0.8078125 0.20390625 0.025 0.0515625
3 0.7953125 0.19140625 0.025 0.0515625
3 0.89453125 0.17578125 0.02578125 0.05625
3 0.8609375 0.28125 0.02890625 0.06953125
6 0.9078125 0.29375 0.03515625 0.0734375
6 0.96875 0.2609375 0.0296875 0.06953125
10 0.959375 0.28359375 0.0515625 0.11484375
7 0.846875 0.34140625 0.04140625 0.02578125
6 0.98046875 0.30859375 0.0390625 0.0859375
2 0.8953125 0.41640625 0.03203125 0.02578125
2 0.978125 0.46796875 0.03984375 0.02890625