3 0.1484375 0.65703125 0.03828125 0.07578125
0 0.12578125 0.72421875 0.05 0.04375
8 0.22578125 0.69375 0.05859375 0.0890625
8 0.30703125 0.6890625 0.04765625 0.0890625
3 0.3921875 0.61953125 0.04140625 0.0890625
7 0.37578125 0.72265625 0.07421875 0.05625
3 0.56953125 0.65546875 0.046875 0.06875
0 0.5671875 0.71875 0.03828125 0.04296875
3 0.75703125 0.61171875 0.04609375 0.08203125
0 0.7671875 0.70390625 0.04140625 0.059375
8 0.87578125 0.7765625 0.07734375 0.1390625
3 0.690625 0.6875 0.0609375 0.13046875
0 0.696875 0.83125 0.0765625 0.06484375
1 0.2328125 0.68203125 0.09921875 0.121875
1 0.3125 0.68984375 0.0875 0.1
1 0.559375 0.68046875 0.1 0.11796875
1 0.8609375 0.7734375 0.15234375 0.18125
1 0.15 0.68046875 0.0984375 0.13125
10 0.4 0.6609375 0.0890625 0.15859375
10 0.6875 0.75078125 0.1640625 0.2484375
10 0.759375 0.6484375 0.0953125 0.16796875