8 0.11640625 0.75390625 0.071875 0.1296875
5 0.0578125 0.83046875 0.03359375 0.03671875
3 0.23125 0.60390625 0.0484375 0.0890625
0 0.2109375 0.68046875 0.04375 0.04453125
8 0.2421875 0.74453125 0.08125 0.13515625
3 0.3484375 0.60546875 0.046875 0.09609375
0 0.3359375 0.68203125 0.03515625 0.059375
3 0.5234375 0.62421875 0.04609375 0.08046875
5 0.52890625 0.6984375 0.03359375 0.034375
3 0.62890625 0.61953125 0.05 0.0890625
7 0.62265625 0.69453125 0.05234375 0.0609375
6 0.75703125 0.60546875 0.0625 0.11875
5 0.75390625 0.8265625 0.04140625 0.05
6 0.8765625 0.628125 0.05625 0.11484375
2 0.93984375 0.84140625 0.1203125 0.06484375
10 0.23515625 0.63046875 0.10859375 0.13125
10 0.3515625 0.63515625 0.09453125 0.16484375
10 0.51875 0.640625 0.11171875 0.12109375
10 0.62890625 0.653125 0.11328125 0.1296875
10 0.7296875 0.68359375 0.17421875 0.27109375
10 0.878125 0.7015625 0.1203125 0.24921875
1 0.10859375 0.734375 0.1765625 0.17421875
1 0.25625 0.74375 0.1453125 0.2046875