8 0.11328125 0.75546875 0.07109375 0.11640625
5 0.0578125 0.8359375 0.04140625 0.04375
3 0.23125 0.60546875 0.0453125 0.08515625
0 0.20859375 0.6859375 0.0421875 0.04375
8 0.24453125 0.74375 0.06640625 0.1296875
3 0.3484375 0.60390625 0.04609375 0.0890625
0 0.33828125 0.6875 0.0375 0.05625
3 0.52265625 0.61953125 0.040625 0.08515625
5 0.53203125 0.70078125 0.0375 0.03046875
3 0.62890625 0.61640625 0.04375 0.08515625
7 0.62265625 0.69375 0.06171875 0.04453125
6 0.75234375 0.60078125 0.0546875 0.11953125
5 0.7515625 0.8234375 0.034375 0.04375
6 0.87265625 0.61875 0.059375 0.1
2 0.93828125 0.84375 0.115625 0.059375
1 0.1078125 0.73046875 0.16328125 0.17578125
1 0.25703125 0.74375 0.14375 0.2046875
10 0.2296875 0.62890625 0.096875 0.11953125
10 0.35078125 0.6359375 0.096875 0.16484375
10 0.51875 0.6453125 0.1015625 0.13125
10 0.6234375 0.64375 0.10078125 0.13359375
10 0.7359375 0.6828125 0.17890625 0.265625
10 0.87890625 0.6984375 0.12421875 0.2546875