10 0.06875 0.24296875 0.0859375 0.13046875
1 0.134375 0.15234375 0.05078125 0.0734375
10 0.38125 0.1359375 0.04140625 0.06953125
10 0.3046875 0.16796875 0.03984375 0.07890625
10 0.27578125 0.25 0.07890625 0.11875
10 0.33984375 0.24765625 0.05703125 0.14375
10 0.275 0.34296875 0.10859375 0.1765625
10 0.1640625 0.33515625 0.10078125 0.18125
10 0.4234375 0.15546875 0.046875 0.0796875
10 0.39765625 0.215625 0.06640625 0.1109375
1 0.44765625 0.26875 0.07265625 0.121875
10 0.446875 0.34375 0.10390625 0.19296875
2 0.51484375 0.44296875 0.03984375 0.03828125
10 0.571875 0.20546875 0.0515625 0.078125
10 0.54453125 0.35390625 0.09296875 0.17578125
10 0.62890625 0.22578125 0.05546875 0.10625
10 0.64453125 0.36875 0.13515625 0.17578125
1 0.7109375 0.178125 0.0375 0.05390625
1 0.734375 0.1921875 0.05234375 0.08203125
10 0.76328125 0.215625 0.04765625 0.09296875
10 0.81328125 0.21796875 0.04921875 0.08984375
10 0.884375 0.18984375 0.0421875 0.0890625
10 0.8390625 0.2953125 0.06953125 0.12421875
10 0.90390625 0.3359375 0.084375 0.15546875
10 0.034375 0.15546875 0.05078125 0.08671875
10 0.340625 0.14140625 0.06328125 0.10078125
10 0.478125 0.2234375 0.05546875 0.11875
1 0.21328125 0.3015625 0.09140625 0.1515625
10 0.521875 0.18828125 0.04921875 0.1
2 0.25625 0.41875 0.0734375 0.03359375
1 0.3109375 0.31640625 0.06484375 0.15625
1 0.59765625 0.2875 0.0625 0.09375
10 0.553125 0.1640625 0.04296875 0.0984375
10 0.06015625 0.18046875 0.07734375 0.10390625
1 0.79296875 0.1890625 0.0328125 0.07421875
3 0.0625 0.21796875 0.03359375 0.075
6 0.04453125 0.1453125 0.02890625 0.06328125
6 0.065625 0.15703125 0.03046875 0.05859375
3 0.128125 0.14375 0.02578125 0.05546875
6 0.340625 0.11640625 0.0234375 0.0484375
3 0.37421875 0.128125 0.0203125 0.0515625
6 0.3 0.159375 0.02578125 0.05546875
3 0.4234375 0.14609375 0.02265625 0.05625
6 0.43984375 0.11796875 0.0234375 0.05078125
10 0.44765625 0.1296875 0.03984375 0.07578125
3 0.46328125 0.19609375 0.028125 0.0640625
6 0.396875 0.19296875 0.0296875 0.06328125
6 0.3359375 0.20703125 0.03046875 0.059375
9 0.29453125 0.228125 0.0375 0.06796875
3 0.2734375 0.20078125 0.028125 0.06953125
8 0.30859375 0.31171875 0.03828125 0.09140625
3 0.18984375 0.27265625 0.0453125 0.09375
6 0.15 0.29296875 0.0453125 0.0953125
6 0.48203125 0.15625 0.02578125 0.05625
6 0.5140625 0.16171875 0.02421875 0.05625
6 0.559375 0.13984375 0.0234375 0.05
6 0.57265625 0.19375 0.02578125 0.0484375
6 0.6234375 0.20625 0.02578125 0.05859375
9 0.54765625 0.31796875 0.04921875 0.0984375
6 0.45234375 0.29453125 0.0390625 0.084375
3 0.44375 0.24375 0.03203125 0.06953125
3 0.52890625 0.27421875 0.02890625 0.06953125
3 0.64765625 0.3375 0.04921875 0.10625
3 0.71640625 0.17265625 0.01953125 0.04375
3 0.74453125 0.17734375 0.02421875 0.05078125
9 0.76875 0.19296875 0.0265625 0.046875
6 0.81640625 0.20078125 0.02421875 0.0515625
3 0.79375 0.18125 0.02421875 0.0546875
3 0.89140625 0.16875 0.02421875 0.053125
3 0.853125 0.27109375 0.0296875 0.06953125
6 0.92265625 0.29609375 0.03828125 0.075
7 0.84140625 0.34296875 0.03984375 0.02421875