6 0.13828125 0.47421875 0.05859375 0.10546875
2 0.08984375 0.64921875 0.12109375 0.05546875
6 0.2546875 0.50390625 0.05078125 0.10390625
0 0.20703125 0.6515625 0.04453125 0.059375
6 0.38828125 0.4859375 0.05078125 0.09453125
5 0.32265625 0.68125 0.03125 0.040625
6 0.4390625 0.490625 0.03515625 0.08515625
8 0.603125 0.5703125 0.0546875 0.0890625
8 0.70703125 0.5609375 0.046875 0.08125
8 0.81015625 0.6109375 0.05390625 0.09296875
8 0.75703125 0.67578125 0.06484375 0.1109375
1 0.60078125 0.5765625 0.10625 0.11953125
1 0.70078125 0.578125 0.09140625 0.1109375
1 0.815625 0.61328125 0.10078125 0.11171875
1 0.74296875 0.6671875 0.16328125 0.18046875
10 0.13671875 0.546875 0.1421875 0.23515625
10 0.24921875 0.565625 0.12734375 0.215625
10 0.38671875 0.56640625 0.12109375 0.24921875
10 0.45234375 0.53125 0.06484375 0.1546875