10 0.06953125 0.2453125 0.08984375 0.128125
10 0.06328125 0.17578125 0.075 0.11953125
10 0.14140625 0.1484375 0.05078125 0.06953125
10 0.33359375 0.14375 0.0453125 0.08984375
10 0.30703125 0.17421875 0.03828125 0.09453125
10 0.37890625 0.14296875 0.04296875 0.06796875
10 0.41953125 0.15625 0.05390625 0.08203125
10 0.478125 0.16328125 0.0390625 0.10078125
10 0.47578125 0.2203125 0.05546875 0.12578125
10 0.52421875 0.18828125 0.04921875 0.103125
10 0.55 0.14296875 0.0390625 0.075
10 0.571875 0.209375 0.0484375 0.06875
10 0.63203125 0.2296875 0.05546875 0.10546875
10 0.64453125 0.36875 0.13515625 0.1796875
10 0.603125 0.33125 0.065625 0.1265625
1 0.596875 0.28828125 0.06484375 0.09453125
10 0.53828125 0.35546875 0.09453125 0.17578125
10 0.44609375 0.34921875 0.0984375 0.18359375
1 0.44921875 0.27421875 0.0734375 0.11640625
1 0.39765625 0.2234375 0.06015625 0.09453125
10 0.32734375 0.30546875 0.0734375 0.15390625
10 0.34296875 0.24921875 0.0453125 0.13203125
10 0.2703125 0.24296875 0.06875 0.1265625
10 0.27265625 0.34453125 0.11328125 0.1796875
10 0.21328125 0.30390625 0.08203125 0.1453125
10 0.1625 0.33671875 0.0984375 0.18125
1 0.7140625 0.17421875 0.03671875 0.05625
1 0.73125 0.19296875 0.0578125 0.0765625
10 0.76484375 0.21875 0.0484375 0.09609375
10 0.81015625 0.21796875 0.04375 0.08828125
10 0.8859375 0.19296875 0.04921875 0.08984375
10 0.840625 0.303125 0.07578125 0.11796875
10 0.89921875 0.3359375 0.0765625 0.15625
10 0.96015625 0.36953125 0.07890625 0.20625
3 0.06328125 0.221875 0.03125 0.075
3 0.06015625 0.15390625 0.03203125 0.06640625
3 0.13203125 0.14296875 0.02421875 0.05625
6 0.340625 0.12890625 0.021875 0.053125
3 0.3015625 0.159375 0.02421875 0.05625
3 0.37578125 0.13359375 0.01875 0.05
6 0.3359375 0.21796875 0.028125 0.065625
6 0.2875 0.21796875 0.0328125 0.06796875
3 0.31640625 0.27421875 0.03984375 0.09453125
6 0.271875 0.30625 0.04296875 0.1015625
2 0.25703125 0.4203125 0.075 0.028125
3 0.19453125 0.278125 0.03828125 0.090625
6 0.1609375 0.29296875 0.04140625 0.09375
3 0.390625 0.215625 0.02890625 0.06640625
3 0.421875 0.14296875 0.0234375 0.05859375
6 0.44375 0.11484375 0.01953125 0.05
10 0.44453125 0.13046875 0.028125 0.08671875
6 0.471875 0.134375 0.0234375 0.04453125
3 0.4625 0.19296875 0.02890625 0.065625
3 0.44375 0.2546875 0.03203125 0.06875
6 0.4546875 0.296875 0.03671875 0.08125
2 0.515625 0.44296875 0.03828125 0.0359375
6 0.54453125 0.31640625 0.03984375 0.09375
3 0.65078125 0.33359375 0.05 0.1015625
3 0.621875 0.3109375 0.03046875 0.08125
3 0.6125 0.27578125 0.03046875 0.06953125
6 0.628125 0.20546875 0.02578125 0.05703125
3 0.5734375 0.203125 0.02265625 0.05390625
6 0.5546875 0.13125 0.02109375 0.04921875
0 0.55546875 0.14375 0.01953125 0.03359375
3 0.72265625 0.16875 0.01875 0.04296875
3 0.7453125 0.18125 0.02421875 0.05390625
9 0.771875 0.19375 0.02265625 0.0484375
9 0.80703125 0.203125 0.02421875 0.05078125
3 0.89453125 0.17421875 0.025 0.05546875
3 0.8625 0.28046875 0.02734375 0.0703125
7 0.846875 0.34296875 0.0421875 0.02890625
6 0.9078125 0.29375 0.03828125 0.07421875
6 0.97265625 0.265625 0.03125 0.065625
6 0.98125 0.3109375 0.03671875 0.08203125
0 0.65390625 0.43125 0.05078125 0.040625
2 0.8953125 0.41640625 0.03359375 0.025
2 0.97890625 0.46875 0.040625 0.03125
3 0.52109375 0.16953125 0.025 0.0609375