8 0.0859375 0.78515625 0.084375 0.10703125
5 0.0484375 0.90078125 0.05390625 0.0390625
6 0.25234375 0.68828125 0.0546875 0.10546875
6 0.2390625 0.621875 0.0375 0.04453125
6 0.3484375 0.62578125 0.0375 0.08125
2 0.190625 0.88984375 0.12578125 0.0609375
5 0.32578125 0.75703125 0.02109375 0.0296875
2 0.35703125 0.7640625 0.0375 0.03515625
6 0.478125 0.61953125 0.0453125 0.08359375
6 0.6 0.6140625 0.0453125 0.08125
5 0.61328125 0.7484375 0.025 0.03125
3 0.5234375 0.728125 0.06171875 0.1296875
5 0.53515625 0.85390625 0.04609375 0.05546875
6 0.7 0.64453125 0.0578125 0.1
5 0.696875 0.8609375 0.0328125 0.04453125
3 0.84140625 0.7109375 0.0625 0.10546875
2 0.88984375 0.8640625 0.0953125 0.05546875
1 0.1109375 0.78671875 0.15390625 0.20390625
10 0.25390625 0.75390625 0.12734375 0.23125
10 0.34765625 0.67578125 0.08359375 0.1640625
10 0.4875 0.66875 0.07265625 0.15859375
10 0.52890625 0.7765625 0.13515625 0.21171875
10 0.6 0.6609375 0.08359375 0.16171875
10 0.71015625 0.73125 0.12578125 0.26171875
10 0.85625 0.76015625 0.1234375 0.1890625