10 0.07109375 0.23984375 0.08671875 0.128125
10 0.09140625 0.165625 0.05546875 0.1140625
10 0.134375 0.14296875 0.0578125 0.08046875
10 0.38046875 0.13125 0.0484375 0.07890625
10 0.30703125 0.17421875 0.03828125 0.09375
10 0.26015625 0.246875 0.07421875 0.14375
10 0.32890625 0.24296875 0.06015625 0.11015625
1 0.31796875 0.31328125 0.09140625 0.13125
1 0.26328125 0.36796875 0.12734375 0.13828125
10 0.1609375 0.34140625 0.10625 0.18125
10 0.41875 0.15546875 0.05078125 0.08359375
1 0.39765625 0.21796875 0.06015625 0.09375
10 0.45 0.26484375 0.0765625 0.1296875
10 0.44453125 0.3484375 0.10546875 0.19375
2 0.51484375 0.44296875 0.03984375 0.03828125
10 0.51796875 0.1875 0.0484375 0.09375
10 0.56875 0.196875 0.0515625 0.09453125
10 0.5265625 0.25625 0.06796875 0.13828125
10 0.5390625 0.365625 0.09296875 0.159375
10 0.646875 0.23046875 0.0578125 0.11484375
10 0.634375 0.36953125 0.10078125 0.15
1 0.709375 0.17890625 0.0390625 0.05859375
1 0.73203125 0.19296875 0.059375 0.08203125
1 0.79609375 0.19140625 0.04453125 0.06484375
10 0.76328125 0.21875 0.05234375 0.09296875
10 0.81640625 0.21875 0.05546875 0.09296875
10 0.88515625 0.18984375 0.04375 0.090625
10 0.865625 0.2484375 0.03984375 0.09375
10 0.83671875 0.29296875 0.0640625 0.1234375
10 0.90703125 0.34375 0.08203125 0.14296875
10 0.95625 0.3671875 0.0875 0.21875
10 0.5484375 0.15625 0.04296875 0.06796875
6 0.06015625 0.20625 0.03515625 0.06796875
9 0.0328125 0.1375 0.02890625 0.05625
3 0.05234375 0.159375 0.0296875 0.05546875
3 0.078125 0.140625 0.02890625 0.0640625
3 0.128125 0.13359375 0.02578125 0.05546875
10 0.334375 0.14296875 0.04765625 0.0953125
3 0.3359375 0.12890625 0.02421875 0.0609375
6 0.378125 0.11875 0.01953125 0.0484375
6 0.3328125 0.21796875 0.03046875 0.0546875
6 0.2671875 0.21796875 0.034375 0.0765625
3 0.3015625 0.15625 0.02421875 0.053125
3 0.42265625 0.14375 0.02421875 0.059375
6 0.4734375 0.13125 0.02265625 0.0453125
3 0.3890625 0.21015625 0.03203125 0.06875
3 0.46875 0.19296875 0.0265625 0.06796875
10 0.478125 0.2203125 0.0515625 0.12421875
3 0.44296875 0.24140625 0.0328125 0.0765625
3 0.525 0.2265625 0.03359375 0.07578125
3 0.51875 0.16796875 0.02578125 0.06015625
6 0.45546875 0.29296875 0.0421875 0.07890625
3 0.31875 0.31171875 0.04296875 0.08125
3 0.23671875 0.35546875 0.04921875 0.09609375
6 0.16328125 0.29375 0.04609375 0.09140625
6 0.571875 0.18046875 0.02421875 0.05390625
3 0.5546875 0.1515625 0.01953125 0.04921875
6 0.6515625 0.20546875 0.02734375 0.06640625
1 0.59140625 0.29296875 0.065625 0.1015625
3 0.63828125 0.34375 0.05 0.09609375
3 0.54375 0.3390625 0.0390625 0.10078125
3 0.60703125 0.27890625 0.03125 0.06875
3 0.7171875 0.16875 0.01953125 0.04140625
3 0.74921875 0.178125 0.02421875 0.05078125
3 0.80078125 0.18203125 0.02734375 0.0515625
3 0.825 0.19921875 0.02421875 0.05625
3 0.89296875 0.16875 0.02421875 0.0515625
3 0.925 0.31796875 0.03671875 0.084375
6 0.76953125 0.19453125 0.02265625 0.0484375
6 0.83828125 0.265625 0.02890625 0.06015625
6 0.86875 0.22890625 0.0265625 0.05078125
3 0.98515625 0.3078125 0.02890625 0.103125