3 0.1546875 0.653125 0.04375 0.071875
0 0.1296875 0.71796875 0.04921875 0.0390625
8 0.228125 0.6984375 0.046875 0.08046875
8 0.30703125 0.6953125 0.04609375 0.078125
3 0.396875 0.61875 0.0421875 0.08125
7 0.36953125 0.72578125 0.078125 0.04375
3 0.57265625 0.65625 0.04140625 0.059375
0 0.56484375 0.71640625 0.0359375 0.040625
8 0.76875 0.678125 0.0609375 0.1
8 0.8765625 0.75390625 0.07265625 0.11875
5 0.8625 0.8546875 0.0578125 0.04296875
3 0.68984375 0.68125 0.0578125 0.13515625
0 0.69453125 0.83046875 0.0625 0.06640625
1 0.15234375 0.68125 0.09296875 0.11796875
10 0.39609375 0.659375 0.09140625 0.16015625
10 0.68515625 0.74296875 0.15390625 0.23828125
1 0.23203125 0.68125 0.096875 0.10859375
1 0.31015625 0.69296875 0.084375 0.07890625
1 0.55859375 0.68203125 0.10625 0.103125
1 0.76328125 0.665625 0.09375 0.13046875
1 0.8625 0.77109375 0.15390625 0.1859375