8 0.084375 0.73828125 0.0734375 0.12421875
5 0.046875 0.84375 0.0578125 0.04453125
6 0.23359375 0.58046875 0.0390625 0.07578125
6 0.2390625 0.653125 0.0625 0.11640625
6 0.34453125 0.578125 0.04453125 0.07421875
5 0.325 0.71640625 0.028125 0.0296875
6 0.48203125 0.57421875 0.03984375 0.08203125
6 0.60078125 0.56953125 0.04140625 0.09296875
5 0.61328125 0.7015625 0.025 0.03671875
3 0.5265625 0.68984375 0.05390625 0.11640625
0 0.53515625 0.80703125 0.05 0.0609375
6 0.7046875 0.60703125 0.05390625 0.1015625
5 0.6984375 0.81953125 0.03125 0.03671875
3 0.8390625 0.6765625 0.0625 0.11953125
2 0.88203125 0.82109375 0.1 0.06328125
2 0.1859375 0.834375 0.12265625 0.06953125
1 0.1046875 0.73671875 0.14453125 0.20703125
10 0.23125 0.71796875 0.13828125 0.234375
10 0.246875 0.62890625 0.09375 0.1609375
10 0.34375 0.62421875 0.08828125 0.16875
10 0.48515625 0.61640625 0.10078125 0.16875
10 0.53203125 0.73125 0.13984375 0.2109375
10 0.60390625 0.61640625 0.09765625 0.178125
10 0.71015625 0.69296875 0.13203125 0.26640625
10 0.85390625 0.72421875 0.13046875 0.20546875