6 0.13515625 0.475 0.05390625 0.10546875
2 0.0859375 0.64296875 0.11875 0.05546875
6 0.2546875 0.50546875 0.05859375 0.1109375
0 0.20546875 0.64921875 0.0421875 0.06484375
6 0.38671875 0.48359375 0.0515625 0.09609375
5 0.31953125 0.675 0.03125 0.04296875
6 0.43828125 0.4890625 0.040625 0.07421875
8 0.60703125 0.57109375 0.04609375 0.090625
8 0.7109375 0.559375 0.053125 0.0890625
8 0.81171875 0.60625 0.05078125 0.08671875
8 0.75234375 0.67421875 0.0703125 0.13359375
1 0.59921875 0.5765625 0.10546875 0.1234375
1 0.7 0.578125 0.0953125 0.12421875
1 0.81640625 0.61328125 0.103125 0.11171875
1 0.74609375 0.665625 0.1625 0.190625
10 0.13671875 0.54296875 0.146875 0.2296875
10 0.25 0.5671875 0.12734375 0.225
10 0.3875 0.571875 0.1265625 0.26015625
10 0.44765625 0.534375 0.06796875 0.14921875