3 0.153125 0.65546875 0.0359375 0.078125
3 0.22578125 0.63125 0.0375 0.0796875
8 0.30703125 0.69296875 0.046875 0.08125
0 0.12890625 0.71796875 0.03984375 0.04609375
3 0.40546875 0.615625 0.0390625 0.08671875
6 0.5640625 0.64375 0.034375 0.0796875
0 0.56328125 0.71875 0.03515625 0.04453125
8 0.76953125 0.67890625 0.0625 0.09453125
6 0.85078125 0.67421875 0.059375 0.13046875
3 0.6890625 0.678125 0.05546875 0.12578125
0 0.690625 0.83046875 0.0703125 0.0703125
5 0.8609375 0.85625 0.05390625 0.040625
7 0.37421875 0.71953125 0.0796875 0.0515625
1 0.2328125 0.6671875 0.09921875 0.13203125
1 0.31328125 0.69296875 0.08515625 0.0765625
1 0.7640625 0.665625 0.09140625 0.1265625
1 0.15234375 0.678125 0.09609375 0.121875
10 0.4046875 0.65859375 0.09453125 0.16171875
10 0.55625 0.71640625 0.1015625 0.225
10 0.68515625 0.7359375 0.15546875 0.25390625
10 0.8609375 0.74375 0.15234375 0.25546875