10 0.06640625 0.24375 0.08671875 0.11640625
10 0.10078125 0.159375 0.05546875 0.10546875
10 0.13828125 0.1515625 0.05 0.0734375
10 0.16171875 0.34296875 0.0984375 0.16875
10 0.27734375 0.3546875 0.11640625 0.159375
1 0.315625 0.30703125 0.0828125 0.14453125
1 0.24765625 0.25546875 0.06953125 0.10546875
10 0.34453125 0.2515625 0.06015625 0.1359375
10 0.30625 0.18125 0.04453125 0.08046875
10 0.3984375 0.21015625 0.06015625 0.10703125
10 0.33671875 0.15 0.0421875 0.08125
10 0.38125 0.1421875 0.0421875 0.065625
10 0.425 0.15625 0.0453125 0.08671875
10 0.478125 0.1609375 0.03671875 0.10625
1 0.51328125 0.196875 0.05078125 0.08125
10 0.634375 0.2234375 0.06640625 0.10703125
1 0.571875 0.18125 0.06640625 0.06953125
10 0.56953125 0.21328125 0.05 0.06875
10 0.44453125 0.34765625 0.090625 0.18203125
10 0.534375 0.35625 0.08828125 0.16796875
10 0.64609375 0.36875 0.13828125 0.171875
10 0.60625 0.334375 0.0703125 0.13046875
10 0.5265625 0.2765625 0.06875 0.09921875
2 0.259375 0.4265625 0.06953125 0.03515625
2 0.51328125 0.44296875 0.0375 0.03203125
1 0.709375 0.17734375 0.03671875 0.053125
1 0.73203125 0.19296875 0.05078125 0.0765625
10 0.76640625 0.21484375 0.04921875 0.0890625
10 0.81640625 0.21796875 0.053125 0.084375
10 0.875 0.18671875 0.05234375 0.08046875
10 0.83203125 0.30390625 0.07734375 0.12421875
10 0.89453125 0.3546875 0.09296875 0.13359375
10 0.95859375 0.3671875 0.0828125 0.2
1 0.59765625 0.2859375 0.06640625 0.09453125
2 0.9796875 0.46875 0.040625 0.03359375
0 0.65390625 0.43125 0.053125 0.04140625
3 0.71640625 0.171875 0.02109375 0.04453125
10 0.44765625 0.13046875 0.03515625 0.07578125
3 0.06328125 0.22578125 0.03359375 0.075
3 0.09140625 0.13984375 0.028125 0.06484375
3 0.1296875 0.14375 0.025 0.05703125
3 0.15390625 0.30625 0.04296875 0.096875
3 0.26875 0.321875 0.0453125 0.09375
3 0.3015625 0.3046875 0.040625 0.08359375
3 0.265625 0.24296875 0.0328125 0.0765625
6 0.34296875 0.215625 0.03203125 0.06484375
3 0.30546875 0.171875 0.02578125 0.05546875
6 0.33125 0.1328125 0.02265625 0.05078125
3 0.3796875 0.13125 0.02109375 0.046875
9 0.40390625 0.19296875 0.03203125 0.0609375
3 0.421875 0.14375 0.02421875 0.059375
9 0.44453125 0.11796875 0.02421875 0.053125
6 0.47109375 0.13125 0.02265625 0.04921875
10 0.4703125 0.21875 0.06328125 0.128125
6 0.4625 0.190625 0.02890625 0.06328125
6 0.44765625 0.29375 0.03828125 0.084375
3 0.515625 0.1875 0.0265625 0.05625
3 0.54453125 0.15 0.021875 0.05
1 0.54375 0.15625 0.03984375 0.0640625
3 0.57578125 0.16796875 0.025 0.04921875
3 0.5703125 0.20546875 0.02265625 0.0515625
3 0.525 0.2640625 0.0296875 0.07421875
6 0.534375 0.31875 0.04140625 0.090625
6 0.6203125 0.1984375 0.02890625 0.05625
3 0.62265625 0.30625 0.034375 0.07578125
3 0.65390625 0.334375 0.04921875 0.10546875
3 0.7421875 0.18125 0.02578125 0.05078125
3 0.76640625 0.19375 0.021875 0.05390625
3 0.79453125 0.18671875 0.02578125 0.05625
3 0.8234375 0.20625 0.02421875 0.0546875
3 0.88828125 0.17578125 0.02578125 0.0515625
3 0.853125 0.27890625 0.0296875 0.06953125
7 0.84453125 0.3359375 0.04296875 0.03125
3 0.91875 0.3296875 0.04140625 0.08125