8 0.0890625 0.78203125 0.07265625 0.10390625
5 0.04765625 0.8984375 0.05234375 0.034375
6 0.2375 0.69375 0.0515625 0.11484375
6 0.2421875 0.62578125 0.0359375 0.059375
6 0.34921875 0.62578125 0.0375 0.07109375
5 0.328125 0.76015625 0.02265625 0.0296875
2 0.35703125 0.759375 0.0375 0.03046875
2 0.1921875 0.8875 0.11171875 0.05625
6 0.4796875 0.6234375 0.04140625 0.07578125
6 0.5984375 0.61484375 0.03828125 0.078125
5 0.615625 0.75078125 0.02265625 0.025
3 0.515625 0.72890625 0.0578125 0.1203125
0 0.52890625 0.84453125 0.04140625 0.06484375
6 0.70234375 0.646875 0.05078125 0.10078125
5 0.7 0.8640625 0.03125 0.03359375
3 0.84296875 0.7203125 0.05703125 0.10546875
2 0.88828125 0.86796875 0.1 0.05390625
1 0.109375 0.78671875 0.13828125 0.2046875
10 0.2375 0.76171875 0.1234375 0.23125
10 0.2484375 0.67734375 0.08984375 0.15078125
10 0.3453125 0.67421875 0.08046875 0.1640625
10 0.48359375 0.66953125 0.06875 0.159375
10 0.52890625 0.76875 0.134375 0.20859375
10 0.60078125 0.6609375 0.08046875 0.16875
10 0.709375 0.72890625 0.12421875 0.2546875
10 0.85703125 0.75703125 0.12734375 0.1859375