2 0.2328125 0.1390625 0.0296875 0.01484375
3 0.24375 0.096875 0.0140625 0.0296875
10 0.2453125 0.10859375 0.03828125 0.053125
0 0.38828125 0.07734375 0.01484375 0.0140625
3 0.39375 0.046875 0.01640625 0.03203125
10 0.38828125 0.05703125 0.04765625 0.053125
2 0.42578125 0.0765625 0.021875 0.01328125
2 0.53671875 0.0328125 0.01328125 0.01171875
0 0.56953125 0.03125 0.01015625 0.01171875
2 0.67421875 0.3125 0.03359375 0.03984375
7 0.70625 0.30625 0.03984375 0.03984375
3 0.71484375 0.25234375 0.02265625 0.0453125
1 0.703125 0.26171875 0.07265625 0.09140625
2 0.89921875 0.39140625 0.0203125 0.0265625