3 0.03125 0.63203125 0.0609375 0.12421875
9 0.12578125 0.6140625 0.06640625 0.1234375
3 0.1203125 0.77890625 0.09296875 0.05703125
3 0.2671875 0.559375 0.05 0.08125
7 0.25625 0.6484375 0.0796875 0.05546875
3 0.36953125 0.6015625 0.06640625 0.13671875
0 0.35078125 0.73671875 0.05859375 0.05546875
3 0.4609375 0.53125 0.04921875 0.08515625
0 0.4578125 0.61796875 0.03515625 0.04296875
3 0.6421875 0.5015625 0.04140625 0.078125
3 0.6796875 0.55546875 0.05859375 0.13359375
3 0.72265625 0.48046875 0.04453125 0.0890625
3 0.81328125 0.46875 0.05 0.09609375
9 0.76328125 0.54375 0.07578125 0.14296875
3 0.95390625 0.509375 0.07421875 0.13125
7 0.83828125 0.71484375 0.12578125 0.09609375
0 0.9703125 0.68046875 0.05390625 0.0703125
10 0.28203125 0.584375 0.08984375 0.14453125
10 0.15234375 0.6703125 0.15078125 0.2296875
10 0.04921875 0.678125 0.09765625 0.22890625
10 0.378125 0.653125 0.1578125 0.2390625
10 0.46640625 0.565625 0.084375 0.1484375
10 0.63203125 0.54140625 0.06328125 0.1453125
10 0.66640625 0.6140625 0.11328125 0.2515625
10 0.72265625 0.50234375 0.059375 0.1265625
10 0.79765625 0.603125 0.16640625 0.25078125
10 0.82734375 0.50703125 0.08515625 0.175
10 0.9375 0.57734375 0.125 0.2703125