10 0.06640625 0.240625 0.08359375 0.1296875
10 0.0890625 0.165625 0.05859375 0.10078125
1 0.13515625 0.15234375 0.04921875 0.075
10 0.16953125 0.33203125 0.10546875 0.178125
10 0.278125 0.35546875 0.1140625 0.15546875
1 0.2484375 0.25546875 0.07265625 0.10390625
1 0.315625 0.3109375 0.0828125 0.14375
10 0.346875 0.24453125 0.0640625 0.13828125
10 0.30625 0.178125 0.04140625 0.090625
10 0.378125 0.1375 0.04453125 0.06953125
10 0.39765625 0.21796875 0.06015625 0.10390625
10 0.421875 0.15546875 0.0484375 0.078125
10 0.44453125 0.128125 0.02734375 0.075
10 0.465625 0.21796875 0.0640625 0.125
1 0.4484375 0.278125 0.07265625 0.09921875
10 0.44453125 0.35 0.090625 0.18125
10 0.53671875 0.34453125 0.09296875 0.19296875
1 0.521875 0.18125 0.04609375 0.103125
10 0.56640625 0.17109375 0.05625 0.07578125
10 0.56015625 0.20625 0.04453125 0.08203125
10 0.64140625 0.23125 0.05234375 0.0953125
1 0.59765625 0.28671875 0.06796875 0.09453125
10 0.63828125 0.36875 0.13359375 0.16796875
0 0.64375 0.43125 0.053125 0.03984375
1 0.73203125 0.19296875 0.05546875 0.08359375
10 0.796875 0.1875 0.0390625 0.06953125
10 0.76640625 0.2140625 0.05546875 0.09453125
10 0.81484375 0.21796875 0.0515625 0.08828125
10 0.884375 0.2015625 0.04921875 0.071875
10 0.83203125 0.30078125 0.07734375 0.11953125
10 0.896875 0.33359375 0.08203125 0.16171875
10 0.94765625 0.28984375 0.04765625 0.11328125
2 0.259375 0.425 0.0703125 0.03125
2 0.515625 0.44296875 0.03671875 0.03046875
2 0.9796875 0.46796875 0.03984375 0.03046875
6 0.059375 0.20625 0.03515625 0.0640625
3 0.07578125 0.14375 0.02734375 0.06171875
3 0.12578125 0.14296875 0.02421875 0.0546875
6 0.1875 0.28984375 0.04140625 0.08671875
3 0.26328125 0.24375 0.034375 0.07578125
3 0.2671875 0.32421875 0.04296875 0.08125
6 0.34140625 0.20625 0.03046875 0.06015625
6 0.309375 0.1609375 0.025 0.05625
3 0.33828125 0.1265625 0.02109375 0.04921875
10 0.34296875 0.1359375 0.0296875 0.0703125
3 0.3765625 0.13125 0.01796875 0.05078125
3 0.39921875 0.20234375 0.0296875 0.065625
3 0.3015625 0.29453125 0.03984375 0.08515625
3 0.42421875 0.14375 0.0234375 0.05546875
6 0.44140625 0.11328125 0.02109375 0.04453125
6 0.4609375 0.184375 0.028125 0.05625
3 0.43828125 0.26171875 0.03203125 0.06953125
6 0.45390625 0.303125 0.0375 0.08984375
6 0.5234375 0.15703125 0.02421875 0.05078125
3 0.56484375 0.19296875 0.0234375 0.04921875
3 0.571875 0.15625 0.02421875 0.04375
6 0.540625 0.30390625 0.03984375 0.1
3 0.64453125 0.21796875 0.02734375 0.065625
3 0.64375 0.34140625 0.04609375 0.1015625
3 0.7453125 0.178125 0.02421875 0.05
6 0.76875 0.19296875 0.02109375 0.0484375
3 0.8 0.18125 0.02578125 0.05078125
3 0.8234375 0.203125 0.02265625 0.05078125
3 0.89453125 0.19375 0.02578125 0.05
3 0.85390625 0.275 0.03046875 0.06875
7 0.84375 0.34140625 0.03984375 0.02890625
6 0.9 0.29296875 0.03828125 0.06953125
6 0.95 0.26171875 0.0296875 0.05625
10 0.95859375 0.36640625 0.0828125 0.2109375
6 0.98203125 0.30546875 0.034375 0.090625