8 0.11328125 0.7609375 0.06875 0.11875
5 0.059375 0.8359375 0.03515625 0.04453125
3 0.22890625 0.603125 0.04609375 0.0796875
0 0.2109375 0.68046875 0.03671875 0.040625
8 0.24375 0.74140625 0.0671875 0.11640625
3 0.3484375 0.60390625 0.04609375 0.0890625
0 0.33828125 0.684375 0.03125 0.05546875
3 0.5234375 0.621875 0.04375 0.08125
5 0.52890625 0.70546875 0.03515625 0.02578125
3 0.62890625 0.61796875 0.04375 0.08671875
7 0.62265625 0.6984375 0.059375 0.05546875
6 0.753125 0.5984375 0.0546875 0.11875
5 0.7515625 0.82578125 0.0375 0.03671875
6 0.87578125 0.61953125 0.05859375 0.1015625
2 0.93984375 0.84375 0.1171875 0.0609375
5 0.228125 0.840625 0.0359375 0.0296875
10 0.2359375 0.6296875 0.11171875 0.13515625
10 0.35234375 0.63828125 0.09296875 0.1546875
10 0.51875 0.64375 0.11328125 0.11640625
10 0.625 0.64140625 0.10546875 0.1296875
10 0.73203125 0.68203125 0.171875 0.27890625
10 0.8765625 0.703125 0.12578125 0.25
1 0.10546875 0.73359375 0.1640625 0.1859375
1 0.25546875 0.74609375 0.14375 0.2015625