3 0.1546875 0.6546875 0.04140625 0.071875
0 0.1234375 0.71875 0.04921875 0.04453125
8 0.22578125 0.696875 0.04609375 0.08046875
8 0.3046875 0.69453125 0.05 0.07578125
3 0.3984375 0.61875 0.04609375 0.09296875
7 0.371875 0.7265625 0.0671875 0.04609375
3 0.5734375 0.66640625 0.04609375 0.059375
0 0.57109375 0.71640625 0.0421875 0.0484375
8 0.76640625 0.6796875 0.05703125 0.1
8 0.878125 0.76875 0.071875 0.11640625
5 0.85546875 0.85546875 0.0515625 0.04453125
3 0.68828125 0.68125 0.05703125 0.128125
0 0.69140625 0.82421875 0.05859375 0.06953125
1 0.15078125 0.67734375 0.09296875 0.125
10 0.39609375 0.66015625 0.08984375 0.15390625
10 0.68671875 0.74296875 0.1578125 0.24375
1 0.2328125 0.68359375 0.096875 0.121875
1 0.3125 0.69453125 0.0859375 0.08671875
1 0.55625 0.68359375 0.10546875 0.1140625
1 0.76328125 0.6625 0.09453125 0.13046875
1 0.86484375 0.77421875 0.1546875 0.190625