8 0.11328125 0.75546875 0.06484375 0.11640625
5 0.06015625 0.83125 0.03515625 0.0390625
3 0.23359375 0.60546875 0.0421875 0.09296875
0 0.21328125 0.690625 0.0375 0.03359375
8 0.2421875 0.7359375 0.05859375 0.11953125
3 0.3484375 0.603125 0.04453125 0.090625
0 0.33828125 0.684375 0.034375 0.06328125
3 0.5234375 0.61953125 0.03671875 0.0890625
5 0.52890625 0.7046875 0.03359375 0.028125
3 0.628125 0.61875 0.04375 0.08125
7 0.621875 0.69375 0.0546875 0.05390625
6 0.75390625 0.6015625 0.05859375 0.11484375
5 0.75390625 0.828125 0.034375 0.040625
6 0.878125 0.62265625 0.0578125 0.10625
2 0.94140625 0.84375 0.1125 0.059375
10 0.2296875 0.63125 0.10546875 0.14140625
10 0.353125 0.63828125 0.09296875 0.1609375
10 0.51796875 0.64140625 0.109375 0.12890625
10 0.621875 0.64296875 0.0921875 0.1453125
10 0.73203125 0.68046875 0.16953125 0.27890625
10 0.875 0.703125 0.12109375 0.2515625
1 0.10859375 0.73515625 0.15859375 0.1984375
1 0.25703125 0.74375 0.14453125 0.21015625