6 0.18046875 0.59453125 0.0671875 0.12578125
5 0.140625 0.76875 0.0359375 0.040625
3 0.27890625 0.57109375 0.03828125 0.090625
0 0.2734375 0.64296875 0.03828125 0.03671875
6 0.32265625 0.58046875 0.06328125 0.12421875
0 0.2921875 0.759375 0.05625 0.06875
3 0.40234375 0.55546875 0.0453125 0.09609375
0 0.3921875 0.6515625 0.04296875 0.0515625
3 0.57890625 0.565625 0.0375 0.07578125
3 0.60078125 0.61953125 0.05390625 0.12421875
0 0.59609375 0.76875 0.0515625 0.07421875
6 0.74921875 0.54296875 0.03828125 0.06328125
3 0.790625 0.5890625 0.0640625 0.12578125
0 0.8140625 0.7515625 0.05859375 0.0515625
3 0.89453125 0.60546875 0.07109375 0.12578125
7 0.91328125 0.78984375 0.14140625 0.08671875
10 0.18203125 0.6515625 0.14296875 0.228125
10 0.31875 0.65546875 0.13203125 0.26328125
10 0.59765625 0.68671875 0.13671875 0.215625
10 0.75859375 0.65703125 0.13046875 0.26015625
10 0.87890625 0.66953125 0.11875 0.25390625
10 0.2734375 0.59921875 0.06328125 0.1296875
10 0.734375 0.59375 0.06953125 0.1515625
1 0.56328125 0.60390625 0.08671875 0.134375
1 0.4078125 0.59609375 0.0875 0.165625