6 0.09453125 0.64296875 0.06953125 0.140625
5 0.04453125 0.8484375 0.05 0.03125
6 0.24375 0.58515625 0.0421875 0.09296875
8 0.19453125 0.759375 0.06953125 0.11875
6 0.34765625 0.5703125 0.040625 0.07421875
5 0.32578125 0.71640625 0.028125 0.03359375
6 0.4859375 0.57421875 0.04375 0.08125
3 0.5109375 0.70546875 0.05390625 0.11484375
0 0.53828125 0.815625 0.04375 0.05703125
6 0.60703125 0.5734375 0.04609375 0.08359375
6 0.6984375 0.60546875 0.05625 0.1
5 0.61328125 0.70390625 0.02421875 0.03671875
5 0.69453125 0.81875 0.03046875 0.05
3 0.84140625 0.6609375 0.05859375 0.10703125
2 0.88203125 0.8265625 0.096875 0.06484375
1 0.21640625 0.75234375 0.14453125 0.196875
10 0.10625 0.7015625 0.1359375 0.26328125
10 0.2484375 0.63046875 0.09609375 0.171875
10 0.34609375 0.62421875 0.09453125 0.16875
10 0.4921875 0.61796875 0.10078125 0.165625
10 0.60703125 0.61953125 0.10078125 0.1765625
1 0.53125 0.74296875 0.13671875 0.20078125
10 0.70859375 0.690625 0.12890625 0.26484375
10 0.853125 0.71171875 0.13203125 0.21953125