10 0.06875 0.24609375 0.0859375 0.13046875
10 0.14140625 0.1453125 0.05078125 0.07578125
10 0.38125 0.134375 0.03984375 0.06953125
10 0.3046875 0.1703125 0.040625 0.0984375
10 0.27421875 0.2390625 0.07109375 0.11328125
10 0.34453125 0.246875 0.04765625 0.14453125
10 0.2734375 0.34921875 0.11015625 0.16875
10 0.1625 0.334375 0.09921875 0.18046875
10 0.42265625 0.15625 0.04765625 0.08515625
10 0.396875 0.215625 0.0671875 0.1109375
1 0.44921875 0.26875 0.0734375 0.12578125
10 0.446875 0.34375 0.1015625 0.1859375
2 0.51484375 0.44296875 0.03984375 0.03828125
1 0.57109375 0.20859375 0.0484375 0.06875
10 0.546875 0.359375 0.10234375 0.15625
10 0.6296875 0.22578125 0.05546875 0.10625
10 0.64765625 0.36875 0.134375 0.17421875
1 0.7109375 0.178125 0.0375 0.05390625
1 0.73203125 0.19296875 0.05546875 0.0734375
10 0.76328125 0.215625 0.04765625 0.09296875
10 0.815625 0.21875 0.0546875 0.08671875
10 0.884375 0.18984375 0.0421875 0.0890625
10 0.8359375 0.3015625 0.07421875 0.128125
10 0.8984375 0.33203125 0.07734375 0.16328125
10 0.3375 0.14296875 0.06015625 0.0953125
10 0.47578125 0.22109375 0.05546875 0.125
10 0.21328125 0.303125 0.07890625 0.14921875
10 0.525 0.18125 0.04921875 0.1
2 0.25625 0.41875 0.0734375 0.03359375
10 0.32265625 0.30625 0.08046875 0.15078125
10 0.96015625 0.36796875 0.07890625 0.203125
3 0.06015625 0.22109375 0.034375 0.0765625
10 0.0953125 0.16640625 0.05234375 0.10390625
3 0.084375 0.14453125 0.02734375 0.06171875
3 0.04375 0.15078125 0.02734375 0.06171875
6 0.33828125 0.121875 0.02265625 0.05546875
6 0.2984375 0.1546875 0.02421875 0.05546875
6 0.2875 0.21875 0.03359375 0.06875
6 0.3359375 0.20625 0.02890625 0.06015625
3 0.31953125 0.275 0.040625 0.09453125
9 0.371875 0.12890625 0.0203125 0.0515625
3 0.26640625 0.3171875 0.04140625 0.096875
3 0.19609375 0.278125 0.0421875 0.09296875
6 0.1546875 0.29296875 0.04296875 0.0953125
6 0.39765625 0.19375 0.03046875 0.06328125
3 0.4234375 0.14453125 0.02421875 0.059375
6 0.428125 0.10703125 0.0203125 0.0453125
6 0.4734375 0.13046875 0.021875 0.0484375
10 0.48046875 0.16015625 0.0359375 0.10546875
3 0.4625 0.19375 0.02734375 0.065625
3 0.44296875 0.24453125 0.03046875 0.071875
6 0.4546875 0.29375 0.040625 0.08359375
3 0.52734375 0.26640625 0.0296875 0.08203125
1 0.52890625 0.278125 0.06171875 0.10625
6 0.5234375 0.16015625 0.02421875 0.05546875
3 0.57265625 0.203125 0.02265625 0.0515625
6 0.5578125 0.1390625 0.021875 0.053125
10 0.55859375 0.16484375 0.04765625 0.1015625
6 0.62734375 0.20625 0.02578125 0.06171875
3 0.5734375 0.33671875 0.040625 0.10546875
3 0.61328125 0.27890625 0.03359375 0.06953125
3 0.625 0.3125 0.0328125 0.08046875
3 0.65078125 0.3359375 0.04921875 0.10546875
0 0.65390625 0.43125 0.05234375 0.040625
3 0.71640625 0.17265625 0.01875 0.04375
3 0.746875 0.1859375 0.0234375 0.05546875
3 0.79375 0.1875 0.02421875 0.05625
3 0.85546875 0.271875 0.0296875 0.06953125
3 0.8921875 0.16953125 0.02421875 0.05390625
9 0.81796875 0.20234375 0.02421875 0.05078125
9 0.771875 0.19296875 0.02265625 0.05078125
3 0.95859375 0.2625 0.0296875 0.06953125
10 0.95390625 0.2875 0.04921875 0.11953125
9 0.90859375 0.29296875 0.0421875 0.07890625
3 0.98125 0.31953125 0.03671875 0.10390625
7 0.84453125 0.34296875 0.04296875 0.025