6 0.1859375 0.59453125 0.0625 0.1109375
5 0.14140625 0.76875 0.03359375 0.0296875
3 0.28828125 0.57421875 0.0375 0.08125
0 0.27890625 0.6359375 0.03359375 0.04453125
6 0.3328125 0.56875 0.05 0.10703125
5 0.29453125 0.75859375 0.03828125 0.0390625
3 0.396875 0.56796875 0.0421875 0.09453125
0 0.39453125 0.64375 0.0375 0.04609375
6 0.57265625 0.55703125 0.034375 0.07421875
3 0.59765625 0.615625 0.0625 0.11640625
0 0.59765625 0.76875 0.065625 0.0703125
3 0.72265625 0.5796875 0.05625 0.11484375
3 0.76015625 0.565625 0.03984375 0.07578125
9 0.8296875 0.63984375 0.075 0.11328125
0 0.73984375 0.6734375 0.0453125 0.05703125
2 0.91171875 0.80703125 0.14921875 0.059375
1 0.28203125 0.6015625 0.075 0.125
1 0.4109375 0.60078125 0.08515625 0.15078125
10 0.1859375 0.65 0.13515625 0.221875
10 0.33125 0.64453125 0.11640625 0.246875
10 0.5578125 0.59453125 0.07890625 0.15
10 0.59453125 0.675 0.13828125 0.23515625
10 0.7265625 0.65546875 0.13515625 0.27578125
10 0.8546875 0.690625 0.13125 0.21015625
10 0.76875 0.603125 0.05546875 0.14921875