3 0.18515625 0.60078125 0.06796875 0.13125
5 0.13828125 0.76484375 0.03359375 0.0484375
3 0.3171875 0.59609375 0.06015625 0.13671875
0 0.37890625 0.54375 0.04765625 0.0984375
9 0.29140625 0.74453125 0.053125 0.078125
0 0.38671875 0.640625 0.0390625 0.0515625
3 0.59765625 0.61328125 0.06015625 0.13671875
0 0.59140625 0.771875 0.06015625 0.06875
6 0.7453125 0.553125 0.06484375 0.1203125
6 0.86328125 0.56875 0.06640625 0.11875
2 0.91015625 0.80546875 0.146875 0.059375
5 0.7453125 0.78359375 0.04140625 0.03671875
10 0.184375 0.65546875 0.13359375 0.22109375
10 0.31484375 0.6609375 0.13515625 0.2484375
10 0.39921875 0.58828125 0.08203125 0.16953125
10 0.59140625 0.67890625 0.1390625 0.23515625
10 0.74609375 0.64375 0.125 0.28515625
10 0.87421875 0.65234375 0.14921875 0.26953125
1 0.56328125 0.60859375 0.08671875 0.128125