6 0.17890625 0.59375 0.06484375 0.11484375
5 0.140625 0.76875 0.0296875 0.040625
3 0.2765625 0.56484375 0.0375 0.07421875
0 0.2734375 0.640625 0.03359375 0.03671875
6 0.31953125 0.58359375 0.05859375 0.13359375
0 0.29453125 0.75546875 0.0625 0.07421875
3 0.40390625 0.56015625 0.04375 0.09453125
0 0.39140625 0.6515625 0.03984375 0.06328125
3 0.5734375 0.5640625 0.0375 0.071875
3 0.59921875 0.60703125 0.0484375 0.1296875
0 0.60078125 0.771875 0.06875 0.05546875
6 0.740625 0.540625 0.0609375 0.1
5 0.74765625 0.79375 0.0375 0.04609375
6 0.88984375 0.60703125 0.06953125 0.11875
2 0.921875 0.8 0.1375 0.06875
10 0.1796875 0.65078125 0.14140625 0.23046875
10 0.31875 0.6515625 0.13984375 0.2546875
10 0.40703125 0.5984375 0.0875 0.16171875
10 0.59296875 0.67109375 0.14453125 0.25
10 0.7375 0.63984375 0.13125 0.3015625
10 0.87109375 0.66875 0.1421875 0.24453125
1 0.271875 0.59609375 0.06640625 0.1390625
1 0.559375 0.60390625 0.0796875 0.13984375