3 0.1859375 0.60703125 0.06328125 0.121875
5 0.1390625 0.76875 0.0375 0.03671875
3 0.3171875 0.60546875 0.06015625 0.1296875
0 0.28828125 0.75390625 0.05 0.078125
9 0.3765625 0.54375 0.046875 0.0984375
0 0.3859375 0.64375 0.03125 0.059375
3 0.59765625 0.61875 0.05859375 0.12578125
0 0.590625 0.7734375 0.0640625 0.06875
6 0.7421875 0.55390625 0.06015625 0.121875
5 0.75 0.7859375 0.0453125 0.04296875
6 0.87265625 0.57421875 0.06171875 0.10703125
2 0.90859375 0.80546875 0.1421875 0.059375
1 0.5609375 0.6078125 0.08984375 0.13046875
10 0.18359375 0.6515625 0.13359375 0.2109375
10 0.31875 0.66328125 0.1390625 0.246875
10 0.39765625 0.58828125 0.08515625 0.16640625
10 0.5921875 0.678125 0.13828125 0.2390625
10 0.74296875 0.64296875 0.13046875 0.29140625
10 0.87578125 0.65390625 0.159375 0.27421875