3 0.1484375 0.63046875 0.04921875 0.0890625
6 0.23515625 0.59375 0.04765625 0.0890625
0 0.1390625 0.70546875 0.04921875 0.04453125
0 0.21328125 0.70546875 0.04765625 0.05
9 0.32734375 0.58046875 0.0453125 0.0796875
5 0.29140625 0.7234375 0.02734375 0.03046875
3 0.3921875 0.60546875 0.046875 0.08671875
7 0.37890625 0.71875 0.084375 0.0484375
9 0.584375 0.59921875 0.04296875 0.08359375
0 0.56953125 0.7046875 0.03828125 0.04296875
6 0.69453125 0.56875 0.04609375 0.090625
0 0.66953125 0.68125 0.05234375 0.06484375
6 0.78828125 0.590625 0.05 0.09609375
9 0.85078125 0.63046875 0.07734375 0.1203125
0 0.79140625 0.69375 0.053125 0.05390625
0 0.86328125 0.81875 0.0875 0.06484375
1 0.153125 0.65625 0.103125 0.125
10 0.23515625 0.640625 0.10859375 0.17109375
10 0.32265625 0.62890625 0.07734375 0.16328125
10 0.4046875 0.6515625 0.10078125 0.1609375
10 0.57265625 0.640625 0.11015625 0.15859375
10 0.68203125 0.625 0.09921875 0.18515625
10 0.78046875 0.63046875 0.09765625 0.16640625
10 0.890625 0.71796875 0.1953125 0.2734375