3 0.03515625 0.465625 0.06015625 0.12421875
2 0.04140625 0.58046875 0.08203125 0.0796875
3 0.19921875 0.484375 0.0546875 0.11875
0 0.1859375 0.60390625 0.04609375 0.0515625
3 0.32421875 0.45546875 0.0546875 0.12578125
0 0.2828125 0.58046875 0.04140625 0.05
2 0.28125 0.6390625 0.1140625 0.0484375
6 0.371875 0.43984375 0.0359375 0.0609375
6 0.55625 0.44453125 0.0453125 0.07421875
6 0.6359375 0.4703125 0.0375 0.06640625
6 0.72890625 0.48046875 0.03984375 0.07421875
6 0.69140625 0.5015625 0.04453125 0.1
2 0.6890625 0.68046875 0.084375 0.04453125
1 0.07109375 0.5140625 0.14140625 0.203125
10 0.20703125 0.5234375 0.12421875 0.18515625
10 0.33671875 0.51328125 0.15078125 0.23359375
10 0.39140625 0.49296875 0.075 0.15546875
10 0.54453125 0.49609375 0.09609375 0.175
10 0.6328125 0.51640625 0.07734375 0.14296875
10 0.73828125 0.52421875 0.06015625 0.15625
10 0.6796875 0.5703125 0.12890625 0.22578125