10 0.06953125 0.24765625 0.0875 0.13046875
10 0.13515625 0.14296875 0.05546875 0.08046875
10 0.09140625 0.165625 0.05546875 0.1109375
10 0.38203125 0.13359375 0.04453125 0.08125
10 0.3328125 0.15390625 0.04296875 0.07421875
10 0.30703125 0.17734375 0.03984375 0.096875
10 0.34140625 0.25234375 0.05859375 0.13828125
1 0.396875 0.228125 0.06328125 0.08671875
10 0.41875 0.15625 0.05703125 0.08203125
10 0.475 0.21796875 0.04453125 0.1140625
10 0.45078125 0.26796875 0.08359375 0.13515625
10 0.5265625 0.25625 0.06484375 0.13984375
10 0.57109375 0.20546875 0.0484375 0.08359375
10 0.64765625 0.23046875 0.05859375 0.11015625
10 0.66796875 0.36640625 0.1296875 0.19140625
10 0.553125 0.3515625 0.1015625 0.1890625
10 0.44453125 0.346875 0.09296875 0.18046875
1 0.26484375 0.365625 0.1234375 0.1359375
10 0.31484375 0.31015625 0.08515625 0.14296875
10 0.14140625 0.3359375 0.13203125 0.18046875
10 0.21328125 0.303125 0.071875 0.13828125
10 0.265625 0.24375 0.0671875 0.13515625
1 0.70703125 0.178125 0.03828125 0.05625
1 0.73359375 0.19296875 0.05703125 0.08203125
10 0.7921875 0.18046875 0.04296875 0.0796875
10 0.76328125 0.21875 0.05546875 0.09296875
10 0.81640625 0.21875 0.05546875 0.090625
10 0.88515625 0.1890625 0.04296875 0.08515625
10 0.8375 0.29296875 0.0640625 0.1265625
1 0.909375 0.35546875 0.0828125 0.12890625
10 0.9625 0.3796875 0.075 0.19375
10 0.0328125 0.15546875 0.05703125 0.08671875
10 0.5546875 0.15703125 0.04296875 0.09921875
2 0.39921875 0.43125 0.0609375 0.03046875
2 0.515625 0.44296875 0.0375 0.03203125
10 0.5171875 0.18046875 0.04453125 0.1
10 0.865625 0.24296875 0.04140625 0.0953125
9 0.03515625 0.14296875 0.02890625 0.05859375
3 0.08203125 0.14140625 0.02890625 0.06328125
3 0.128125 0.13125 0.02421875 0.0546875
3 0.06328125 0.22421875 0.03359375 0.06875
3 0.32578125 0.14375 0.02265625 0.05390625
9 0.38125 0.1234375 0.0234375 0.05
3 0.421875 0.146875 0.0234375 0.05625
6 0.3015625 0.15546875 0.025 0.05546875
6 0.27109375 0.20625 0.03359375 0.06484375
6 0.33828125 0.21171875 0.03203125 0.05625
3 0.38828125 0.21875 0.03203125 0.06640625
6 0.47578125 0.13671875 0.02265625 0.04375
6 0.46875 0.19296875 0.02734375 0.05703125
6 0.44453125 0.23046875 0.03203125 0.06640625
6 0.5171875 0.165625 0.025 0.053125
6 0.5640625 0.1421875 0.02421875 0.0546875
3 0.52890625 0.14140625 0.021875 0.0453125
6 0.571875 0.1859375 0.02265625 0.04453125
6 0.64765625 0.20546875 0.02734375 0.0609375
6 0.52421875 0.23046875 0.0296875 0.0734375
3 0.215625 0.28046875 0.03828125 0.08671875
3 0.31953125 0.303125 0.04296875 0.084375
6 0.15703125 0.29375 0.04609375 0.10078125
3 0.25625 0.34765625 0.04921875 0.0953125
6 0.453125 0.296875 0.03984375 0.08046875
9 0.57578125 0.309375 0.04453125 0.10625
3 0.62265625 0.3140625 0.03359375 0.075
6 0.66015625 0.31796875 0.04765625 0.09921875
0 0.61875 0.43125 0.03203125 0.0484375
3 0.71640625 0.16875 0.01953125 0.040625
3 0.746875 0.1796875 0.0234375 0.0515625
6 0.76953125 0.19375 0.021875 0.05
3 0.78671875 0.171875 0.025 0.05546875
6 0.825 0.20078125 0.02578125 0.04921875
3 0.84140625 0.265625 0.03203125 0.06953125
3 0.89296875 0.16796875 0.02578125 0.053125
6 0.8625 0.2296875 0.02578125 0.05703125
6 0.9078125 0.26875 0.0375 0.06484375
10 0.9015625 0.29140625 0.05234375 0.11015625
3 0.93046875 0.33125 0.04140625 0.08203125