8 0.08125 0.74375 0.06875 0.11875
5 0.0484375 0.84765625 0.05546875 0.03203125
6 0.2390625 0.58046875 0.04375 0.0609375
6 0.240625 0.6609375 0.0578125 0.13046875
2 0.1875 0.84140625 0.1171875 0.06875
6 0.34765625 0.57890625 0.04375 0.071875
5 0.32265625 0.709375 0.02578125 0.03046875
6 0.4859375 0.57265625 0.04140625 0.08046875
6 0.596875 0.56875 0.0484375 0.0890625
5 0.61328125 0.7046875 0.025 0.028125
3 0.52890625 0.69375 0.05859375 0.11328125
0 0.5375 0.80546875 0.0546875 0.059375
6 0.7046875 0.60859375 0.05859375 0.10546875
5 0.69609375 0.81796875 0.0296875 0.04375
3 0.8359375 0.67890625 0.05625 0.109375
2 0.88203125 0.81953125 0.09609375 0.059375
1 0.10625 0.74140625 0.15078125 0.21640625
10 0.234375 0.71015625 0.1390625 0.24453125
10 0.246875 0.60625 0.07890625 0.11796875
10 0.34453125 0.6265625 0.08828125 0.16640625
10 0.48125 0.61796875 0.10078125 0.17109375
10 0.5296875 0.73046875 0.14140625 0.209375
10 0.59765625 0.61875 0.08984375 0.18125
10 0.70703125 0.68984375 0.12578125 0.26640625
10 0.853125 0.7265625 0.13203125 0.1984375