6 0.18046875 0.58359375 0.0640625 0.11484375
5 0.1390625 0.7640625 0.0375 0.04453125
3 0.27890625 0.56640625 0.04375 0.08125
0 0.2703125 0.64140625 0.03359375 0.03515625
6 0.32265625 0.5859375 0.06015625 0.128125
0 0.2890625 0.75546875 0.05390625 0.071875
3 0.403125 0.56015625 0.0484375 0.09453125
0 0.39296875 0.64609375 0.0359375 0.0484375
3 0.57578125 0.56640625 0.03359375 0.08125
3 0.59765625 0.61015625 0.05234375 0.11328125
0 0.60078125 0.76953125 0.065625 0.0609375
6 0.7421875 0.53828125 0.05546875 0.10546875
5 0.74765625 0.78984375 0.04296875 0.0390625
6 0.88828125 0.60625 0.06484375 0.1203125
2 0.92109375 0.80546875 0.13203125 0.05546875
1 0.2703125 0.5984375 0.06484375 0.14140625
1 0.5578125 0.6015625 0.078125 0.14375
10 0.178125 0.64921875 0.14140625 0.2359375
10 0.3171875 0.65390625 0.1359375 0.259375
10 0.40859375 0.5984375 0.08984375 0.1640625
10 0.59375 0.671875 0.13984375 0.25
10 0.7390625 0.6390625 0.1328125 0.303125
10 0.8703125 0.66640625 0.13984375 0.240625