10 0.06640625 0.24375 0.08515625 0.11640625
10 0.09609375 0.15625 0.0515625 0.11328125
10 0.140625 0.146875 0.0453125 0.06953125
10 0.16328125 0.35546875 0.09765625 0.14453125
10 0.27734375 0.35625 0.11484375 0.1546875
1 0.20625 0.31875 0.08828125 0.12421875
1 0.315625 0.3109375 0.0859375 0.14375
1 0.246875 0.25625 0.07109375 0.1046875
10 0.34375 0.2515625 0.0609375 0.13984375
10 0.30703125 0.18203125 0.04375 0.0796875
1 0.39765625 0.23125 0.06015625 0.08046875
10 0.3359375 0.153125 0.04140625 0.0796875
10 0.3796875 0.1359375 0.04375 0.08046875
10 0.41953125 0.15546875 0.06171875 0.08515625
10 0.475 0.16015625 0.04140625 0.10546875
1 0.51328125 0.19453125 0.05078125 0.08046875
10 0.62421875 0.2234375 0.06484375 0.10546875
1 0.57265625 0.1796875 0.06328125 0.06484375
10 0.56875 0.21015625 0.04921875 0.06875
10 0.44453125 0.3515625 0.090625 0.1859375
10 0.53515625 0.35546875 0.09296875 0.171875
10 0.63515625 0.35390625 0.096875 0.18828125
10 0.5265625 0.27890625 0.07109375 0.10703125
2 0.259375 0.4265625 0.06953125 0.03515625
2 0.51328125 0.44296875 0.0375 0.03203125
1 0.7109375 0.178125 0.03359375 0.053125
1 0.73359375 0.19296875 0.05546875 0.07421875
10 0.76796875 0.21484375 0.0484375 0.0890625
10 0.81640625 0.21875 0.05078125 0.08515625
10 0.87578125 0.19140625 0.05234375 0.0765625
10 0.83203125 0.303125 0.07578125 0.121875
10 0.89453125 0.3515625 0.09140625 0.140625
10 0.959375 0.36171875 0.08125 0.20625
1 0.59765625 0.28203125 0.065625 0.09453125
2 0.9796875 0.46875 0.040625 0.03359375
3 0.7171875 0.1703125 0.01796875 0.040625
10 0.44375 0.1296875 0.03046875 0.08359375
10 0.0578125 0.184375 0.071875 0.10625
10 0.46640625 0.21796875 0.06640625 0.125
1 0.54375 0.15625 0.0390625 0.0640625
3 0.06328125 0.2203125 0.03203125 0.07421875
3 0.0484375 0.1671875 0.03125 0.06171875
9 0.08515625 0.13671875 0.02734375 0.06171875
3 0.13359375 0.14296875 0.02421875 0.05625
3 0.1421875 0.32890625 0.04765625 0.0890625
3 0.18203125 0.29921875 0.04140625 0.08046875
3 0.2671875 0.3265625 0.04453125 0.0859375
3 0.265625 0.24375 0.03359375 0.07578125
3 0.30234375 0.30546875 0.0421875 0.08671875
3 0.30546875 0.1734375 0.0265625 0.05625
6 0.34140625 0.209375 0.03359375 0.06328125
6 0.33125 0.140625 0.02265625 0.04921875
9 0.37578125 0.12109375 0.02109375 0.05078125
3 0.38671875 0.221875 0.0328125 0.06171875
3 0.42265625 0.14375 0.02421875 0.0609375
6 0.440625 0.11171875 0.0203125 0.04375
6 0.4703125 0.1328125 0.02421875 0.046875
6 0.4640625 0.190625 0.02890625 0.059375
6 0.45078125 0.2984375 0.03828125 0.08125
6 0.534375 0.31796875 0.0421875 0.09453125
3 0.51640625 0.18671875 0.02578125 0.05546875
3 0.54453125 0.1484375 0.02421875 0.0453125
3 0.521875 0.25859375 0.03359375 0.071875
3 0.57109375 0.20546875 0.02265625 0.05390625
3 0.57890625 0.16875 0.02734375 0.046875
6 0.625 0.203125 0.02734375 0.06015625
6 0.6375 0.303125 0.04296875 0.08515625
3 0.74375 0.18125 0.02578125 0.053125
9 0.77265625 0.19375 0.025 0.0484375
3 0.79453125 0.18671875 0.02421875 0.05546875
3 0.81953125 0.203125 0.02578125 0.05390625
3 0.8546875 0.27890625 0.028125 0.06875
3 0.88828125 0.17890625 0.02578125 0.053125
7 0.84140625 0.3359375 0.04296875 0.03046875
3 0.91796875 0.3234375 0.03984375 0.08125
6 0.9796875 0.3015625 0.03984375 0.0890625