10 0.06640625 0.24609375 0.08046875 0.11953125
10 0.059375 0.19296875 0.0734375 0.09375
10 0.1078125 0.16796875 0.05625 0.09609375
10 0.1421875 0.14921875 0.05078125 0.08125
10 0.34296875 0.13515625 0.03046875 0.078125
10 0.30703125 0.17265625 0.03515625 0.08828125
10 0.3828125 0.134375 0.0453125 0.07421875
10 0.421875 0.15703125 0.04921875 0.0859375
10 0.39765625 0.215625 0.06640625 0.10703125
10 0.46484375 0.215625 0.07109375 0.13828125
10 0.5171875 0.1859375 0.04609375 0.0984375
10 0.3421875 0.253125 0.05390625 0.13828125
1 0.5640625 0.21015625 0.04765625 0.05546875
10 0.62421875 0.2296875 0.07109375 0.10546875
1 0.5984375 0.28984375 0.06796875 0.09453125
10 0.63984375 0.37421875 0.13359375 0.16328125
10 0.53515625 0.3515625 0.0921875 0.1953125
10 0.44609375 0.3515625 0.08828125 0.18203125
10 0.2578125 0.2453125 0.06796875 0.121875
1 0.2078125 0.30703125 0.075 0.1296875
10 0.27734375 0.35859375 0.1125 0.159375
10 0.3265625 0.29296875 0.0984375 0.17578125
10 0.159375 0.3359375 0.10234375 0.18125
2 0.259375 0.42734375 0.0703125 0.03828125
1 0.44765625 0.28046875 0.071875 0.1
2 0.51640625 0.44296875 0.0375 0.03203125
10 0.7015625 0.175 0.03984375 0.09453125
1 0.7328125 0.19140625 0.05703125 0.08125
10 0.76875 0.21875 0.05546875 0.0859375
10 0.8125 0.21640625 0.04296875 0.09609375
10 0.88671875 0.196875 0.04921875 0.07421875
10 0.8375 0.29140625 0.06484375 0.128125
10 0.896875 0.34296875 0.08515625 0.16171875
10 0.95078125 0.3703125 0.09765625 0.1984375
2 0.97890625 0.46796875 0.04140625 0.03203125
10 0.5671875 0.17734375 0.06171875 0.0765625
3 0.06640625 0.2265625 0.03359375 0.0734375
3 0.05 0.178125 0.0328125 0.06171875
3 0.0953125 0.15078125 0.02578125 0.06328125
3 0.13203125 0.13671875 0.02578125 0.05546875
6 0.15 0.290625 0.0421875 0.08671875
3 0.19453125 0.28828125 0.04296875 0.09140625
3 0.26875 0.32578125 0.04609375 0.08828125
3 0.30078125 0.2515625 0.03984375 0.0859375
9 0.2765625 0.22421875 0.03203125 0.0796875
6 0.3328125 0.215625 0.03046875 0.0640625
6 0.39921875 0.19453125 0.03046875 0.0609375
6 0.45703125 0.175 0.028125 0.05703125
6 0.30546875 0.15859375 0.02578125 0.05390625
3 0.32109375 0.14296875 0.021875 0.0546875
3 0.3375 0.12421875 0.01796875 0.04921875
9 0.38359375 0.121875 0.01953125 0.04453125
3 0.42265625 0.14453125 0.02265625 0.05625
3 0.446875 0.1296875 0.02109375 0.04609375
6 0.51328125 0.16640625 0.02421875 0.053125
3 0.578125 0.1625 0.02578125 0.05078125
3 0.565625 0.2078125 0.02265625 0.05078125
3 0.47109375 0.15078125 0.021875 0.053125
6 0.5328125 0.296875 0.03984375 0.08671875
6 0.4515625 0.30625 0.0375 0.08671875
6 0.615625 0.20546875 0.0265625 0.05546875
3 0.615625 0.28203125 0.03046875 0.075
3 0.646875 0.34296875 0.04765625 0.10078125
0 0.64453125 0.43125 0.0515625 0.040625
3 0.7125 0.15 0.0171875 0.04296875
3 0.746875 0.178125 0.0234375 0.05078125
9 0.78359375 0.20234375 0.02265625 0.05078125
3 0.81171875 0.19609375 0.021875 0.05390625
3 0.89765625 0.18671875 0.02578125 0.05
6 0.84453125 0.25625 0.02578125 0.05390625
6 0.915625 0.26171875 0.03046875 0.06171875
10 0.91171875 0.29375 0.08125 0.128125
3 0.97734375 0.28671875 0.028125 0.06484375
1 0.96640625 0.29453125 0.05234375 0.0796875
3 0.840625 0.39375 0.03828125 0.071875
1 0.86796875 0.4109375 0.1 0.12109375