6 0.16328125 0.6296875 0.0625 0.10390625
5 0.0578125 0.83359375 0.03359375 0.040625
6 0.22578125 0.59296875 0.04140625 0.07421875
6 0.28125 0.61015625 0.0578125 0.11328125
5 0.23125 0.83046875 0.040625 0.05703125
6 0.34765625 0.5796875 0.04375 0.09609375
3 0.51953125 0.6046875 0.04140625 0.08359375
0 0.52578125 0.68828125 0.05 0.04453125
3 0.63515625 0.61875 0.04140625 0.08125
7 0.6359375 0.7 0.06796875 0.05546875
6 0.7453125 0.58359375 0.05859375 0.10390625
6 0.86953125 0.61875 0.053125 0.1
2 0.9390625 0.846875 0.1125 0.06875
5 0.75546875 0.83046875 0.03828125 0.0484375
10 0.15390625 0.7 0.1171875 0.23359375
10 0.22421875 0.60625 0.0546875 0.1109375
10 0.28984375 0.6984375 0.12890625 0.25703125
10 0.3625 0.61640625 0.08359375 0.1703125
10 0.51953125 0.63125 0.10703125 0.13671875
10 0.62578125 0.64296875 0.09765625 0.15703125
10 0.7375 0.68125 0.1625 0.290625
10 0.875 0.703125 0.1234375 0.253125