6 0.21953125 0.578125 0.06015625 0.10390625
5 0.13828125 0.76171875 0.0375 0.04453125
3 0.28203125 0.57109375 0.03984375 0.090625
0 0.27734375 0.63671875 0.0328125 0.03125
3 0.31953125 0.6015625 0.05859375 0.13125
0 0.29296875 0.74375 0.05859375 0.06875
3 0.3984375 0.55390625 0.04609375 0.09296875
0 0.3921875 0.64375 0.04375 0.05
3 0.56875 0.575 0.03828125 0.06875
3 0.60078125 0.61875 0.05703125 0.1296875
0 0.59609375 0.76953125 0.0765625 0.07578125
6 0.73515625 0.56171875 0.05625 0.10546875
9 0.8625 0.625 0.075 0.11875
2 0.91015625 0.80546875 0.140625 0.059375
1 0.28046875 0.5984375 0.05234375 0.14140625
1 0.40859375 0.596875 0.08984375 0.16640625
1 0.56015625 0.6109375 0.08359375 0.13125
1 0.78828125 0.61328125 0.0625 0.13125
10 0.21015625 0.64609375 0.11796875 0.23046875
10 0.315625 0.6609375 0.1453125 0.24296875
10 0.59296875 0.678125 0.1375 0.2359375
10 0.73671875 0.65 0.13515625 0.27421875
10 0.86640625 0.6765625 0.1375 0.22578125