8 0.1125 0.75546875 0.071875 0.121875
5 0.059375 0.83203125 0.0390625 0.040625
3 0.23125 0.60546875 0.0375 0.0890625
0 0.21328125 0.6890625 0.040625 0.03671875
8 0.24453125 0.7375 0.06875 0.11953125
3 0.3484375 0.6015625 0.046875 0.1
0 0.3359375 0.6859375 0.03046875 0.0546875
3 0.52578125 0.62421875 0.04140625 0.08046875
5 0.5265625 0.70078125 0.0375 0.02421875
3 0.62578125 0.61796875 0.03984375 0.08359375
7 0.62265625 0.69375 0.05625 0.0484375
6 0.75390625 0.5984375 0.05859375 0.10859375
5 0.75390625 0.82109375 0.03203125 0.0484375
6 0.875 0.62109375 0.05625 0.1109375
2 0.94140625 0.846875 0.11484375 0.06953125
5 0.22890625 0.84296875 0.03359375 0.03359375
1 0.103125 0.73828125 0.16171875 0.18671875
1 0.25625 0.74296875 0.1453125 0.20859375
10 0.23203125 0.63125 0.08671875 0.15078125
10 0.35390625 0.6359375 0.08984375 0.16328125
10 0.51875 0.64453125 0.1078125 0.12109375
10 0.6234375 0.646875 0.109375 0.1265625
10 0.73203125 0.68828125 0.17734375 0.2703125
10 0.87578125 0.69609375 0.11640625 0.24609375