3 0.06171875 0.60546875 0.0640625 0.11484375
5 0.0140625 0.66640625 0.02734375 0.04453125
3 0.16171875 0.60625 0.0609375 0.1203125
7 0.1453125 0.74921875 0.09609375 0.071875
3 0.29140625 0.5484375 0.04296875 0.09296875
7 0.27890625 0.64375 0.075 0.059375
3 0.38359375 0.578125 0.0671875 0.13671875
3 0.4609375 0.51171875 0.04375 0.09453125
0 0.47265625 0.61484375 0.03984375 0.0515625
5 0.31953125 0.75546875 0.0375 0.0484375
7 0.37265625 0.73828125 0.07109375 0.09453125
3 0.67109375 0.528125 0.05546875 0.13359375
3 0.7359375 0.4796875 0.04375 0.09609375
3 0.8296875 0.44921875 0.04140625 0.0796875
3 0.81015625 0.53203125 0.065625 0.15
7 0.8359375 0.68125 0.10390625 0.1296875
3 0.96640625 0.50625 0.05859375 0.14296875
10 0.0859375 0.66171875 0.11328125 0.215625
10 0.18125 0.6609375 0.15390625 0.21796875
10 0.3015625 0.58359375 0.09921875 0.1453125
10 0.4 0.63046875 0.14609375 0.234375
10 0.478125 0.55703125 0.09453125 0.1703125
10 0.671875 0.603125 0.13671875 0.28046875
10 0.7375 0.51796875 0.07421875 0.16171875
10 0.815625 0.59921875 0.15859375 0.27421875
10 0.84140625 0.5046875 0.08515625 0.18359375
10 0.94375 0.58125 0.11171875 0.27890625