10 0.065625 0.24296875 0.07734375 0.115625
10 0.05625 0.1859375 0.07578125 0.09609375
10 0.09140625 0.16640625 0.05859375 0.1015625
10 0.13515625 0.1484375 0.04921875 0.07109375
10 0.1609375 0.33125 0.10234375 0.1796875
10 0.27734375 0.35546875 0.11640625 0.159375
1 0.2125 0.31875 0.0640625 0.11484375
1 0.321875 0.3109375 0.0953125 0.14609375
1 0.25 0.25390625 0.0671875 0.10703125
10 0.34375 0.24921875 0.05859375 0.14453125
10 0.30625 0.18046875 0.04140625 0.0796875
1 0.39609375 0.221875 0.05703125 0.08671875
10 0.3375 0.14296875 0.0515625 0.10078125
10 0.3796875 0.14296875 0.04296875 0.065625
10 0.41875 0.15703125 0.05234375 0.08125
10 0.47578125 0.16015625 0.04765625 0.09453125
10 0.46953125 0.21875 0.06484375 0.128125
10 0.44765625 0.26953125 0.07421875 0.11640625
10 0.5234375 0.1859375 0.04921875 0.09453125
10 0.62890625 0.22890625 0.05859375 0.10546875
1 0.56953125 0.1734375 0.05234375 0.06875
1 0.56796875 0.2140625 0.04765625 0.06875
10 0.4453125 0.34453125 0.09921875 0.1859375
10 0.53828125 0.35625 0.096875 0.17890625
10 0.64609375 0.37421875 0.13828125 0.1703125
10 0.60625 0.33125 0.0703125 0.13046875
1 0.51875 0.27890625 0.05 0.1046875
2 0.259375 0.4265625 0.06953125 0.03515625
2 0.51328125 0.44296875 0.0375 0.03203125
1 0.7109375 0.17734375 0.03671875 0.053125
1 0.7359375 0.190625 0.06171875 0.0796875
10 0.76953125 0.215625 0.05 0.0890625
10 0.815625 0.21875 0.0515625 0.08125
10 0.88203125 0.19140625 0.05 0.08828125
1 0.8375 0.30390625 0.07890625 0.1109375
10 0.88515625 0.33671875 0.08515625 0.16875
10 0.96015625 0.36796875 0.07890625 0.19921875
1 0.59765625 0.28671875 0.06640625 0.09375
3 0.06328125 0.2265625 0.034375 0.07421875
3 0.04375 0.16875 0.0328125 0.0609375
3 0.07734375 0.14609375 0.02890625 0.06328125
3 0.128125 0.14140625 0.02578125 0.05625
9 0.34453125 0.11875 0.02734375 0.0484375
3 0.378125 0.134375 0.0203125 0.05
3 0.3046875 0.175 0.028125 0.05546875
6 0.34140625 0.21640625 0.034375 0.06796875
3 0.26484375 0.240625 0.03515625 0.07578125
3 0.296875 0.29375 0.03828125 0.0859375
3 0.2671875 0.31953125 0.04375 0.08984375
3 0.2015625 0.30546875 0.03671875 0.075
6 0.16328125 0.29140625 0.04140625 0.09296875
3 0.390625 0.215625 0.03046875 0.06484375
3 0.42265625 0.1453125 0.02265625 0.059375
3 0.478125 0.14140625 0.0234375 0.0546875
6 0.4671875 0.18515625 0.02890625 0.05546875
3 0.440625 0.2484375 0.03359375 0.06875
6 0.45390625 0.29375 0.03828125 0.07578125
3 0.5234375 0.16875 0.02578125 0.059375
3 0.57890625 0.16875 0.02578125 0.05625
3 0.56640625 0.20703125 0.02265625 0.0546875
3 0.528125 0.26796875 0.03046875 0.078125
3 0.55390625 0.14296875 0.02109375 0.04921875
6 0.62578125 0.20625 0.02578125 0.06015625
3 0.625 0.309375 0.034375 0.08125
3 0.653125 0.34375 0.0484375 0.1015625
0 0.65546875 0.43125 0.05546875 0.040625
6 0.54375 0.31640625 0.0421875 0.09296875
3 0.71796875 0.17265625 0.0203125 0.04375
9 0.753125 0.17890625 0.02578125 0.0515625
9 0.77890625 0.19609375 0.02265625 0.0515625
3 0.79609375 0.18671875 0.02265625 0.053125
3 0.8234375 0.20625 0.02421875 0.0546875
3 0.89296875 0.175 0.02421875 0.05546875
3 0.8625 0.28203125 0.02890625 0.071875
6 0.890625 0.2890625 0.03671875 0.07109375
3 0.915625 0.28125 0.0296875 0.078125
3 0.98203125 0.321875 0.034375 0.10625
2 0.89453125 0.4140625 0.03046875 0.0234375
2 0.97890625 0.46796875 0.040625 0.03046875