3 0.11484375 0.41171875 0.02578125 0.0453125
3 0.165625 0.3859375 0.02109375 0.04375
3 0.20625 0.446875 0.02890625 0.05625
3 0.25703125 0.4015625 0.025 0.04609375
3 0.303125 0.34375 0.0171875 0.03828125
9 0.2734375 0.35234375 0.01796875 0.04140625
3 0.24609375 0.36015625 0.0203125 0.04296875
6 0.31875 0.446875 0.0328125 0.06953125
6 0.40390625 0.45546875 0.02890625 0.059375
3 0.36328125 0.44609375 0.025 0.0609375
9 0.3875 0.40859375 0.0265625 0.04921875
6 0.41640625 0.35390625 0.01875 0.03984375
6 0.45546875 0.39140625 0.01953125 0.03984375
3 0.44453125 0.34375 0.01796875 0.028125
3 0.47265625 0.33515625 0.01640625 0.03125
3 0.50625 0.34140625 0.0171875 0.0390625
6 0.49140625 0.38046875 0.02265625 0.04296875
6 0.540625 0.33125 0.01796875 0.0359375
6 0.57421875 0.35 0.01796875 0.040625
6 0.5984375 0.32421875 0.01328125 0.03046875
6 0.5109375 0.44375 0.03046875 0.05625
6 0.521875 0.3984375 0.0234375 0.04453125
6 0.61171875 0.3375 0.01796875 0.0359375
6 0.61796875 0.36640625 0.0171875 0.03125
3 0.5796875 0.41171875 0.02421875 0.0546875
6 0.58515625 0.46953125 0.03359375 0.06171875
9 0.65625 0.3734375 0.0203125 0.04375
6 0.64375 0.44140625 0.0265625 0.04140625
6 0.67109375 0.45546875 0.0328125 0.06875
3 0.72109375 0.346875 0.0140625 0.03046875
3 0.73515625 0.35546875 0.01796875 0.03359375
6 0.75390625 0.36796875 0.01640625 0.0359375
3 0.77578125 0.353125 0.01796875 0.03671875
3 0.80390625 0.37421875 0.02109375 0.04140625
3 0.85234375 0.35 0.0203125 0.04453125
3 0.834375 0.38515625 0.02265625 0.04453125
3 0.82578125 0.43125 0.021875 0.046875
3 0.878125 0.45625 0.02890625 0.05859375
3 0.95625 0.4234375 0.02421875 0.053125
3 0.92578125 0.45625 0.03828125 0.07890625
10 0.91640625 0.4921875 0.08125 0.153125
10 0.86328125 0.478125 0.05546875 0.096875
1 0.81171875 0.44375 0.0609375 0.07421875
10 0.84765625 0.35625 0.0375 0.05546875
10 0.753125 0.38125 0.0359375 0.06796875
10 0.6671875 0.4890625 0.06875 0.121875
10 0.66015625 0.39140625 0.040625 0.0765625
10 0.584375 0.49375 0.0609375 0.10625
10 0.61328125 0.38046875 0.03515625 0.053125
10 0.5734375 0.36640625 0.0375 0.06796875
10 0.5125 0.48125 0.06484375 0.1296875
10 0.490625 0.39296875 0.0359375 0.0703125
10 0.475 0.33828125 0.0296875 0.04453125
10 0.4125 0.48671875 0.08671875 0.11875
10 0.3171875 0.47578125 0.08359375 0.13125
1 0.20859375 0.4609375 0.0703125 0.09375
1 0.1171875 0.41796875 0.053125 0.06953125
10 0.16875 0.39296875 0.0453125 0.059375
1 0.31015625 0.35078125 0.034375 0.05078125
2 0.16328125 0.54296875 0.03984375 0.02109375
10 0.265625 0.41875 0.05078125 0.08515625
2 0.26875 0.45859375 0.02578125 0.0234375
1 0.365625 0.46171875 0.0515625 0.090625
10 0.4578125 0.41640625 0.03359375 0.09296875
3 0.425 0.43125 0.0265625 0.06328125
10 0.421875 0.36640625 0.03203125 0.0640625
10 0.6359375 0.46796875 0.04296875 0.10546875
10 0.7296875 0.36796875 0.03359375 0.05625
10 0.95859375 0.43828125 0.0328125 0.08125
10 0.54453125 0.3515625 0.02890625 0.0734375
10 0.5796875 0.42890625 0.05546875 0.090625
10 0.53125 0.4203125 0.0421875 0.09609375