10 0.065625 0.24453125 0.08515625 0.11953125
10 0.0578125 0.190625 0.07421875 0.09453125
10 0.11015625 0.1609375 0.05390625 0.10546875
10 0.140625 0.14609375 0.0484375 0.08046875
10 0.34296875 0.1359375 0.03203125 0.08125
10 0.3296875 0.14453125 0.04375 0.0796875
10 0.30546875 0.17578125 0.0359375 0.09375
10 0.38203125 0.1328125 0.04609375 0.0765625
10 0.44453125 0.13125 0.02890625 0.08203125
10 0.42109375 0.15625 0.05078125 0.0859375
10 0.396875 0.21953125 0.06953125 0.0984375
10 0.46640625 0.21796875 0.06484375 0.13046875
10 0.51875 0.18515625 0.04609375 0.09453125
10 0.340625 0.2515625 0.05390625 0.13828125
10 0.5609375 0.20078125 0.046875 0.09375
10 0.62890625 0.22421875 0.07734375 0.109375
1 0.596875 0.2890625 0.06796875 0.09453125
10 0.63828125 0.3703125 0.13359375 0.16328125
10 0.53359375 0.34296875 0.0921875 0.1953125
10 0.44453125 0.34609375 0.08984375 0.18828125
1 0.2515625 0.25625 0.07109375 0.103125
1 0.2078125 0.31875 0.06953125 0.1109375
10 0.2765625 0.35546875 0.11796875 0.1640625
10 0.32265625 0.30078125 0.08203125 0.16953125
10 0.146875 0.34140625 0.1234375 0.17890625
2 0.259375 0.42734375 0.0703125 0.03828125
1 0.44765625 0.28046875 0.071875 0.1
2 0.51640625 0.44296875 0.0375 0.03203125
10 0.70078125 0.1765625 0.04296875 0.09921875
10 0.73203125 0.17421875 0.05078125 0.09375
10 0.76953125 0.21796875 0.05703125 0.0859375
10 0.815625 0.21640625 0.04921875 0.09453125
10 0.88671875 0.19453125 0.0515625 0.078125
10 0.83046875 0.30546875 0.07890625 0.12109375
10 0.896875 0.34140625 0.08359375 0.15546875
10 0.95859375 0.2859375 0.0453125 0.10625
10 0.946875 0.375 0.10625 0.18125
2 0.97890625 0.46796875 0.04140625 0.03203125
3 0.06875 0.22421875 0.03359375 0.07109375
3 0.05078125 0.178125 0.03046875 0.0609375
9 0.09765625 0.13828125 0.02734375 0.05625
3 0.06875 0.140625 0.02421875 0.0515625
3 0.13203125 0.13203125 0.025 0.0546875
6 0.15546875 0.29921875 0.04453125 0.09453125
3 0.26953125 0.31875 0.04609375 0.090625
3 0.303125 0.26328125 0.0390625 0.09375
3 0.265625 0.24296875 0.0328125 0.071875
6 0.33125 0.2140625 0.0296875 0.06171875
6 0.3046875 0.159375 0.025 0.05546875
3 0.275 0.19375 0.02578125 0.06484375
3 0.31875 0.13203125 0.02265625 0.0546875
3 0.3359375 0.12109375 0.01875 0.0484375
9 0.38203125 0.11953125 0.02109375 0.0484375
6 0.44140625 0.11640625 0.02109375 0.0484375
3 0.42265625 0.14375 0.02265625 0.05703125
3 0.4 0.2078125 0.0296875 0.06796875
6 0.46484375 0.18125 0.02578125 0.05625
6 0.515625 0.165625 0.0234375 0.05546875
3 0.5625 0.18046875 0.0234375 0.0515625
6 0.4453125 0.29453125 0.03671875 0.08046875
6 0.53125 0.29296875 0.03984375 0.08984375
3 0.615625 0.28125 0.03203125 0.075
6 0.628125 0.20078125 0.02578125 0.06328125
3 0.6453125 0.33984375 0.04609375 0.1
3 0.7109375 0.1484375 0.01953125 0.04375
6 0.7359375 0.15390625 0.02265625 0.0484375
9 0.78515625 0.2046875 0.025 0.0515625
3 0.815625 0.1953125 0.02265625 0.05390625
3 0.7984375 0.171875 0.02421875 0.05
3 0.896875 0.1828125 0.02734375 0.05078125
3 0.85078125 0.27890625 0.03046875 0.06796875
6 0.9125 0.303125 0.0359375 0.078125
6 0.953125 0.2609375 0.02890625 0.05546875
3 0.98671875 0.33046875 0.0265625 0.1015625
0 0.64453125 0.43125 0.05546875 0.04140625
10 0.56640625 0.1765625 0.06015625 0.07421875
3 0.578125 0.1640625 0.02265625 0.04921875