6 0.2203125 0.58125 0.05859375 0.1
5 0.1390625 0.76875 0.0375 0.03359375
3 0.28046875 0.5734375 0.0390625 0.08125
0 0.27890625 0.63828125 0.03515625 0.03125
3 0.32265625 0.60703125 0.06328125 0.13671875
0 0.29453125 0.7453125 0.06171875 0.06484375
3 0.3984375 0.559375 0.04375 0.09453125
0 0.38828125 0.646875 0.04296875 0.05
3 0.56796875 0.57578125 0.0359375 0.06328125
3 0.60078125 0.62109375 0.05 0.12421875
0 0.59765625 0.77421875 0.06796875 0.06875
6 0.73828125 0.5703125 0.06015625 0.10703125
9 0.865625 0.61875 0.0703125 0.12578125
2 0.90859375 0.8046875 0.1421875 0.06875
10 0.27890625 0.5984375 0.05 0.13359375
10 0.40859375 0.596875 0.08671875 0.16015625
10 0.56015625 0.60859375 0.08359375 0.12890625
10 0.7875 0.61484375 0.06328125 0.1390625
10 0.2125 0.65 0.12421875 0.23515625
10 0.315625 0.66015625 0.1453125 0.24609375
10 0.5953125 0.67890625 0.14140625 0.23671875
10 0.73515625 0.6515625 0.13984375 0.27421875
10 0.8609375 0.68046875 0.13515625 0.23203125