3 0.15078125 0.6546875 0.04296875 0.07578125
0 0.12890625 0.71875 0.04765625 0.0296875
3 0.21875 0.62578125 0.04375 0.0890625
0 0.2171875 0.71953125 0.05 0.0390625
6 0.30078125 0.61640625 0.04609375 0.078125
0 0.3046875 0.73046875 0.03359375 0.040625
3 0.40078125 0.61953125 0.040625 0.08671875
7 0.37578125 0.73046875 0.07578125 0.03515625
6 0.56953125 0.63046875 0.03984375 0.071875
5 0.575 0.72421875 0.0296875 0.03125
9 0.66953125 0.6390625 0.06171875 0.11875
0 0.61953125 0.7296875 0.04609375 0.0515625
3 0.7609375 0.63046875 0.04453125 0.08125
9 0.85078125 0.69296875 0.065625 0.1265625
5 0.8546875 0.85546875 0.06015625 0.03671875
10 0.86015625 0.740625 0.13984375 0.225
10 0.76015625 0.65625 0.08984375 0.1359375
10 0.671875 0.70703125 0.12734375 0.26484375
10 0.56953125 0.70859375 0.084375 0.2359375
10 0.4 0.6625 0.09140625 0.15859375
10 0.31328125 0.65625 0.08671875 0.15625
10 0.23203125 0.66796875 0.0875 0.1515625
1 0.14921875 0.678125 0.09140625 0.12578125