10 0.06953125 0.24765625 0.0875 0.13046875
10 0.13515625 0.14296875 0.05546875 0.08046875
10 0.09140625 0.165625 0.05546875 0.1109375
10 0.38125 0.13828125 0.0421875 0.07421875
10 0.33046875 0.153125 0.0421875 0.08203125
10 0.30703125 0.17421875 0.03984375 0.09453125
10 0.34140625 0.2515625 0.05859375 0.13828125
1 0.396875 0.2265625 0.06328125 0.08671875
10 0.41875 0.15625 0.05703125 0.08203125
10 0.47578125 0.21875 0.04296875 0.11484375
10 0.45078125 0.265625 0.08671875 0.1359375
10 0.521875 0.25546875 0.0578125 0.140625
10 0.56953125 0.20546875 0.04765625 0.08359375
10 0.64921875 0.2296875 0.0515625 0.1109375
10 0.6 0.28125 0.05703125 0.09921875
10 0.64453125 0.35546875 0.11015625 0.19453125
10 0.54609375 0.35625 0.09609375 0.16953125
10 0.44453125 0.34765625 0.09296875 0.18046875
1 0.26484375 0.365625 0.1234375 0.1359375
1 0.3140625 0.30703125 0.0875 0.1359375
10 0.14140625 0.3390625 0.13203125 0.184375
10 0.21484375 0.30390625 0.0671875 0.13671875
10 0.265625 0.24296875 0.0671875 0.13515625
1 0.70703125 0.17890625 0.03828125 0.05625
1 0.73359375 0.19296875 0.05703125 0.08203125
10 0.79140625 0.18046875 0.04140625 0.0796875
10 0.76328125 0.21796875 0.053125 0.09140625
10 0.81640625 0.21875 0.053125 0.0890625
10 0.88515625 0.1890625 0.04296875 0.08515625
10 0.83125 0.296875 0.08203125 0.13125
1 0.91015625 0.35546875 0.08203125 0.12890625
10 0.9625 0.3796875 0.075 0.19375
10 0.0328125 0.15546875 0.05546875 0.0796875
10 0.55078125 0.15625 0.03984375 0.09921875
2 0.3984375 0.43203125 0.06015625 0.03125
2 0.51328125 0.44296875 0.0375 0.03203125
10 0.51875 0.18125 0.04609375 0.09921875
10 0.86953125 0.24453125 0.0375 0.09375
3 0.06328125 0.221875 0.03203125 0.06875
9 0.03515625 0.14375 0.02890625 0.059375
9 0.08203125 0.13984375 0.03203125 0.06328125
3 0.12890625 0.13046875 0.025 0.05390625
3 0.33046875 0.14375 0.0234375 0.05703125
3 0.378125 0.1265625 0.0203125 0.05078125
3 0.41953125 0.14609375 0.02265625 0.05625
6 0.30234375 0.15625 0.0265625 0.0546875
6 0.27109375 0.20625 0.03359375 0.065625
6 0.33828125 0.2109375 0.03046875 0.05625
6 0.159375 0.29296875 0.04453125 0.09921875
3 0.246875 0.34765625 0.05078125 0.09375
3 0.3171875 0.3015625 0.03984375 0.08671875
3 0.215625 0.28125 0.0390625 0.08828125
3 0.38984375 0.21796875 0.03203125 0.065625
6 0.4625 0.11875 0.02265625 0.0515625
6 0.475 0.1359375 0.02265625 0.04453125
6 0.46953125 0.1921875 0.02734375 0.05625
6 0.44765625 0.23125 0.03203125 0.07109375
6 0.45390625 0.2984375 0.04140625 0.08125
6 0.5171875 0.16484375 0.02421875 0.05390625
6 0.55703125 0.13203125 0.02109375 0.05
6 0.540625 0.13125 0.0171875 0.0453125
6 0.52421875 0.2296875 0.03203125 0.07421875
6 0.56953125 0.184375 0.02265625 0.04453125
6 0.64765625 0.20546875 0.028125 0.06328125
3 0.6109375 0.26875 0.034375 0.071875
6 0.646875 0.31015625 0.04609375 0.09453125
9 0.559375 0.32890625 0.04453125 0.10546875
3 0.71640625 0.16796875 0.02109375 0.04140625
3 0.746875 0.17890625 0.02578125 0.053125
3 0.78515625 0.16875 0.02421875 0.05546875
6 0.76953125 0.196875 0.021875 0.04375
6 0.825 0.19765625 0.02265625 0.04375
3 0.8921875 0.16875 0.02578125 0.0515625
3 0.86171875 0.22890625 0.0234375 0.05390625
3 0.8453125 0.26796875 0.03125 0.06875
6 0.909375 0.26796875 0.0390625 0.0640625
10 0.903125 0.29375 0.05234375 0.10703125
3 0.93125 0.33046875 0.040625 0.08125
10 0.31328125 0.30625 0.0875 0.1359375