10 0.0671875 0.23671875 0.08671875 0.13125
10 0.09453125 0.1609375 0.05078125 0.11640625
10 0.13359375 0.14296875 0.0609375 0.084375
10 0.3796875 0.13984375 0.04375 0.06484375
10 0.30625 0.171875 0.0390625 0.08984375
10 0.34140625 0.246875 0.05078125 0.14453125
10 0.290625 0.34609375 0.1203125 0.18828125
10 0.16328125 0.33359375 0.09609375 0.17578125
10 0.4203125 0.15546875 0.05390625 0.08359375
1 0.3953125 0.22890625 0.06015625 0.08203125
10 0.45390625 0.26640625 0.06640625 0.12578125
10 0.44140625 0.346875 0.10546875 0.18984375
2 0.51484375 0.44296875 0.03984375 0.03828125
10 0.56875 0.2046875 0.0453125 0.08125
10 0.525 0.26796875 0.06796875 0.125
10 0.534375 0.3515625 0.08828125 0.19609375
10 0.63125 0.22890625 0.0578125 0.109375
10 0.63515625 0.3734375 0.09765625 0.15625
1 0.7109375 0.178125 0.0375 0.05390625
1 0.73046875 0.19453125 0.0578125 0.075
1 0.79375 0.1875 0.0453125 0.075
10 0.76328125 0.21328125 0.04921875 0.09375
10 0.81640625 0.21875 0.05546875 0.09296875
10 0.88515625 0.190625 0.04296875 0.08984375
10 0.8390625 0.29453125 0.06953125 0.1265625
10 0.90390625 0.33828125 0.08359375 0.16328125
10 0.9609375 0.36953125 0.078125 0.2140625
10 0.5484375 0.1609375 0.040625 0.0953125
10 0.028125 0.15546875 0.04765625 0.08515625
10 0.3296875 0.14453125 0.04296875 0.08359375
10 0.4765625 0.22109375 0.05078125 0.125
1 0.2125 0.31875 0.0703125 0.11953125
10 0.515625 0.18359375 0.0484375 0.10390625
6 0.059375 0.20546875 0.0328125 0.06640625
6 0.03515625 0.140625 0.02890625 0.0546875
9 0.08515625 0.13671875 0.02890625 0.059375
3 0.128125 0.13203125 0.0234375 0.05546875
3 0.29453125 0.26796875 0.04375 0.0890625
7 0.28046875 0.37890625 0.0609375 0.096875
6 0.3296875 0.13046875 0.02421875 0.05
6 0.3 0.15625 0.0234375 0.0546875
6 0.3359375 0.20625 0.02890625 0.06328125
6 0.31171875 0.2984375 0.0453125 0.09375
6 0.15625 0.29296875 0.0453125 0.08828125
3 0.20078125 0.30546875 0.0375 0.08125
3 0.38515625 0.22421875 0.03046875 0.065625
3 0.4234375 0.14609375 0.021875 0.05859375
3 0.378125 0.13359375 0.01953125 0.05
3 0.46328125 0.1296875 0.021875 0.0515625
6 0.48359375 0.13984375 0.02265625 0.05
10 0.48828125 0.16015625 0.03359375 0.09453125
6 0.46640625 0.1953125 0.02734375 0.06640625
6 0.44453125 0.24375 0.03203125 0.08125
6 0.51171875 0.16328125 0.02578125 0.05625
6 0.43125 0.3015625 0.04296875 0.090625
6 0.5328125 0.3 0.04296875 0.09453125
3 0.52890625 0.24375 0.03359375 0.0703125
6 0.5546875 0.13828125 0.02578125 0.04921875
6 0.5703125 0.1875 0.02265625 0.0453125
6 0.63359375 0.20625 0.02890625 0.0640625
3 0.609375 0.278125 0.0328125 0.0703125
3 0.6375 0.34296875 0.04296875 0.09375
1 0.59140625 0.29375 0.06796875 0.10546875
3 0.71640625 0.171875 0.01875 0.04453125
3 0.74453125 0.18671875 0.02421875 0.0546875
3 0.76875 0.19453125 0.0234375 0.0515625
3 0.79765625 0.18125 0.02578125 0.05625
3 0.8921875 0.16953125 0.02578125 0.0546875
6 0.85078125 0.265625 0.02734375 0.0609375
6 0.91015625 0.29296875 0.03828125 0.075
6 0.98046875 0.3109375 0.0390625 0.09375
6 0.8234375 0.1984375 0.02421875 0.05078125