3 0.15078125 0.653125 0.04140625 0.0796875
0 0.12578125 0.71875 0.04609375 0.04453125
3 0.22109375 0.628125 0.0453125 0.09296875
0 0.221875 0.71875 0.0390625 0.04453125
9 0.3140625 0.61640625 0.03984375 0.07421875
0 0.30546875 0.72265625 0.0421875 0.04375
3 0.3921875 0.6234375 0.040625 0.084375
7 0.37265625 0.7296875 0.075 0.05546875
6 0.57265625 0.6234375 0.04140625 0.07890625
5 0.57421875 0.72109375 0.0359375 0.03671875
3 0.76328125 0.60703125 0.04375 0.08671875
0 0.771875 0.70546875 0.0421875 0.0484375
6 0.85078125 0.66875 0.0625 0.12578125
5 0.8609375 0.85625 0.053125 0.04453125
9 0.6484375 0.62890625 0.05546875 0.11328125
1 0.15390625 0.68125 0.096875 0.11953125
10 0.228125 0.65859375 0.10078125 0.153125
10 0.31015625 0.65859375 0.08125 0.1515625
10 0.39453125 0.6609375 0.09765625 0.1515625
10 0.56953125 0.70625 0.08203125 0.23828125
10 0.6796875 0.70390625 0.11171875 0.25703125
10 0.76328125 0.65 0.09375 0.15703125
10 0.86015625 0.73046875 0.14296875 0.23515625