8 0.0890625 0.775 0.084375 0.11640625
5 0.04765625 0.89921875 0.06015625 0.03515625
6 0.26015625 0.70078125 0.05546875 0.11328125
6 0.24140625 0.63359375 0.0375 0.06640625
2 0.18984375 0.89375 0.121875 0.0703125
6 0.3484375 0.6265625 0.04140625 0.07578125
5 0.328125 0.75703125 0.025 0.03671875
2 0.35859375 0.75703125 0.0328125 0.03671875
6 0.4765625 0.6203125 0.040625 0.07421875
6 0.59765625 0.61875 0.04140625 0.0890625
9 0.61640625 0.74453125 0.02734375 0.03359375
3 0.528125 0.72578125 0.0609375 0.12578125
0 0.53515625 0.85546875 0.04765625 0.05546875
6 0.7046875 0.6453125 0.059375 0.11328125
5 0.6984375 0.8640625 0.03046875 0.03515625
3 0.840625 0.71875 0.0640625 0.11484375
2 0.8859375 0.8640625 0.09609375 0.06484375
10 0.85703125 0.765625 0.12421875 0.18203125
10 0.7109375 0.728125 0.12265625 0.2546875
10 0.5984375 0.66171875 0.08359375 0.1609375
10 0.5296875 0.7765625 0.13671875 0.21171875
10 0.4875 0.66953125 0.07578125 0.15625
10 0.3484375 0.67421875 0.08125 0.15859375
10 0.25625 0.76328125 0.1265625 0.23125
10 0.23671875 0.68046875 0.05703125 0.1515625
1 0.11328125 0.78515625 0.153125 0.2109375