3 0.17109375 0.62578125 0.0671875 0.12578125
5 0.14140625 0.7984375 0.04140625 0.04453125
3 0.3171875 0.59375 0.04140625 0.05546875
3 0.31875 0.65703125 0.0546875 0.11484375
2 0.27578125 0.7796875 0.09453125 0.04453125
3 0.396875 0.61875 0.03671875 0.0890625
7 0.40078125 0.7046875 0.06640625 0.04609375
6 0.5546875 0.55390625 0.040625 0.07421875
9 0.60390625 0.63046875 0.05625 0.11640625
5 0.59765625 0.81875 0.03125 0.04453125
3 0.66015625 0.59375 0.04375 0.0984375
0 0.66953125 0.690625 0.046875 0.04453125
3 0.7828125 0.61953125 0.05546875 0.13515625
0 0.80078125 0.78203125 0.05625 0.05546875
3 0.92578125 0.65 0.06640625 0.11875
2 0.9609375 0.81875 0.071875 0.06640625
10 0.17734375 0.6890625 0.1328125 0.22890625
10 0.3265625 0.70390625 0.1265625 0.19296875
10 0.328125 0.61796875 0.08515625 0.11015625
10 0.40859375 0.65 0.10859375 0.14453125
10 0.55078125 0.61875 0.096875 0.2
10 0.59609375 0.70625 0.125 0.225
10 0.665625 0.62890625 0.09296875 0.1515625
10 0.78203125 0.68359375 0.13046875 0.240625
10 0.93515625 0.70390625 0.12890625 0.21953125