10 0.0640625 0.2453125 0.07890625 0.1203125
10 0.09453125 0.16640625 0.05546875 0.103125
1 0.1375 0.15078125 0.05078125 0.06953125
10 0.14609375 0.3390625 0.12734375 0.17578125
10 0.2765625 0.35703125 0.11328125 0.15546875
10 0.2515625 0.24765625 0.06953125 0.11796875
10 0.321875 0.2984375 0.0828125 0.16875
10 0.3046875 0.1734375 0.040625 0.09140625
10 0.38203125 0.13828125 0.04453125 0.06875
1 0.3953125 0.22421875 0.06796875 0.08984375
10 0.41875 0.1609375 0.05703125 0.0859375
10 0.44375 0.13359375 0.03046875 0.07578125
10 0.465625 0.21875 0.0671875 0.13125
1 0.44765625 0.28125 0.07265625 0.103125
10 0.446875 0.34921875 0.08984375 0.18125
10 0.53515625 0.346875 0.09140625 0.18828125
1 0.5171875 0.20234375 0.04765625 0.075
10 0.565625 0.178125 0.0609375 0.0734375
10 0.5625 0.20703125 0.04609375 0.078125
10 0.6296875 0.2296875 0.08359375 0.10703125
1 0.6 0.29140625 0.0703125 0.09140625
10 0.63984375 0.371875 0.13359375 0.16875
0 0.64453125 0.43125 0.05546875 0.03984375
1 0.74296875 0.18828125 0.04921875 0.08125
10 0.765625 0.2171875 0.05234375 0.08984375
10 0.8125 0.21875 0.05390625 0.09453125
10 0.8875 0.19375 0.05078125 0.0796875
10 0.8265625 0.30234375 0.08203125 0.1265625
10 0.8953125 0.3390625 0.08125 0.15546875
10 0.95078125 0.2890625 0.04453125 0.1140625
2 0.26015625 0.4265625 0.06953125 0.03515625
2 0.515625 0.44296875 0.03828125 0.03203125
2 0.978125 0.46875 0.04375 0.03125
10 0.340625 0.25234375 0.05546875 0.13828125
10 0.94609375 0.36640625 0.1078125 0.2046875
10 0.7015625 0.1765625 0.04296875 0.09921875
10 0.32421875 0.14296875 0.04296875 0.08671875
10 0.340625 0.13671875 0.03515625 0.08046875
10 0.05859375 0.1921875 0.07578125 0.09921875
1 0.2140625 0.3203125 0.059375 0.11640625
10 0.54609375 0.15546875 0.0390625 0.071875
3 0.065625 0.228125 0.0328125 0.071875
3 0.05234375 0.17578125 0.0296875 0.05859375
3 0.08203125 0.146875 0.028125 0.06171875
3 0.128125 0.14453125 0.02578125 0.0546875
3 0.16640625 0.296875 0.04453125 0.0953125
3 0.26015625 0.23125 0.034375 0.0765625
3 0.26875 0.32421875 0.04453125 0.08984375
3 0.31015625 0.2609375 0.03828125 0.09453125
6 0.33046875 0.21328125 0.0296875 0.059375
6 0.30390625 0.15546875 0.025 0.05390625
3 0.3140625 0.128125 0.02265625 0.05390625
3 0.33671875 0.12109375 0.0203125 0.0515625
9 0.3875 0.13046875 0.0234375 0.046875
3 0.390625 0.21484375 0.0296875 0.0609375
3 0.4234375 0.1453125 0.02265625 0.05390625
3 0.43828125 0.12109375 0.02265625 0.04921875
6 0.46640625 0.18671875 0.028125 0.06484375
6 0.45546875 0.30390625 0.0375 0.08671875
6 0.5328125 0.2984375 0.03984375 0.08671875
3 0.51796875 0.19296875 0.0234375 0.0546875
3 0.55390625 0.14453125 0.02109375 0.04609375
3 0.57578125 0.16640625 0.025 0.0484375
3 0.5609375 0.19609375 0.02421875 0.053125
6 0.61640625 0.20703125 0.025 0.06484375
3 0.61640625 0.28203125 0.03359375 0.07421875
3 0.646875 0.340625 0.04765625 0.10078125
3 0.7109375 0.14921875 0.01796875 0.04296875
9 0.7546875 0.17578125 0.02421875 0.0546875
3 0.771875 0.19765625 0.02265625 0.05078125
9 0.8 0.19765625 0.0234375 0.05078125
3 0.89765625 0.18046875 0.02734375 0.053125
3 0.8484375 0.27421875 0.02890625 0.06875
6 0.9109375 0.29921875 0.03984375 0.07890625
6 0.95390625 0.26171875 0.03046875 0.05703125
3 0.98359375 0.315625 0.0328125 0.10078125
7 0.825 0.34375 0.02734375 0.034375