8 0.11640625 0.759375 0.07109375 0.11875
5 0.0578125 0.83046875 0.03359375 0.03671875
3 0.23359375 0.6046875 0.0421875 0.08359375
0 0.21328125 0.68515625 0.04375 0.04453125
8 0.24453125 0.74296875 0.0625 0.121875
3 0.35078125 0.59609375 0.04140625 0.09375
0 0.33828125 0.68125 0.04140625 0.059375
3 0.5234375 0.62421875 0.03984375 0.08125
5 0.52890625 0.70546875 0.03359375 0.02578125
3 0.62890625 0.61796875 0.04609375 0.08359375
7 0.62265625 0.69921875 0.0625 0.05546875
6 0.7515625 0.6015625 0.06015625 0.11484375
5 0.7515625 0.828125 0.0375 0.040625
6 0.87265625 0.61953125 0.05546875 0.0984375
2 0.9390625 0.846875 0.1125 0.06875
10 0.2328125 0.63046875 0.090625 0.13359375
10 0.35078125 0.63046875 0.09140625 0.1703125
10 0.515625 0.64296875 0.096875 0.13125
10 0.62265625 0.64375 0.1125 0.13828125
10 0.73203125 0.68984375 0.178125 0.278125
10 0.875 0.6984375 0.12421875 0.24609375
1 0.1078125 0.7359375 0.16328125 0.18125
1 0.25546875 0.74375 0.1390625 0.20546875