10 0.06875 0.24609375 0.0890625 0.1265625
10 0.05546875 0.184375 0.07734375 0.09921875
10 0.09140625 0.16640625 0.06015625 0.10546875
10 0.13515625 0.14453125 0.05 0.0734375
10 0.1640625 0.33671875 0.09921875 0.18125
10 0.278125 0.35546875 0.11640625 0.159375
1 0.2109375 0.31796875 0.06484375 0.1234375
1 0.321875 0.30703125 0.1015625 0.14140625
1 0.25 0.25703125 0.0671875 0.09453125
10 0.34453125 0.25 0.06015625 0.13359375
10 0.30703125 0.18046875 0.04296875 0.08515625
1 0.4 0.22109375 0.0609375 0.0890625
10 0.33828125 0.14296875 0.05234375 0.096875
10 0.38125 0.14140625 0.0421875 0.06875
10 0.42109375 0.15703125 0.0515625 0.08671875
10 0.475 0.1578125 0.0390625 0.09921875
10 0.46875 0.21875 0.0625 0.1296875
10 0.446875 0.26875 0.07421875 0.11953125
10 0.5234375 0.1859375 0.05078125 0.10859375
10 0.628125 0.22890625 0.0578125 0.10546875
1 0.571875 0.1765625 0.05390625 0.06953125
1 0.56796875 0.2125 0.0453125 0.06796875
10 0.44453125 0.35546875 0.10078125 0.1765625
10 0.53828125 0.35625 0.096875 0.17890625
10 0.646875 0.36953125 0.13671875 0.17421875
10 0.60703125 0.33046875 0.071875 0.1296875
1 0.515625 0.28125 0.05390625 0.1015625
2 0.259375 0.4265625 0.06953125 0.03515625
2 0.51328125 0.44296875 0.0375 0.03203125
1 0.7109375 0.1765625 0.0375 0.0515625
1 0.734375 0.19375 0.0546875 0.078125
10 0.7671875 0.215625 0.05078125 0.09296875
10 0.81640625 0.21875 0.05 0.08046875
10 0.88828125 0.20078125 0.053125 0.075
10 0.83984375 0.30390625 0.0734375 0.11484375
10 0.89453125 0.3546875 0.096875 0.13671875
10 0.9625 0.3671875 0.075 0.20625
3 0.05859375 0.221875 0.0390625 0.07578125
3 0.046875 0.16796875 0.0328125 0.0640625
3 0.0765625 0.1484375 0.03046875 0.06796875
3 0.1265625 0.1390625 0.02421875 0.06015625
9 0.3453125 0.11953125 0.02734375 0.05
3 0.3015625 0.1703125 0.028125 0.059375
3 0.26640625 0.25390625 0.03671875 0.078125
3 0.275 0.203125 0.0296875 0.065625
10 0.2828125 0.2109375 0.04609375 0.08359375
3 0.38984375 0.2125 0.03203125 0.06953125
3 0.378125 0.13203125 0.02109375 0.04921875
3 0.42265625 0.1453125 0.02578125 0.059375
9 0.46640625 0.1328125 0.02578125 0.05078125
6 0.46640625 0.18984375 0.03046875 0.0703125
6 0.5203125 0.16015625 0.02578125 0.05546875
3 0.5796875 0.1796875 0.028125 0.05703125
3 0.54453125 0.153125 0.02265625 0.0515625
3 0.52578125 0.26875 0.03515625 0.08046875
3 0.45234375 0.31796875 0.0390625 0.09453125
3 0.26875 0.325 0.04609375 0.09453125
3 0.29453125 0.2984375 0.04140625 0.09296875
6 0.16015625 0.29453125 0.04453125 0.1015625
6 0.340625 0.21484375 0.03359375 0.0703125
6 0.440625 0.24609375 0.0328125 0.0734375
6 0.625 0.20546875 0.02578125 0.06328125
6 0.54453125 0.31640625 0.040625 0.0953125
3 0.56640625 0.20703125 0.02421875 0.05546875
3 0.6234375 0.30859375 0.034375 0.08125
1 0.596875 0.290625 0.06796875 0.096875
3 0.6484375 0.33671875 0.04765625 0.10546875
0 0.65390625 0.42890625 0.05546875 0.0453125
3 0.7171875 0.171875 0.02109375 0.04375
3 0.746875 0.1828125 0.02578125 0.053125
3 0.79375 0.19140625 0.0265625 0.0546875
3 0.76953125 0.1953125 0.025 0.05390625
6 0.821875 0.20546875 0.0265625 0.05546875
3 0.9 0.1890625 0.0265625 0.053125
3 0.8609375 0.28359375 0.03203125 0.07578125
3 0.9015625 0.26953125 0.03828125 0.075
7 0.8453125 0.33984375 0.04921875 0.03515625
3 0.91875 0.32890625 0.04140625 0.084375
6 0.9859375 0.309375 0.02734375 0.09453125
2 0.97890625 0.46796875 0.03828125 0.03046875