3 0.06015625 0.60546875 0.0625 0.1109375
5 0.01484375 0.66875 0.02890625 0.03671875
6 0.17265625 0.59375 0.05859375 0.11875
7 0.14140625 0.75546875 0.08203125 0.06640625
3 0.29453125 0.55 0.04453125 0.08125
7 0.2734375 0.64375 0.06875 0.05546875
3 0.375 0.58671875 0.0625 0.13125
5 0.3140625 0.75546875 0.0375 0.04453125
7 0.3765625 0.740625 0.084375 0.08125
3 0.471875 0.51875 0.040625 0.090625
0 0.4734375 0.61875 0.040625 0.0484375
3 0.66640625 0.52421875 0.06015625 0.13125
3 0.7359375 0.48046875 0.046875 0.090625
3 0.80078125 0.528125 0.06328125 0.14453125
3 0.8296875 0.4484375 0.04140625 0.08125
7 0.83515625 0.684375 0.08984375 0.13125
3 0.9640625 0.50546875 0.0625 0.14453125
10 0.078125 0.65703125 0.11484375 0.209375
10 0.17265625 0.665625 0.14765625 0.2390625
10 0.29921875 0.58125 0.0984375 0.14453125
10 0.39765625 0.65390625 0.14921875 0.23515625
10 0.48359375 0.55859375 0.09609375 0.16171875
10 0.66796875 0.60078125 0.13203125 0.2765625
10 0.7375 0.48984375 0.07421875 0.121875
10 0.8109375 0.596875 0.15859375 0.265625
10 0.8453125 0.48046875 0.07734375 0.13125
10 0.94609375 0.578125 0.1078125 0.2703125