10 0.0640625 0.24375 0.08125 0.1203125
10 0.06171875 0.1859375 0.0703125 0.10625
10 0.1390625 0.14921875 0.04921875 0.06953125
10 0.14296875 0.34453125 0.12890625 0.165625
10 0.278125 0.35703125 0.1140625 0.15546875
1 0.25078125 0.25546875 0.07265625 0.10078125
10 0.325 0.30546875 0.096875 0.15546875
10 0.37578125 0.1375 0.04609375 0.06953125
1 0.40078125 0.2234375 0.06015625 0.08359375
10 0.42109375 0.15859375 0.0546875 0.084375
10 0.44296875 0.13046875 0.028125 0.078125
10 0.47890625 0.159375 0.03671875 0.09921875
10 0.46875 0.22109375 0.0625 0.1203125
1 0.44765625 0.27890625 0.07265625 0.1046875
10 0.446875 0.34921875 0.08984375 0.18046875
10 0.53515625 0.34765625 0.09140625 0.18828125
10 0.51953125 0.1859375 0.04765625 0.1
1 0.56640625 0.18046875 0.05625 0.06953125
10 0.5640625 0.20859375 0.04453125 0.07109375
10 0.64765625 0.23203125 0.05390625 0.1
1 0.596875 0.28671875 0.06640625 0.09453125
10 0.63984375 0.37265625 0.13203125 0.16953125
0 0.64375 0.43046875 0.05234375 0.0390625
1 0.73125 0.19296875 0.0546875 0.084375
1 0.796875 0.190625 0.03828125 0.06640625
10 0.76640625 0.21640625 0.05234375 0.09296875
10 0.81484375 0.2203125 0.05 0.08359375
10 0.8859375 0.203125 0.04921875 0.07109375
10 0.8359375 0.296875 0.06953125 0.11875
10 0.896875 0.340625 0.0859375 0.159375
10 0.9640625 0.29375 0.065625 0.09921875
2 0.26015625 0.4265625 0.06953125 0.03515625
2 0.515625 0.44296875 0.03828125 0.03203125
2 0.978125 0.46875 0.04375 0.03125
10 0.35078125 0.24140625 0.08125 0.1546875
10 0.70390625 0.175 0.04140625 0.10390625
3 0.06171875 0.21953125 0.0359375 0.07109375
3 0.05078125 0.165625 0.03125 0.059375
3 0.13203125 0.140625 0.02734375 0.0546875
6 0.15703125 0.31171875 0.04609375 0.09453125
3 0.26640625 0.328125 0.046875 0.090625
3 0.3046875 0.27421875 0.04296875 0.09296875
3 0.26640625 0.24296875 0.03515625 0.075
6 0.32890625 0.19609375 0.03125 0.06484375
3 0.325 0.13828125 0.0203125 0.0546875
10 0.3328125 0.14921875 0.03984375 0.08046875
9 0.3640625 0.128125 0.01953125 0.053125
3 0.396875 0.21640625 0.0296875 0.06640625
3 0.42421875 0.146875 0.0234375 0.05546875
6 0.4390625 0.11640625 0.02109375 0.04609375
6 0.47109375 0.13671875 0.021875 0.04609375
3 0.46796875 0.196875 0.0265625 0.06875
3 0.4390625 0.26171875 0.03125 0.06875
6 0.45546875 0.30625 0.0375 0.08828125
6 0.540625 0.296875 0.0390625 0.0890625
6 0.51875 0.165625 0.02265625 0.0546875
3 0.57109375 0.16640625 0.025 0.040625
6 0.56875 0.1953125 0.02265625 0.04296875
3 0.64765625 0.21640625 0.02734375 0.0640625
3 0.64375 0.34140625 0.046875 0.10078125
6 0.70859375 0.14375 0.01875 0.03984375
3 0.74375 0.17890625 0.025 0.04921875
3 0.7703125 0.19609375 0.02265625 0.05078125
3 0.80078125 0.18203125 0.025 0.05078125
3 0.82421875 0.20546875 0.0234375 0.05078125
3 0.896875 0.19453125 0.0265625 0.04921875
3 0.8484375 0.2734375 0.03046875 0.06875
6 0.90703125 0.296875 0.03671875 0.0734375
3 0.97890625 0.28046875 0.03203125 0.06640625