6 0.13828125 0.4765625 0.05546875 0.1015625
2 0.0859375 0.6484375 0.11953125 0.05546875
6 0.25703125 0.50390625 0.06015625 0.10390625
0 0.20390625 0.6515625 0.03984375 0.059375
6 0.38828125 0.4859375 0.05 0.09453125
5 0.321875 0.678125 0.0328125 0.03671875
6 0.43828125 0.49375 0.03359375 0.078125
8 0.60078125 0.56875 0.05859375 0.0890625
8 0.7109375 0.56640625 0.05390625 0.09609375
8 0.81015625 0.60390625 0.05 0.0890625
8 0.75390625 0.675 0.07265625 0.13125
1 0.6015625 0.57734375 0.10546875 0.1265625
1 0.70078125 0.58046875 0.09453125 0.11953125
1 0.81640625 0.6140625 0.10546875 0.11328125
1 0.7453125 0.6640625 0.16171875 0.184375
10 0.1359375 0.540625 0.14296875 0.2234375
10 0.25 0.5640625 0.1234375 0.21875
10 0.38515625 0.565625 0.12265625 0.24921875
10 0.4484375 0.53203125 0.06640625 0.146875