10 0.06875 0.24296875 0.0859375 0.13046875
1 0.13671875 0.15234375 0.0546875 0.0734375
10 0.3796875 0.134375 0.04140625 0.06953125
10 0.3046875 0.16796875 0.03984375 0.07890625
10 0.27265625 0.25390625 0.07890625 0.11796875
10 0.33828125 0.2484375 0.05859375 0.14375
10 0.275 0.34296875 0.10859375 0.1765625
10 0.1640625 0.3359375 0.09609375 0.18125
10 0.4234375 0.15546875 0.046875 0.0796875
10 0.4 0.21875 0.065625 0.10390625
10 0.4453125 0.26875 0.06640625 0.13125
10 0.44765625 0.353125 0.09765625 0.17890625
2 0.51484375 0.44296875 0.03984375 0.03828125
10 0.571875 0.20546875 0.0515625 0.078125
10 0.53515625 0.3484375 0.090625 0.19453125
10 0.63125 0.221875 0.05859375 0.11953125
10 0.6484375 0.359375 0.13046875 0.19375
1 0.7109375 0.178125 0.0375 0.05390625
1 0.73203125 0.1921875 0.05859375 0.08203125
10 0.76328125 0.215625 0.04765625 0.09296875
1 0.81484375 0.22265625 0.0515625 0.06953125
10 0.884375 0.18984375 0.0421875 0.0890625
10 0.83671875 0.29609375 0.0703125 0.12421875
10 0.90390625 0.34296875 0.08515625 0.146875
10 0.03515625 0.1609375 0.03984375 0.08046875
10 0.3453125 0.14296875 0.06796875 0.09140625
10 0.478125 0.2234375 0.05546875 0.11953125
1 0.21328125 0.31796875 0.06796875 0.12109375
10 0.521875 0.18828125 0.04921875 0.1
2 0.25625 0.41875 0.0734375 0.03359375
1 0.3125 0.31640625 0.06484375 0.15625
1 0.59609375 0.28828125 0.0640625 0.09375
10 0.553125 0.16171875 0.04140625 0.103125
10 0.0625 0.18046875 0.07578125 0.10390625
3 0.0625 0.21796875 0.0328125 0.075
3 0.034375 0.15546875 0.0296875 0.06015625
3 0.12578125 0.14375 0.02734375 0.05859375
6 0.0640625 0.15625 0.03203125 0.0546875
9 0.35 0.128125 0.02578125 0.05390625
6 0.3 0.15703125 0.02578125 0.0546875
3 0.271875 0.19140625 0.02578125 0.0640625
10 0.2609375 0.2078125 0.046875 0.10078125
6 0.3375 0.209375 0.02890625 0.06171875
6 0.29453125 0.22890625 0.03359375 0.06953125
8 0.31015625 0.309375 0.0375 0.08828125
3 0.1984375 0.30234375 0.03828125 0.084375
6 0.16015625 0.29375 0.04453125 0.09296875
6 0.27578125 0.3015625 0.04140625 0.0859375
3 0.4234375 0.14609375 0.025 0.059375
3 0.36875 0.13046875 0.01953125 0.0515625
3 0.4 0.20078125 0.0328125 0.06953125
3 0.46328125 0.1984375 0.028125 0.06953125
6 0.44453125 0.24375 0.03359375 0.07578125
6 0.4578125 0.11796875 0.02109375 0.0484375
9 0.46953125 0.13359375 0.02421875 0.05
6 0.51640625 0.16484375 0.025 0.05390625
6 0.559375 0.140625 0.0234375 0.0515625
6 0.57265625 0.19375 0.02421875 0.0515625
6 0.475 0.30546875 0.0390625 0.08515625
6 0.53828125 0.296875 0.040625 0.08671875
6 0.63828125 0.31328125 0.04453125 0.09375
6 0.63203125 0.1953125 0.02890625 0.06328125
3 0.71796875 0.171875 0.0203125 0.04453125
3 0.74609375 0.178125 0.02578125 0.0515625
9 0.775 0.1953125 0.02578125 0.05
9 0.81640625 0.215625 0.03203125 0.04921875
3 0.796875 0.18046875 0.02421875 0.0515625
3 0.8921875 0.1703125 0.025 0.0515625
3 0.85078125 0.271875 0.03046875 0.06953125
3 0.925 0.3125 0.03984375 0.08046875
7 0.84453125 0.334375 0.04140625 0.03671875
3 0.984375 0.2828125 0.03125 0.0625
1 0.9703125 0.29453125 0.05625 0.08828125