3 0.17265625 0.6296875 0.06953125 0.13359375
5 0.14140625 0.8015625 0.04453125 0.040625
3 0.31953125 0.590625 0.0375 0.05546875
3 0.31875 0.65546875 0.05703125 0.1109375
2 0.275 0.78046875 0.0921875 0.05546875
3 0.396875 0.6265625 0.0421875 0.090625
7 0.4 0.7015625 0.0640625 0.0515625
6 0.5546875 0.55546875 0.040625 0.08125
9 0.59921875 0.63515625 0.0609375 0.11875
5 0.59609375 0.81875 0.0296875 0.03671875
3 0.66328125 0.590625 0.04296875 0.09609375
0 0.66484375 0.690625 0.0453125 0.04453125
3 0.7828125 0.61875 0.05390625 0.128125
0 0.80078125 0.78125 0.05390625 0.059375
3 0.92421875 0.653125 0.0640625 0.11640625
2 0.9609375 0.81875 0.06875 0.06640625
10 0.18046875 0.68671875 0.13203125 0.23125
10 0.32578125 0.70390625 0.12734375 0.20546875
10 0.32890625 0.61171875 0.06875 0.08046875
10 0.415625 0.65390625 0.09609375 0.14375
10 0.540625 0.61796875 0.08046875 0.196875
10 0.59921875 0.69296875 0.12734375 0.2296875
10 0.6734375 0.63125 0.075 0.17109375
10 0.78359375 0.68203125 0.14140625 0.24140625
10 0.93828125 0.70390625 0.12265625 0.20703125