3 0.12578125 0.48359375 0.06015625 0.121875
2 0.084375 0.60546875 0.1140625 0.08515625
3 0.24765625 0.51875 0.05859375 0.11875
0 0.22890625 0.6296875 0.05234375 0.059375
6 0.37734375 0.46875 0.0578125 0.10390625
6 0.41484375 0.471875 0.0328125 0.07421875
0 0.32578125 0.63359375 0.04765625 0.08515625
6 0.60703125 0.48046875 0.040625 0.08125
6 0.69453125 0.49921875 0.03515625 0.06875
6 0.78046875 0.50390625 0.03828125 0.08515625
6 0.74609375 0.53984375 0.0515625 0.109375
2 0.73359375 0.71640625 0.0921875 0.0484375
10 0.13359375 0.5375 0.13359375 0.19375
10 0.25390625 0.5625 0.11640625 0.17890625
10 0.38359375 0.540625 0.14453125 0.2359375
10 0.43359375 0.51796875 0.07578125 0.15859375
10 0.58828125 0.52734375 0.10078125 0.16171875
10 0.68515625 0.54140625 0.0875 0.1390625
10 0.72734375 0.60078125 0.1390625 0.22109375
10 0.78828125 0.55234375 0.06015625 0.16171875