3 0.12578125 0.50859375 0.059375 0.109375
7 0.090625 0.6390625 0.1203125 0.06328125
6 0.2546875 0.50625 0.04921875 0.11015625
0 0.2109375 0.6484375 0.04609375 0.065625
6 0.390625 0.496875 0.0515625 0.09140625
2 0.33359375 0.68984375 0.1078125 0.04609375
6 0.440625 0.49375 0.0359375 0.0796875
3 0.59765625 0.5015625 0.04453125 0.08515625
0 0.59140625 0.60078125 0.03046875 0.04375
3 0.690625 0.54609375 0.03828125 0.0765625
6 0.7875 0.51328125 0.0390625 0.0796875
3 0.7515625 0.59296875 0.05859375 0.11484375
2 0.7453125 0.74375 0.09140625 0.05703125
10 0.14140625 0.55859375 0.11015625 0.2015625
10 0.2515625 0.5671875 0.11875 0.215625
10 0.38515625 0.57109375 0.11953125 0.24140625
10 0.45 0.53203125 0.06640625 0.1515625
10 0.5921875 0.54609375 0.08203125 0.165625
1 0.68515625 0.56796875 0.08984375 0.13125
1 0.74140625 0.64375 0.13515625 0.2
10 0.79609375 0.5640625 0.0765625 0.1734375