6 0.16328125 0.63671875 0.05859375 0.10625
5 0.06015625 0.83671875 0.0375 0.04375
6 0.22578125 0.59375 0.04609375 0.078125
6 0.27890625 0.61953125 0.05859375 0.11953125
5 0.234375 0.83046875 0.040625 0.04609375
6 0.35078125 0.57421875 0.04609375 0.08203125
3 0.51953125 0.60703125 0.0375 0.090625
0 0.5265625 0.69140625 0.05234375 0.04296875
3 0.63203125 0.60625 0.03984375 0.08515625
7 0.63359375 0.6984375 0.0671875 0.0546875
6 0.74609375 0.58046875 0.0578125 0.1109375
6 0.87265625 0.61484375 0.0625 0.0890625
2 0.93828125 0.84375 0.11640625 0.0703125
5 0.75703125 0.8296875 0.0375 0.04453125
10 0.15625 0.69453125 0.1328125 0.2265625
10 0.2296875 0.6203125 0.06484375 0.121875
10 0.29140625 0.69453125 0.128125 0.24296875
10 0.35625 0.62421875 0.08671875 0.16875
10 0.51484375 0.64296875 0.10546875 0.153125
10 0.628125 0.63515625 0.0890625 0.18125
10 0.7359375 0.67890625 0.17265625 0.2890625
10 0.87734375 0.696875 0.1203125 0.25625