8 0.08515625 0.7296875 0.07265625 0.09609375
5 0.046875 0.85078125 0.0484375 0.04453125
6 0.2421875 0.65546875 0.05625 0.1109375
2 0.1859375 0.84140625 0.11328125 0.05390625
6 0.234375 0.578125 0.040625 0.05546875
6 0.3484375 0.5796875 0.0375 0.078125
5 0.3265625 0.71328125 0.01953125 0.021875
2 0.35546875 0.71328125 0.0328125 0.02578125
6 0.484375 0.5703125 0.0390625 0.07421875
6 0.59453125 0.57109375 0.04609375 0.08046875
3 0.528125 0.68046875 0.0546875 0.11875
5 0.6109375 0.70703125 0.02890625 0.02578125
6 0.70078125 0.60390625 0.05 0.1109375
6 0.696875 0.8234375 0.034375 0.04296875
3 0.8390625 0.678125 0.05 0.1109375
2 0.8890625 0.828125 0.1 0.0484375
0 0.5375 0.80625 0.0546875 0.071875
1 0.1046875 0.7390625 0.13828125 0.1984375
10 0.23671875 0.7203125 0.125 0.221875
10 0.24765625 0.62734375 0.0875 0.146875
10 0.3453125 0.62421875 0.08046875 0.153125
10 0.48359375 0.61953125 0.10703125 0.16796875
10 0.53203125 0.734375 0.13515625 0.19453125
10 0.6 0.61875 0.08046875 0.1609375
10 0.70859375 0.68203125 0.12578125 0.26484375
10 0.8546875 0.72265625 0.12265625 0.18046875