10 0.06953125 0.246875 0.09296875 0.13125
10 0.05625 0.18125 0.0796875 0.1
10 0.09140625 0.16796875 0.05859375 0.103125
10 0.13515625 0.14375 0.04921875 0.07421875
10 0.16171875 0.33125 0.10390625 0.18125
10 0.27734375 0.35546875 0.11640625 0.159375
1 0.209375 0.31875 0.0640625 0.11484375
1 0.321875 0.3140625 0.09765625 0.153125
1 0.2515625 0.25390625 0.06953125 0.11171875
10 0.3453125 0.2484375 0.05859375 0.14453125
10 0.3046875 0.18125 0.04296875 0.084375
1 0.4 0.2234375 0.06015625 0.09296875
10 0.33828125 0.14296875 0.05078125 0.10078125
10 0.37890625 0.146875 0.04296875 0.05625
10 0.421875 0.15703125 0.05625 0.08671875
10 0.47421875 0.16796875 0.0453125 0.1
10 0.4734375 0.22109375 0.06015625 0.125
10 0.44765625 0.26796875 0.07578125 0.1265625
10 0.5234375 0.19140625 0.05078125 0.09375
10 0.628125 0.22890625 0.0578125 0.10546875
1 0.56875 0.178125 0.05390625 0.0703125
1 0.56796875 0.21171875 0.04765625 0.06875
10 0.4390625 0.34921875 0.109375 0.19453125
10 0.53828125 0.35625 0.096875 0.17890625
10 0.64609375 0.36875 0.13828125 0.171875
10 0.60625 0.33125 0.0703125 0.13046875
1 0.51640625 0.28125 0.06015625 0.10078125
2 0.259375 0.4265625 0.06953125 0.03515625
2 0.51328125 0.44296875 0.0375 0.03203125
1 0.71015625 0.1765625 0.03671875 0.053125
1 0.74375 0.1875 0.059375 0.075
10 0.76875 0.2140625 0.05 0.0890625
10 0.815625 0.21796875 0.0515625 0.084375
10 0.88203125 0.19140625 0.05 0.08828125
1 0.83828125 0.30390625 0.08046875 0.11640625
10 0.89375 0.35546875 0.09296875 0.134375
10 0.9546875 0.36875 0.090625 0.21875
1 0.59765625 0.29140625 0.06640625 0.0953125
3 0.79453125 0.1859375 0.02265625 0.05625
3 0.06015625 0.22421875 0.03515625 0.08046875
3 0.046875 0.16796875 0.03046875 0.06328125
3 0.0765625 0.15234375 0.02734375 0.065625
3 0.128125 0.1390625 0.0234375 0.05546875
6 0.34453125 0.11875 0.02421875 0.05
3 0.30078125 0.171875 0.02578125 0.05546875
3 0.37265625 0.14296875 0.01953125 0.05078125
3 0.265625 0.23671875 0.03671875 0.08046875
3 0.203125 0.30625 0.03671875 0.08046875
6 0.14921875 0.28671875 0.04296875 0.09296875
3 0.26875 0.321875 0.04453125 0.09453125
3 0.296875 0.29375 0.0421875 0.090625
6 0.340625 0.2109375 0.03125 0.059375
3 0.39140625 0.21328125 0.03046875 0.06875
3 0.42890625 0.14453125 0.02578125 0.059375
6 0.4234375 0.10625 0.02421875 0.0453125
3 0.4734375 0.14296875 0.02265625 0.05625
6 0.43984375 0.24375 0.0328125 0.07578125
3 0.46875 0.19375 0.02890625 0.06328125
3 0.52421875 0.1765625 0.0265625 0.06015625
6 0.4609375 0.29296875 0.03828125 0.084375
0 0.40390625 0.4296875 0.02890625 0.04609375
3 0.52890625 0.26796875 0.03359375 0.0765625
3 0.565625 0.20546875 0.025 0.05390625
3 0.58203125 0.17890625 0.02578125 0.0515625
3 0.54375 0.1546875 0.02265625 0.05
6 0.62578125 0.20546875 0.02578125 0.0609375
3 0.61328125 0.28046875 0.03359375 0.07109375
6 0.54375 0.315625 0.04296875 0.09609375
3 0.62265625 0.309375 0.03359375 0.08046875
3 0.65078125 0.3359375 0.04765625 0.1046875
0 0.65390625 0.42421875 0.05546875 0.05390625
3 0.71875 0.171875 0.0171875 0.04375
9 0.759375 0.17890625 0.02421875 0.05546875
3 0.8234375 0.20546875 0.02265625 0.05390625
6 0.7765625 0.19375 0.02421875 0.05
3 0.89375 0.17578125 0.0265625 0.05546875
3 0.8625 0.28125 0.02890625 0.07421875
3 0.909375 0.28046875 0.03671875 0.07578125
3 0.91953125 0.33125 0.040625 0.08046875
7 0.85078125 0.33984375 0.04296875 0.02578125
2 0.97890625 0.46875 0.03984375 0.0296875