8 0.08125 0.7359375 0.0734375 0.10625
5 0.04453125 0.8484375 0.05078125 0.03046875
6 0.24375 0.646875 0.0578125 0.10625
2 0.1875 0.84375 0.1046875 0.059375
6 0.23671875 0.57265625 0.0390625 0.05625
6 0.35 0.58359375 0.0390625 0.07421875
5 0.32578125 0.709375 0.01796875 0.03046875
2 0.35390625 0.709375 0.03515625 0.03046875
6 0.48359375 0.57421875 0.0328125 0.08046875
6 0.5984375 0.58125 0.04140625 0.08359375
5 0.6109375 0.70546875 0.01953125 0.02421875
3 0.53125 0.68984375 0.0546875 0.11640625
0 0.53828125 0.80625 0.05 0.05546875
6 0.7046875 0.60546875 0.05 0.10390625
5 0.69921875 0.821875 0.03046875 0.03984375
3 0.84453125 0.678125 0.0625 0.10390625
2 0.88828125 0.81953125 0.09296875 0.06640625
1 0.10625 0.740625 0.13984375 0.2015625
10 0.2375 0.71796875 0.12265625 0.2265625
10 0.246875 0.62578125 0.0859375 0.13671875
10 0.34609375 0.62578125 0.08359375 0.15625
10 0.4828125 0.61953125 0.1 0.15546875
10 0.53203125 0.73359375 0.13671875 0.19921875
10 0.60078125 0.621875 0.07890625 0.15546875
10 0.7078125 0.69296875 0.12265625 0.2515625
10 0.8546875 0.71953125 0.12578125 0.18359375