3 0.15078125 0.65546875 0.04140625 0.08125
0 0.125 0.7234375 0.053125 0.04140625
8 0.228125 0.69375 0.053125 0.0890625
8 0.30703125 0.6890625 0.05390625 0.0890625
3 0.39375 0.61953125 0.04296875 0.0890625
7 0.37890625 0.728125 0.08125 0.059375
3 0.57109375 0.65546875 0.0421875 0.0703125
0 0.56484375 0.71953125 0.0453125 0.03671875
3 0.759375 0.61640625 0.0453125 0.08515625
0 0.76328125 0.703125 0.05 0.05390625
8 0.87890625 0.78046875 0.08125 0.11875
3 0.68515625 0.6859375 0.06328125 0.13046875
0 0.69296875 0.8359375 0.0765625 0.05625
1 0.15078125 0.68125 0.09765625 0.1203125
10 0.39921875 0.6578125 0.08828125 0.15859375
10 0.68515625 0.74765625 0.16328125 0.2453125
10 0.759375 0.65546875 0.09296875 0.16171875
1 0.234375 0.68359375 0.10390625 0.121875
1 0.31171875 0.69140625 0.0890625 0.096875
1 0.56015625 0.67890625 0.103125 0.115625
1 0.8625 0.771875 0.15859375 0.18671875