3 0.021875 0.46875 0.04296875 0.11484375
2 0.02890625 0.58125 0.05625 0.0703125
3 0.17265625 0.49296875 0.05703125 0.11875
0 0.1546875 0.6046875 0.05078125 0.06484375
6 0.31015625 0.44375 0.06640625 0.11875
0 0.25234375 0.60546875 0.0453125 0.0484375
6 0.35078125 0.4484375 0.03359375 0.06640625
6 0.52890625 0.44453125 0.04296875 0.08125
6 0.63828125 0.4890625 0.0375 0.07421875
6 0.67890625 0.51015625 0.04765625 0.10546875
6 0.7140625 0.4890625 0.02890625 0.0890625
2 0.6640625 0.67890625 0.0875 0.05
10 0.18125 0.53203125 0.12265625 0.2
10 0.31796875 0.51484375 0.1625 0.2484375
10 0.36640625 0.49609375 0.07734375 0.16015625
10 0.52578125 0.49921875 0.09609375 0.1765625
10 0.61875 0.5171875 0.08359375 0.1359375
10 0.665625 0.56953125 0.13671875 0.21015625
10 0.7203125 0.53046875 0.05390625 0.14921875
1 0.059375 0.5140625 0.11640625 0.20390625