10 0.06640625 0.23203125 0.08515625 0.13125
10 0.13828125 0.13671875 0.05625 0.08046875
10 0.38203125 0.13515625 0.03828125 0.06875
10 0.3046875 0.17578125 0.03828125 0.09375
10 0.34140625 0.2484375 0.053125 0.14453125
10 0.275 0.3484375 0.11015625 0.16953125
10 0.16484375 0.33125 0.09609375 0.18125
10 0.42265625 0.15625 0.04921875 0.08046875
10 0.39765625 0.21875 0.06328125 0.10546875
10 0.44765625 0.265625 0.06953125 0.1265625
10 0.44140625 0.34296875 0.10390625 0.1859375
2 0.51484375 0.44296875 0.03984375 0.03828125
10 0.57265625 0.20546875 0.04765625 0.07578125
10 0.5234375 0.25625 0.07734375 0.14921875
10 0.534375 0.34453125 0.08984375 0.18828125
10 0.63125 0.22890625 0.0578125 0.109375
10 0.64765625 0.37109375 0.13984375 0.18046875
1 0.7109375 0.178125 0.0375 0.05390625
1 0.74375 0.18828125 0.04765625 0.08125
1 0.79375 0.18203125 0.0390625 0.0796875
10 0.76328125 0.21640625 0.04765625 0.09375
10 0.815625 0.21796875 0.05546875 0.0890625
10 0.884375 0.18984375 0.0421875 0.0890625
10 0.83828125 0.2953125 0.071875 0.12578125
10 0.903125 0.340625 0.0828125 0.16328125
10 0.96015625 0.36875 0.07890625 0.21328125
10 0.55234375 0.16640625 0.0421875 0.0984375
10 0.03515625 0.15703125 0.04296875 0.08828125
10 0.3375 0.1484375 0.053125 0.08125
10 0.475 0.21796875 0.0515625 0.11953125
10 0.52890625 0.19140625 0.03984375 0.11015625
3 0.06328125 0.20859375 0.03515625 0.06875
3 0.040625 0.15234375 0.0296875 0.05859375
3 0.13125 0.128125 0.02421875 0.05625
9 0.35 0.1359375 0.02578125 0.05625
6 0.30078125 0.15625 0.02578125 0.0546875
3 0.378125 0.13125 0.02109375 0.053125
3 0.4234375 0.14375 0.021875 0.059375
6 0.3375 0.20625 0.02890625 0.065625
6 0.29140625 0.21484375 0.03203125 0.06484375
10 0.26953125 0.24375 0.071875 0.12578125
3 0.3015625 0.2734375 0.04140625 0.09453125
10 0.32578125 0.30546875 0.08984375 0.159375
3 0.278125 0.3140625 0.0453125 0.0984375
6 0.1703125 0.29453125 0.04453125 0.0953125
2 0.25703125 0.40390625 0.07109375 0.06796875
3 0.40078125 0.19921875 0.03203125 0.06875
3 0.46328125 0.19375 0.028125 0.06953125
3 0.440625 0.2390625 0.0328125 0.0734375
6 0.43671875 0.29375 0.0421875 0.08515625
6 0.53359375 0.29453125 0.0390625 0.0890625
3 0.51328125 0.21796875 0.03125 0.0765625
6 0.521875 0.16640625 0.0234375 0.05546875
6 0.55078125 0.14375 0.02265625 0.0515625
6 0.57578125 0.19296875 0.025 0.053125
6 0.6328125 0.20546875 0.02734375 0.06484375
3 0.65390625 0.3375 0.04765625 0.10625
3 0.61953125 0.31015625 0.03359375 0.08125
10 0.60390625 0.33046875 0.06640625 0.12578125
3 0.7171875 0.16875 0.01953125 0.04296875
9 0.75390625 0.17421875 0.02421875 0.05625
6 0.79453125 0.17578125 0.02578125 0.05078125
3 0.7671875 0.19375 0.02421875 0.05
6 0.82421875 0.1984375 0.02421875 0.05625
3 0.8921875 0.16875 0.02421875 0.05078125
6 0.85390625 0.26796875 0.02734375 0.06171875
6 0.91015625 0.29453125 0.040625 0.0765625
6 0.98046875 0.3109375 0.0390625 0.0953125
1 0.2171875 0.31796875 0.065625 0.10625
3 0.20390625 0.30625 0.03828125 0.08046875
7 0.05 0.2796875 0.04609375 0.05390625
0 0.6515625 0.43046875 0.04609375 0.04296875
6 0.48359375 0.140625 0.02265625 0.0515625