10 0.06875 0.24296875 0.0859375 0.13046875
1 0.13515625 0.15 0.04765625 0.06875
10 0.3796875 0.134375 0.04140625 0.06875
10 0.3046875 0.16796875 0.03984375 0.07890625
10 0.27578125 0.2515625 0.07890625 0.11953125
10 0.340625 0.246875 0.0578125 0.14453125
10 0.275 0.34296875 0.10859375 0.1765625
10 0.165625 0.3375 0.0984375 0.18046875
10 0.4234375 0.15546875 0.046875 0.0796875
10 0.39765625 0.21875 0.065625 0.10390625
10 0.4453125 0.26875 0.06640625 0.13125
10 0.44765625 0.346875 0.09921875 0.18984375
2 0.51484375 0.44296875 0.03984375 0.03828125
10 0.571875 0.20546875 0.0515625 0.078125
10 0.534375 0.34609375 0.0921875 0.1984375
10 0.63203125 0.22890625 0.053125 0.10625
10 0.646875 0.359375 0.1359375 0.19453125
1 0.7109375 0.178125 0.0375 0.05390625
1 0.73203125 0.1921875 0.05859375 0.08203125
10 0.76328125 0.215625 0.04765625 0.09296875
1 0.81484375 0.22890625 0.0515625 0.06953125
10 0.884375 0.18984375 0.0421875 0.0890625
10 0.8375 0.2953125 0.0703125 0.12421875
10 0.9015625 0.35078125 0.08125 0.13046875
10 0.03515625 0.16015625 0.03984375 0.08125
10 0.3453125 0.14375 0.06796875 0.09140625
10 0.478125 0.2234375 0.05546875 0.11875
1 0.21171875 0.31796875 0.06953125 0.11640625
10 0.521875 0.18828125 0.04921875 0.1
2 0.25625 0.41875 0.0734375 0.03359375
1 0.3125 0.31640625 0.06484375 0.15625
1 0.59609375 0.290625 0.0640625 0.09453125
10 0.553125 0.16328125 0.0421875 0.09921875
10 0.06015625 0.18046875 0.07734375 0.10390625
1 0.79609375 0.1890625 0.03828125 0.07421875
3 0.06328125 0.21875 0.034375 0.075
3 0.0375 0.15546875 0.02890625 0.06015625
6 0.065625 0.15625 0.0328125 0.05390625
3 0.12890625 0.14375 0.02265625 0.05546875
9 0.35078125 0.12734375 0.02578125 0.0546875
6 0.3375 0.20859375 0.03046875 0.05546875
6 0.3 0.15625 0.02734375 0.05546875
3 0.36953125 0.12890625 0.01875 0.0546875
3 0.421875 0.14609375 0.02578125 0.06015625
3 0.39765625 0.203125 0.03203125 0.0703125
6 0.459375 0.11640625 0.0203125 0.04609375
9 0.46875 0.13203125 0.02421875 0.04921875
6 0.515625 0.16328125 0.02421875 0.05546875
6 0.56015625 0.140625 0.025 0.053125
3 0.46328125 0.19765625 0.02890625 0.06796875
3 0.446875 0.24609375 0.03515625 0.07578125
6 0.46640625 0.3 0.0375 0.09296875
6 0.53203125 0.296875 0.03984375 0.09453125
6 0.628125 0.20546875 0.02734375 0.059375
6 0.57265625 0.19453125 0.025 0.05078125
6 0.63203125 0.31640625 0.05 0.1
0 0.653125 0.428125 0.0515625 0.04921875
9 0.29453125 0.22578125 0.03671875 0.0609375
3 0.27421875 0.203125 0.0296875 0.06640625
10 0.2625 0.21796875 0.05546875 0.09609375
6 0.275 0.3015625 0.04140625 0.08828125
8 0.309375 0.309375 0.0375 0.08671875
3 0.19765625 0.30390625 0.03984375 0.0796875
6 0.1578125 0.29453125 0.046875 0.0953125
3 0.715625 0.17265625 0.01953125 0.04375
3 0.7453125 0.178125 0.02421875 0.05390625
3 0.79453125 0.17890625 0.02578125 0.05546875
6 0.76875 0.19296875 0.0234375 0.046875
9 0.82265625 0.21796875 0.03359375 0.046875
3 0.89140625 0.16953125 0.025 0.053125
9 0.85078125 0.27109375 0.03046875 0.06953125
3 0.909375 0.26640625 0.04140625 0.071875
3 0.91796875 0.3296875 0.0390625 0.08359375
3 0.984375 0.2828125 0.0296875 0.06796875
1 0.9703125 0.29453125 0.05859375 0.0890625