3 0.1359375 0.5 0.05625 0.10703125
2 0.10625 0.628125 0.0875 0.07421875
6 0.265625 0.49609375 0.053125 0.121875
0 0.24296875 0.64375 0.0515625 0.0609375
9 0.37109375 0.49140625 0.0578125 0.1203125
5 0.33125 0.66640625 0.0421875 0.04453125
6 0.4390625 0.47890625 0.04609375 0.08359375
9 0.6171875 0.49296875 0.053125 0.09609375
6 0.70703125 0.51015625 0.0375 0.08671875
6 0.78828125 0.51171875 0.03515625 0.08359375
6 0.75390625 0.559375 0.05390625 0.1109375
2 0.7421875 0.73203125 0.09921875 0.071875
10 0.1453125 0.55234375 0.13984375 0.19921875
10 0.26875 0.55859375 0.11640625 0.221875
10 0.3828125 0.55703125 0.16796875 0.23828125
10 0.44453125 0.52109375 0.0625 0.15078125
10 0.60078125 0.5359375 0.10234375 0.16796875
10 0.6984375 0.54921875 0.08515625 0.1515625
10 0.80078125 0.559375 0.06640625 0.16484375
10 0.7421875 0.61953125 0.14296875 0.22421875