10 0.06796875 0.23359375 0.08671875 0.13125
10 0.09453125 0.16640625 0.05078125 0.11484375
10 0.13515625 0.14375 0.05546875 0.0796875
10 0.3796875 0.1390625 0.04375 0.06484375
10 0.30703125 0.171875 0.03828125 0.09453125
10 0.2515625 0.2359375 0.06640625 0.14453125
10 0.34140625 0.246875 0.05 0.13125
10 0.2828125 0.34375 0.10546875 0.1796875
10 0.165625 0.33046875 0.1015625 0.18515625
10 0.42265625 0.15625 0.04765625 0.08203125
10 0.3984375 0.215625 0.05546875 0.1046875
10 0.45 0.26328125 0.08046875 0.1359375
10 0.44375 0.34296875 0.10546875 0.18984375
2 0.51484375 0.44296875 0.03984375 0.03828125
10 0.56875 0.20390625 0.04453125 0.0765625
10 0.52421875 0.26015625 0.0703125 0.14453125
10 0.540625 0.35546875 0.09453125 0.17421875
10 0.63125 0.228125 0.0578125 0.109375
10 0.63515625 0.375 0.09765625 0.15546875
1 0.7109375 0.178125 0.0375 0.05390625
1 0.73203125 0.19375 0.05703125 0.0796875
1 0.79375 0.1875 0.0453125 0.075
10 0.76171875 0.21796875 0.0515625 0.09140625
10 0.81640625 0.21875 0.05546875 0.09296875
10 0.8859375 0.18984375 0.04375 0.090625
10 0.83828125 0.29609375 0.07109375 0.13046875
10 0.90390625 0.3359375 0.084375 0.15703125
10 0.9609375 0.3640625 0.078125 0.2140625
1 0.55390625 0.15625 0.03515625 0.05859375
10 0.034375 0.15546875 0.0421875 0.09453125
10 0.33046875 0.14296875 0.04296875 0.08984375
10 0.47578125 0.21875 0.04921875 0.1203125
1 0.215625 0.31953125 0.06171875 0.11875
6 0.0578125 0.20546875 0.03515625 0.071875
9 0.040625 0.14375 0.0265625 0.06171875
6 0.0625 0.14453125 0.0296875 0.05859375
3 0.128125 0.13203125 0.02578125 0.0546875
6 0.3296875 0.1265625 0.02265625 0.053125
6 0.3 0.15546875 0.02421875 0.0546875
6 0.334375 0.21171875 0.02734375 0.05546875
6 0.39921875 0.19375 0.0296875 0.06015625
3 0.37890625 0.13203125 0.02109375 0.05078125
3 0.42265625 0.14453125 0.02109375 0.059375
10 0.46953125 0.125 0.05703125 0.0796875
6 0.47421875 0.1109375 0.02109375 0.04453125
6 0.48203125 0.14375 0.02265625 0.05390625
10 0.48828125 0.1625 0.03515625 0.09375
3 0.55625 0.1515625 0.0203125 0.04921875
6 0.4671875 0.19375 0.02890625 0.06484375
3 0.4390625 0.23671875 0.034375 0.08046875
3 0.5234375 0.23046875 0.03046875 0.08046875
6 0.5703125 0.19296875 0.02421875 0.05078125
6 0.63203125 0.20625 0.02890625 0.0640625
3 0.6328125 0.34765625 0.04296875 0.09375
3 0.5421875 0.3234375 0.040625 0.103125
6 0.43125 0.29296875 0.03984375 0.08203125
3 0.27578125 0.196875 0.02578125 0.06328125
3 0.2515625 0.20546875 0.034375 0.07578125
3 0.20390625 0.30546875 0.03671875 0.084375
6 0.165625 0.29296875 0.0421875 0.09453125
6 0.284375 0.29765625 0.0421875 0.08828125
3 0.7171875 0.1734375 0.01875 0.04375
3 0.7453125 0.18125 0.02421875 0.053125
3 0.796875 0.1796875 0.02421875 0.05546875
3 0.89296875 0.1703125 0.0265625 0.05390625
6 0.76328125 0.19609375 0.02265625 0.04921875
6 0.8234375 0.1984375 0.02421875 0.046875
6 0.8453125 0.2609375 0.028125 0.05546875
6 0.91953125 0.29296875 0.040625 0.0765625
6 0.97734375 0.303125 0.0453125 0.09375