6 0.21875 0.57890625 0.0546875 0.10546875
5 0.1390625 0.76640625 0.0375 0.03671875
3 0.278125 0.56875 0.0390625 0.08125
0 0.27578125 0.640625 0.03359375 0.03671875
6 0.31953125 0.59296875 0.05859375 0.11875
0 0.29375 0.74296875 0.05 0.08515625
3 0.3984375 0.5546875 0.04296875 0.08671875
0 0.39140625 0.646875 0.03671875 0.05
3 0.5734375 0.58046875 0.0375 0.06640625
3 0.6 0.61875 0.0546875 0.12578125
0 0.59765625 0.765625 0.06953125 0.07578125
6 0.73828125 0.56640625 0.05546875 0.1109375
3 0.86328125 0.64375 0.06484375 0.11875
2 0.909375 0.80546875 0.1421875 0.059375
1 0.27578125 0.6 0.04765625 0.13125
1 0.4078125 0.59609375 0.090625 0.16171875
1 0.5625 0.6140625 0.09140625 0.128125
1 0.78671875 0.609375 0.05703125 0.13046875
10 0.209375 0.64453125 0.12109375 0.22578125
10 0.31640625 0.65546875 0.1453125 0.24921875
10 0.59140625 0.67890625 0.13984375 0.23671875
10 0.73671875 0.65390625 0.140625 0.27421875
10 0.85625 0.68828125 0.13046875 0.20078125