8 0.11484375 0.75546875 0.0734375 0.11875
5 0.05859375 0.83046875 0.0421875 0.0390625
3 0.2328125 0.60546875 0.046875 0.0890625
0 0.21328125 0.68515625 0.03359375 0.04453125
8 0.2421875 0.74296875 0.06328125 0.12578125
3 0.35 0.6 0.05078125 0.09453125
0 0.340625 0.684375 0.0390625 0.05546875
3 0.52421875 0.61875 0.0453125 0.078125
5 0.52890625 0.696875 0.03515625 0.03125
3 0.628125 0.61875 0.0453125 0.0890625
7 0.62265625 0.696875 0.06953125 0.04453125
6 0.75078125 0.60390625 0.05703125 0.12578125
5 0.7515625 0.821875 0.03515625 0.04453125
6 0.87578125 0.61875 0.05859375 0.109375
2 0.9375 0.85546875 0.1203125 0.0796875
5 0.228125 0.840625 0.0359375 0.03671875
1 0.11015625 0.73125 0.16328125 0.1953125
1 0.259375 0.74375 0.14453125 0.20390625
10 0.2296875 0.628125 0.10390625 0.1296875
10 0.353125 0.6296875 0.0890625 0.171875
10 0.51875 0.64296875 0.10859375 0.1265625
10 0.628125 0.64140625 0.0984375 0.14921875
10 0.73203125 0.6875 0.16484375 0.28203125
10 0.87421875 0.7015625 0.11953125 0.2484375