10 0.06640625 0.24296875 0.08359375 0.11953125
10 0.09296875 0.15625 0.05546875 0.115625
10 0.1375 0.153125 0.05 0.0734375
10 0.1625 0.34375 0.09765625 0.1515625
10 0.27734375 0.3546875 0.11640625 0.159375
1 0.20390625 0.31796875 0.084375 0.125
1 0.315625 0.309375 0.08671875 0.14375
1 0.2484375 0.25546875 0.06953125 0.10546875
10 0.3453125 0.2609375 0.0625 0.11953125
10 0.30703125 0.18046875 0.04375 0.078125
10 0.40078125 0.21171875 0.05703125 0.10625
10 0.33671875 0.15078125 0.0421875 0.08046875
10 0.38125 0.1421875 0.0421875 0.065625
10 0.425 0.15625 0.04765625 0.0859375
10 0.47578125 0.1609375 0.04296875 0.10546875
1 0.51328125 0.19453125 0.05078125 0.08046875
10 0.62734375 0.228125 0.06171875 0.109375
1 0.571875 0.17890625 0.06171875 0.065625
1 0.56953125 0.215625 0.04921875 0.06796875
10 0.446875 0.3484375 0.090625 0.18125
10 0.53515625 0.36796875 0.08984375 0.15078125
10 0.64453125 0.36875 0.134375 0.17578125
10 0.60625 0.334375 0.07109375 0.13125
10 0.525 0.278125 0.06796875 0.103125
2 0.259375 0.4265625 0.06953125 0.03515625
2 0.51328125 0.44296875 0.0375 0.03203125
1 0.7125 0.178125 0.03671875 0.05625
1 0.73359375 0.19375 0.05546875 0.07578125
10 0.76796875 0.21484375 0.0484375 0.0890625
10 0.81640625 0.21796875 0.053125 0.084375
10 0.878125 0.18984375 0.05390625 0.07578125
10 0.83203125 0.30390625 0.078125 0.121875
10 0.89375 0.35625 0.0921875 0.13046875
10 0.96015625 0.36875 0.07890625 0.19609375
1 0.59765625 0.284375 0.06640625 0.09375
2 0.9796875 0.46875 0.040625 0.03359375
0 0.64140625 0.42890625 0.03515625 0.040625
3 0.71953125 0.16796875 0.02109375 0.04375
10 0.446875 0.13046875 0.0296875 0.08125
3 0.06328125 0.221875 0.03359375 0.08125
3 0.08125 0.13046875 0.0296875 0.06328125
3 0.1296875 0.14375 0.025 0.05546875
3 0.14140625 0.31796875 0.04609375 0.09140625
3 0.184375 0.2984375 0.0390625 0.08125
3 0.26875 0.31796875 0.04453125 0.08984375
3 0.26640625 0.24375 0.03203125 0.07578125
3 0.30390625 0.30625 0.03984375 0.084375
6 0.35390625 0.2359375 0.0375 0.06953125
3 0.3046875 0.171875 0.02734375 0.05546875
3 0.340625 0.1921875 0.02734375 0.06171875
9 0.3328125 0.134375 0.02578125 0.04375
3 0.3796875 0.13125 0.01953125 0.05078125
9 0.40390625 0.19375 0.03359375 0.06484375
3 0.4234375 0.14296875 0.02421875 0.06015625
6 0.446875 0.115625 0.0203125 0.0484375
6 0.47265625 0.13125 0.02421875 0.04921875
10 0.4671875 0.22109375 0.06796875 0.13046875
6 0.46328125 0.18671875 0.03046875 0.05625
6 0.45078125 0.3015625 0.03828125 0.0890625
3 0.51328125 0.184375 0.02578125 0.05625
3 0.525 0.26796875 0.03046875 0.0765625
3 0.534375 0.34296875 0.040625 0.103125
3 0.57890625 0.16796875 0.025 0.04375
3 0.57109375 0.20625 0.02421875 0.05078125
3 0.5453125 0.15078125 0.02109375 0.04921875
1 0.54375 0.15546875 0.03828125 0.06484375
6 0.62265625 0.20390625 0.02890625 0.05703125
3 0.61328125 0.278125 0.03203125 0.06953125
3 0.62265625 0.309375 0.03515625 0.08125
6 0.659375 0.33125 0.0484375 0.096875
3 0.74296875 0.18046875 0.02421875 0.0515625
9 0.7734375 0.19375 0.021875 0.05625
3 0.79453125 0.1859375 0.025 0.05546875
3 0.8234375 0.20546875 0.02265625 0.05390625
3 0.88984375 0.178125 0.02734375 0.05078125
3 0.853125 0.278125 0.02734375 0.07109375
7 0.84140625 0.3359375 0.04296875 0.03125
3 0.91328125 0.27109375 0.03359375 0.06953125
3 0.9171875 0.33046875 0.04140625 0.0796875
3 0.9546875 0.26796875 0.03046875 0.065625
10 0.953125 0.2921875 0.05234375 0.10859375
6 0.9859375 0.31640625 0.02734375 0.09296875