6 0.13671875 0.47890625 0.0609375 0.0984375
2 0.0890625 0.64921875 0.1125 0.04609375
6 0.2546875 0.50546875 0.05859375 0.1109375
0 0.203125 0.653125 0.046875 0.0609375
6 0.38515625 0.48828125 0.05234375 0.10546875
5 0.32265625 0.678125 0.0375 0.03671875
6 0.43828125 0.49375 0.03359375 0.0796875
8 0.60234375 0.5640625 0.0453125 0.08671875
8 0.71015625 0.56171875 0.05234375 0.090625
8 0.81015625 0.6 0.04609375 0.09296875
8 0.75703125 0.68046875 0.07265625 0.12578125
10 0.1359375 0.54453125 0.14296875 0.221875
10 0.2515625 0.56796875 0.1234375 0.21796875
10 0.38828125 0.57109375 0.11796875 0.24296875
10 0.4484375 0.5375 0.06796875 0.14921875
1 0.6 0.5734375 0.10234375 0.13203125
1 0.6984375 0.58125 0.08984375 0.11953125
1 0.81484375 0.615625 0.10234375 0.10859375
1 0.74375 0.6671875 0.1671875 0.18203125