3 0.153125 0.65390625 0.0390625 0.078125
0 0.12890625 0.71640625 0.05234375 0.040625
8 0.228125 0.69453125 0.0453125 0.07578125
8 0.30703125 0.69375 0.04609375 0.07421875
3 0.3984375 0.61875 0.046875 0.09453125
7 0.37109375 0.7296875 0.0671875 0.04453125
3 0.56953125 0.66875 0.04375 0.06640625
0 0.56953125 0.71875 0.04609375 0.04453125
8 0.76875 0.6765625 0.05625 0.0984375
8 0.87578125 0.77578125 0.06640625 0.11953125
5 0.8609375 0.85546875 0.053125 0.03359375
3 0.690625 0.68359375 0.0546875 0.13125
0 0.69453125 0.828125 0.05546875 0.06640625
1 0.23125 0.6828125 0.10078125 0.10859375
1 0.31171875 0.69296875 0.08515625 0.08203125
1 0.55625 0.684375 0.1 0.11015625
1 0.76484375 0.6640625 0.09453125 0.12578125
1 0.86640625 0.7703125 0.15546875 0.18515625
1 0.15078125 0.67734375 0.09921875 0.1265625
10 0.39609375 0.65859375 0.090625 0.16015625
10 0.68515625 0.74375 0.15703125 0.25