8 0.11328125 0.7609375 0.07109375 0.12109375
5 0.0578125 0.8390625 0.03359375 0.0484375
8 0.24453125 0.74375 0.07265625 0.1296875
3 0.23203125 0.60546875 0.040625 0.0890625
0 0.21328125 0.6875 0.040625 0.03046875
3 0.34921875 0.6046875 0.0453125 0.0984375
0 0.33828125 0.6875 0.03515625 0.05625
3 0.5234375 0.61953125 0.04609375 0.08046875
5 0.52890625 0.70390625 0.0375 0.0296875
3 0.62890625 0.61875 0.04375 0.08359375
7 0.62578125 0.696875 0.05859375 0.05625
6 0.75390625 0.6015625 0.05859375 0.121875
5 0.75390625 0.82421875 0.0375 0.04375
6 0.875 0.61953125 0.0609375 0.10390625
2 0.94140625 0.84375 0.11484375 0.05703125
5 0.22578125 0.83203125 0.03359375 0.03359375
10 0.23203125 0.634375 0.10546875 0.13671875
10 0.35234375 0.640625 0.0984375 0.15390625
10 0.51640625 0.6515625 0.10078125 0.11953125
10 0.6265625 0.64375 0.11015625 0.12578125
10 0.73671875 0.68828125 0.17578125 0.27578125
10 0.8765625 0.6984375 0.1125 0.26171875
1 0.10703125 0.73046875 0.16171875 0.18125
1 0.2578125 0.7453125 0.1484375 0.20703125