5 0.028125 0.66640625 0.0359375 0.0296875
3 0.06953125 0.60546875 0.0625 0.1109375
3 0.178125 0.58046875 0.0625 0.109375
2 0.15078125 0.7640625 0.08125 0.05
3 0.30703125 0.5546875 0.04609375 0.08671875
7 0.2859375 0.640625 0.06640625 0.059375
6 0.41640625 0.54609375 0.053125 0.10625
0 0.39765625 0.70546875 0.03828125 0.03671875
2 0.38046875 0.75546875 0.0734375 0.059375
3 0.48828125 0.51875 0.0375 0.08046875
0 0.4875 0.60546875 0.0359375 0.04453125
6 0.65703125 0.49296875 0.03203125 0.07421875
3 0.6890625 0.5234375 0.05390625 0.1203125
3 0.76171875 0.45625 0.0390625 0.08671875
3 0.81953125 0.48203125 0.0625 0.13515625
3 0.85390625 0.45390625 0.03515625 0.0890625
7 0.85703125 0.69375 0.11796875 0.10390625
6 0.9640625 0.46875 0.059375 0.12578125
10 0.08515625 0.64375 0.09296875 0.2046875
10 0.1890625 0.64375 0.12578125 0.22578125
10 0.3140625 0.58125 0.10078125 0.1453125
10 0.42890625 0.61953125 0.1296875 0.2453125
10 0.4984375 0.55625 0.09140625 0.15078125
10 0.6609375 0.49296875 0.05546875 0.1
10 0.6828125 0.60078125 0.13515625 0.271875
10 0.759375 0.49375 0.06328125 0.14609375
10 0.82421875 0.5640625 0.14765625 0.2953125
10 0.8765625 0.45546875 0.08671875 0.128125
10 0.95 0.5515625 0.0953125 0.278125