6 0.13515625 0.478125 0.0625 0.1109375
2 0.09140625 0.65390625 0.11484375 0.05546875
6 0.2546875 0.5 0.05625 0.10703125
0 0.20703125 0.65078125 0.04453125 0.06875
6 0.38984375 0.48828125 0.0546875 0.10546875
5 0.31953125 0.6796875 0.03046875 0.03359375
6 0.4390625 0.49296875 0.03359375 0.07421875
8 0.603125 0.5703125 0.0640625 0.1
8 0.71015625 0.56484375 0.05 0.08515625
8 0.81015625 0.6015625 0.05546875 0.08515625
8 0.75390625 0.6796875 0.07109375 0.11484375
10 0.13515625 0.5421875 0.14765625 0.225
10 0.24921875 0.5625 0.128125 0.21796875
10 0.3875 0.56875 0.1203125 0.2484375
10 0.45 0.5359375 0.06796875 0.1546875
1 0.60078125 0.57890625 0.10546875 0.11640625
1 0.69921875 0.58203125 0.0859375 0.11875
1 0.74375 0.66796875 0.15859375 0.18046875
1 0.815625 0.61328125 0.10546875 0.11171875