3 0.1484375 0.48046875 0.0625 0.10390625
2 0.10703125 0.6046875 0.10546875 0.0796875
3 0.26015625 0.51328125 0.059375 0.10546875
0 0.2390625 0.6234375 0.05078125 0.05546875
6 0.38671875 0.465625 0.0546875 0.109375
0 0.428125 0.46875 0.03671875 0.0703125
6 0.33671875 0.63046875 0.0453125 0.07578125
6 0.61875 0.4703125 0.0390625 0.078125
6 0.70703125 0.496875 0.03671875 0.06875
6 0.759375 0.53203125 0.05 0.1015625
3 0.79453125 0.51015625 0.0375 0.08125
2 0.74765625 0.70625 0.0875 0.0609375
10 0.15078125 0.52734375 0.128125 0.196875
10 0.26796875 0.55859375 0.11328125 0.18671875
10 0.39296875 0.54375 0.14609375 0.24921875
10 0.446875 0.51328125 0.06953125 0.15859375
10 0.6015625 0.5234375 0.10546875 0.165625
10 0.69765625 0.5359375 0.0875 0.14296875
10 0.74296875 0.603125 0.13671875 0.21796875
10 0.80546875 0.55078125 0.0640625 0.15625