3 0.06015625 0.60390625 0.06953125 0.1109375
3 0.1796875 0.5796875 0.05703125 0.11875
2 0.13515625 0.7703125 0.08203125 0.05546875
3 0.29765625 0.5453125 0.03984375 0.0796875
7 0.28203125 0.64453125 0.07109375 0.05546875
3 0.40390625 0.5546875 0.05234375 0.11328125
3 0.47890625 0.5140625 0.04140625 0.08125
7 0.3984375 0.71875 0.09140625 0.0890625
3 0.66640625 0.5390625 0.05625 0.14453125
6 0.7296875 0.4734375 0.04140625 0.10546875
3 0.8234375 0.51796875 0.08046875 0.14296875
7 0.8390625 0.678125 0.09609375 0.12578125
3 0.96640625 0.51015625 0.05859375 0.13125
10 0.0859375 0.6609375 0.1203125 0.21328125
10 0.1984375 0.63671875 0.13359375 0.23203125
10 0.3 0.58125 0.09609375 0.15078125
10 0.41328125 0.621875 0.12890625 0.2484375
10 0.48984375 0.55390625 0.08359375 0.153125
10 0.6734375 0.6109375 0.14296875 0.253125
10 0.73515625 0.51796875 0.08203125 0.1796875
10 0.8171875 0.5859375 0.16171875 0.2734375
10 0.94609375 0.5828125 0.1046875 0.27890625