10 0.06484375 0.24375 0.08515625 0.11953125
10 0.0578125 0.19296875 0.07265625 0.09140625
10 0.10703125 0.1671875 0.05078125 0.09140625
10 0.14296875 0.14296875 0.0515625 0.08046875
10 0.3421875 0.13203125 0.03203125 0.08125
10 0.30625 0.16875 0.0296875 0.0765625
10 0.38203125 0.13671875 0.04375 0.06875
10 0.41796875 0.15859375 0.0546875 0.07578125
1 0.396875 0.221875 0.06484375 0.08828125
10 0.4703125 0.209375 0.07421875 0.13046875
10 0.51796875 0.18359375 0.0453125 0.1
10 0.34140625 0.24921875 0.053125 0.13046875
1 0.5640625 0.2109375 0.046875 0.06953125
10 0.62578125 0.22734375 0.06796875 0.1046875
1 0.596875 0.28671875 0.06796875 0.09453125
10 0.63828125 0.3703125 0.13359375 0.16328125
10 0.53515625 0.34609375 0.09296875 0.19453125
10 0.44453125 0.346875 0.090625 0.18046875
1 0.25390625 0.25546875 0.07109375 0.103125
1 0.20625 0.31875 0.07265625 0.11484375
10 0.27578125 0.35625 0.11796875 0.15625
10 0.32109375 0.290625 0.0890625 0.18125
10 0.15703125 0.33671875 0.103125 0.18046875
2 0.259375 0.42734375 0.0703125 0.03828125
1 0.44765625 0.28046875 0.07265625 0.10390625
2 0.51640625 0.44296875 0.0375 0.03203125
10 0.70078125 0.1765625 0.04296875 0.09921875
1 0.73359375 0.190625 0.05859375 0.08046875
10 0.7671875 0.21875 0.05625 0.08671875
10 0.815625 0.21640625 0.04921875 0.09375
10 0.8859375 0.1984375 0.04765625 0.0703125
10 0.8390625 0.29375 0.06796875 0.11640625
10 0.89453125 0.34140625 0.08125 0.15546875
3 0.98046875 0.28671875 0.03046875 0.06796875
1 0.9625 0.3921875 0.075 0.15
2 0.97890625 0.46796875 0.04140625 0.03203125
3 0.065625 0.22578125 0.0328125 0.07421875
3 0.05390625 0.18046875 0.03125 0.05859375
3 0.096875 0.153125 0.0265625 0.059375
3 0.134375 0.13125 0.02578125 0.05546875
6 0.146875 0.29375 0.0453125 0.08671875
3 0.2671875 0.32265625 0.04453125 0.09375
3 0.265625 0.24140625 0.03359375 0.071875
6 0.31328125 0.24375 0.03671875 0.08359375
6 0.3328125 0.21796875 0.028125 0.06796875
6 0.27890625 0.18359375 0.025 0.05546875
10 0.28359375 0.20390625 0.03984375 0.09375
3 0.3046875 0.1609375 0.025 0.05546875
3 0.3203125 0.14375 0.01953125 0.05390625
9 0.33671875 0.11875 0.0203125 0.05078125
3 0.37890625 0.13046875 0.01875 0.0484375
3 0.421875 0.15234375 0.0234375 0.053125
3 0.40078125 0.2140625 0.028125 0.0640625
6 0.45078125 0.296875 0.0375 0.08125
6 0.4578125 0.1734375 0.02890625 0.05625
6 0.5109375 0.16640625 0.02421875 0.0546875
6 0.53125 0.29375 0.0390625 0.08984375
3 0.5671875 0.20390625 0.02421875 0.05078125
10 0.565625 0.1765625 0.06015625 0.078125
3 0.5765625 0.1609375 0.02421875 0.04375
6 0.61640625 0.20625 0.025 0.06015625
3 0.615625 0.28046875 0.03046875 0.07421875
3 0.646875 0.34375 0.04765625 0.1015625
0 0.64453125 0.43125 0.05234375 0.03671875
3 0.7125 0.1484375 0.01796875 0.04453125
3 0.746875 0.1765625 0.0234375 0.05078125
3 0.778125 0.20078125 0.0234375 0.05078125
3 0.81875 0.19609375 0.0234375 0.05625
3 0.80078125 0.1734375 0.025 0.05625
3 0.896875 0.1859375 0.02421875 0.04609375
3 0.85859375 0.271875 0.02734375 0.06953125
6 0.9125 0.30234375 0.03828125 0.0765625