6 0.0921875 0.63203125 0.07734375 0.13125
5 0.04765625 0.84453125 0.05390625 0.03671875
6 0.2421875 0.584375 0.04140625 0.08125
8 0.196875 0.76015625 0.0671875 0.11875
6 0.35 0.57421875 0.0390625 0.08125
5 0.32265625 0.71484375 0.03046875 0.03671875
6 0.4875 0.57578125 0.0453125 0.08125
3 0.51015625 0.6953125 0.059375 0.11328125
6 0.6046875 0.57109375 0.04296875 0.08046875
5 0.6109375 0.70546875 0.02890625 0.028125
6 0.70078125 0.60546875 0.05 0.10703125
5 0.69453125 0.81875 0.03515625 0.03671875
3 0.840625 0.66015625 0.0578125 0.11875
2 0.8859375 0.8203125 0.09453125 0.06328125
0 0.5421875 0.815625 0.04375 0.05703125
10 0.10625 0.6984375 0.1328125 0.265625
10 0.246875 0.63125 0.0953125 0.17109375
10 0.34609375 0.62421875 0.09453125 0.16875
10 0.49140625 0.61328125 0.09609375 0.16875
1 0.53359375 0.7390625 0.1359375 0.2015625
10 0.60625 0.61796875 0.1015625 0.17109375
10 0.7046875 0.69296875 0.125 0.26953125
10 0.853125 0.715625 0.13359375 0.22109375
1 0.21796875 0.75 0.14765625 0.20703125