6 0.09140625 0.63046875 0.08046875 0.13125
5 0.04453125 0.84375 0.05 0.04296875
6 0.2421875 0.590625 0.046875 0.08515625
8 0.19453125 0.7609375 0.0625 0.10703125
6 0.34453125 0.56875 0.04140625 0.078125
5 0.32578125 0.71484375 0.02421875 0.021875
6 0.4859375 0.57421875 0.04453125 0.08125
3 0.5109375 0.6984375 0.065625 0.11875
0 0.53828125 0.81015625 0.040625 0.05546875
6 0.60703125 0.571875 0.04453125 0.08125
6 0.70078125 0.60546875 0.05859375 0.1109375
5 0.69453125 0.81875 0.0375 0.04375
3 0.84140625 0.6640625 0.06015625 0.11328125
2 0.88359375 0.81875 0.0921875 0.059375
10 0.10546875 0.70390625 0.1328125 0.265625
10 0.24765625 0.63046875 0.09453125 0.1703125
10 0.3484375 0.621875 0.08984375 0.1734375
10 0.49140625 0.61796875 0.09921875 0.16015625
1 0.53203125 0.73203125 0.13515625 0.20390625
10 0.60703125 0.61796875 0.10234375 0.1765625
10 0.70859375 0.690625 0.12890625 0.27109375
10 0.853125 0.7109375 0.13203125 0.21875
1 0.21640625 0.75 0.14609375 0.20546875