3 0.153125 0.65625 0.0453125 0.07421875
0 0.12578125 0.71875 0.053125 0.04453125
8 0.228125 0.6953125 0.046875 0.078125
8 0.3046875 0.69296875 0.04921875 0.08125
3 0.39140625 0.61953125 0.053125 0.07421875
7 0.37578125 0.72109375 0.07109375 0.06328125
3 0.56953125 0.65546875 0.04609375 0.06875
0 0.5640625 0.71875 0.03984375 0.040625
3 0.76015625 0.615625 0.04765625 0.07578125
0 0.76015625 0.6953125 0.05390625 0.0484375
3 0.68828125 0.68828125 0.05859375 0.13046875
0 0.696875 0.83125 0.0796875 0.06875
8 0.87890625 0.78046875 0.08359375 0.12578125
1 0.15078125 0.68125 0.1 0.1203125
10 0.4 0.6609375 0.0875 0.159375
10 0.684375 0.74609375 0.16171875 0.2484375
10 0.759375 0.653125 0.09453125 0.1515625
1 0.23203125 0.68125 0.10078125 0.115625
1 0.31171875 0.69296875 0.0859375 0.08828125
1 0.5609375 0.6796875 0.10546875 0.11484375
1 0.86328125 0.76953125 0.15703125 0.1890625