10 0.071875 0.253125 0.0890625 0.128125
10 0.05703125 0.17578125 0.07421875 0.11171875
10 0.14140625 0.14375 0.04921875 0.07578125
10 0.3359375 0.14453125 0.05078125 0.090625
10 0.30703125 0.17578125 0.03984375 0.09375
10 0.37890625 0.14375 0.04140625 0.06640625
10 0.41953125 0.15625 0.05390625 0.08203125
10 0.478125 0.1640625 0.0390625 0.1
10 0.4765625 0.22109375 0.05546875 0.12578125
10 0.5234375 0.19296875 0.04921875 0.10078125
10 0.5515625 0.14296875 0.03671875 0.07890625
10 0.57109375 0.20625 0.0484375 0.0703125
10 0.63203125 0.2296875 0.05546875 0.10546875
10 0.64453125 0.36875 0.13515625 0.1796875
10 0.603125 0.33359375 0.06484375 0.13125
1 0.59765625 0.28984375 0.06796875 0.1
10 0.53828125 0.35546875 0.09453125 0.17578125
10 0.4453125 0.34453125 0.10078125 0.18828125
10 0.44765625 0.26796875 0.075 0.13046875
1 0.39765625 0.22421875 0.06015625 0.09453125
10 0.328125 0.30625 0.0734375 0.15390625
10 0.34140625 0.246875 0.04453125 0.13046875
10 0.26875 0.24375 0.0703125 0.1265625
10 0.275 0.34375 0.11328125 0.1796875
10 0.21328125 0.30390625 0.08203125 0.1453125
10 0.1625 0.3375 0.0984375 0.18046875
1 0.71015625 0.1796875 0.0375 0.05703125
1 0.73359375 0.1890625 0.0578125 0.0859375
10 0.76484375 0.21875 0.0484375 0.09609375
10 0.8125 0.215625 0.04921875 0.0953125
10 0.8859375 0.19296875 0.04921875 0.08984375
10 0.840625 0.30390625 0.07578125 0.11796875
10 0.90078125 0.340625 0.08046875 0.15546875
10 0.959375 0.3671875 0.08125 0.20625
3 0.0625 0.22421875 0.03671875 0.071875
3 0.053125 0.153125 0.0296875 0.06640625
3 0.078125 0.146875 0.02734375 0.0609375
1 0.09375 0.16796875 0.0546875 0.10078125
3 0.1375 0.13515625 0.0234375 0.05703125
6 0.33984375 0.128125 0.02109375 0.0515625
3 0.375 0.13515625 0.0203125 0.05
3 0.30078125 0.1609375 0.02578125 0.05625
6 0.28671875 0.21640625 0.0328125 0.06484375
6 0.3375 0.21484375 0.0296875 0.059375
3 0.32421875 0.28046875 0.0421875 0.0890625
6 0.2734375 0.30546875 0.040625 0.0984375
2 0.25703125 0.4203125 0.07578125 0.0296875
6 0.15234375 0.2953125 0.0421875 0.09609375
3 0.19453125 0.28046875 0.040625 0.090625
3 0.390625 0.2125 0.02890625 0.06796875
3 0.4234375 0.1453125 0.02265625 0.059375
6 0.44453125 0.1125 0.02109375 0.0453125
10 0.44453125 0.13125 0.02734375 0.08203125
6 0.471875 0.13515625 0.0234375 0.04453125
3 0.46328125 0.19453125 0.02734375 0.06875
6 0.44765625 0.23984375 0.03359375 0.07578125
6 0.45390625 0.2953125 0.04140625 0.08515625
3 0.525 0.17421875 0.025 0.05703125
6 0.553125 0.13046875 0.01953125 0.05
0 0.55703125 0.14296875 0.02421875 0.02890625
3 0.5734375 0.203125 0.025 0.053125
3 0.51953125 0.26875 0.03203125 0.08515625
6 0.5453125 0.31796875 0.03984375 0.09453125
2 0.515625 0.44375 0.03671875 0.03828125
3 0.6515625 0.334375 0.04765625 0.1015625
3 0.62265625 0.3140625 0.034375 0.08125
6 0.62734375 0.20625 0.0265625 0.059375
0 0.65390625 0.43046875 0.053125 0.04609375
3 0.71640625 0.17421875 0.01953125 0.04453125
3 0.74296875 0.17265625 0.02421875 0.053125
3 0.7953125 0.1921875 0.02421875 0.0546875
9 0.77421875 0.19609375 0.025 0.05390625
6 0.8140625 0.19296875 0.02421875 0.04609375
3 0.89453125 0.17421875 0.025 0.0546875
3 0.86015625 0.28125 0.02890625 0.0703125
7 0.846875 0.3421875 0.0421875 0.0265625
6 0.915625 0.30625 0.04296875 0.08046875
6 0.98125 0.31171875 0.03671875 0.09140625
2 0.8953125 0.415625 0.03203125 0.025
2 0.97890625 0.46953125 0.040625 0.03125