3 0.084375 0.6453125 0.05234375 0.10703125
3 0.14140625 0.628125 0.05859375 0.1
7 0.1296875 0.76875 0.10703125 0.07421875
3 0.05078125 0.61484375 0.0375 0.06640625
7 0.0171875 0.678125 0.03359375 0.04453125
3 0.259375 0.58515625 0.0515625 0.08125
7 0.2515625 0.66171875 0.07265625 0.05546875
3 0.4578125 0.55078125 0.04140625 0.08671875
0 0.4578125 0.63515625 0.05 0.04453125
3 0.3765625 0.61640625 0.06875 0.121875
0 0.365625 0.73046875 0.0578125 0.0484375
2 0.378125 0.77109375 0.0890625 0.03046875
3 0.621875 0.528125 0.0328125 0.0703125
3 0.6984375 0.50546875 0.04375 0.08359375
3 0.66328125 0.55546875 0.05 0.11875
9 0.74453125 0.56640625 0.05546875 0.1109375
7 0.79296875 0.70546875 0.0890625 0.09296875
3 0.9125 0.52890625 0.07109375 0.1203125
0 0.93515625 0.684375 0.06875 0.06875
10 0.0421875 0.63515625 0.059375 0.11875
10 0.0703125 0.68671875 0.13046875 0.20625
10 0.17734375 0.67890625 0.12578125 0.21015625
1 0.275 0.6109375 0.10390625 0.11953125
10 0.38125 0.66484375 0.15078125 0.21328125
10 0.46171875 0.58671875 0.08671875 0.14296875
10 0.61484375 0.56171875 0.0484375 0.13203125
10 0.64765625 0.61328125 0.10859375 0.21875
10 0.70078125 0.55390625 0.04375 0.16015625
10 0.7703125 0.61171875 0.15546875 0.2296875
10 0.91484375 0.59765625 0.15234375 0.24375
10 0.78671875 0.53359375 0.0984375 0.15