3 0.15390625 0.65546875 0.03984375 0.08125
0 0.12578125 0.71328125 0.04375 0.04375
3 0.2171875 0.62421875 0.040625 0.08046875
0 0.21796875 0.7234375 0.0453125 0.04375
6 0.30390625 0.609375 0.04140625 0.08046875
0 0.30390625 0.7296875 0.03984375 0.03671875
3 0.403125 0.61875 0.0390625 0.08125
7 0.37265625 0.7296875 0.075 0.040625
6 0.56953125 0.63046875 0.0375 0.071875
5 0.56953125 0.72421875 0.028125 0.03046875
3 0.7609375 0.63046875 0.04375 0.08515625
3 0.84921875 0.69375 0.0640625 0.13359375
5 0.8578125 0.86328125 0.05859375 0.03671875
9 0.66640625 0.6359375 0.059375 0.11953125
0 0.61640625 0.7359375 0.04765625 0.0546875
1 0.85703125 0.7421875 0.14140625 0.225
1 0.15 0.67890625 0.09609375 0.128125
10 0.23046875 0.66640625 0.09140625 0.1515625
10 0.3140625 0.6578125 0.08359375 0.165625
10 0.403125 0.66171875 0.09296875 0.15625
10 0.565625 0.70703125 0.08359375 0.2390625
10 0.671875 0.7109375 0.13125 0.271875
10 0.759375 0.65546875 0.09140625 0.13359375