6 0.13515625 0.4796875 0.05625 0.10703125
2 0.090625 0.64453125 0.1109375 0.05546875
6 0.25703125 0.50390625 0.05390625 0.1109375
0 0.20859375 0.646875 0.0421875 0.06875
6 0.38828125 0.484375 0.05 0.0984375
5 0.32109375 0.678125 0.0328125 0.03671875
6 0.43515625 0.49140625 0.03359375 0.07578125
8 0.6046875 0.56640625 0.05859375 0.09609375
8 0.7078125 0.56640625 0.05 0.08125
8 0.81484375 0.59921875 0.0546875 0.090625
8 0.75703125 0.67890625 0.07109375 0.11640625
10 0.13359375 0.54296875 0.15 0.22578125
10 0.25078125 0.5625 0.13125 0.21796875
10 0.38671875 0.571875 0.121875 0.26015625
10 0.45234375 0.534375 0.06171875 0.15
1 0.60078125 0.57890625 0.10546875 0.12890625
1 0.70390625 0.57890625 0.09453125 0.10859375
1 0.74296875 0.66640625 0.16171875 0.18046875
1 0.81484375 0.6109375 0.10546875 0.11171875