3 0.1125 0.4140625 0.028125 0.05078125
3 0.16328125 0.38203125 0.02421875 0.04453125
3 0.2078125 0.43359375 0.03125 0.0609375
0 0.1921875 0.48828125 0.03125 0.025
3 0.25703125 0.40625 0.02421875 0.04921875
3 0.24140625 0.35859375 0.01953125 0.03671875
3 0.30703125 0.34375 0.01796875 0.03671875
6 0.328125 0.4421875 0.0296875 0.065625
6 0.40390625 0.45078125 0.02734375 0.05078125
3 0.3640625 0.44296875 0.02578125 0.06015625
6 0.4015625 0.396875 0.02265625 0.0453125
6 0.44765625 0.3921875 0.01875 0.03828125
6 0.41640625 0.35390625 0.01953125 0.03671875
6 0.4421875 0.33046875 0.01796875 0.03515625
6 0.49140625 0.38046875 0.01796875 0.040625
3 0.47421875 0.33515625 0.01484375 0.03359375
6 0.5109375 0.44375 0.028125 0.05703125
6 0.51953125 0.39765625 0.01875 0.04375
6 0.57421875 0.39296875 0.0234375 0.04609375
6 0.58515625 0.48046875 0.02890625 0.06484375
6 0.534375 0.35625 0.01796875 0.034375
3 0.50546875 0.34140625 0.01640625 0.0390625
6 0.53828125 0.33125 0.0125 0.025
6 0.6015625 0.31953125 0.0140625 0.03203125
9 0.66484375 0.44296875 0.03203125 0.06171875
6 0.640625 0.44140625 0.01953125 0.0484375
9 0.65390625 0.37265625 0.02109375 0.04375
6 0.61875 0.36640625 0.0171875 0.0359375
6 0.71875 0.33125 0.01171875 0.02890625
3 0.77578125 0.35234375 0.01796875 0.0359375
3 0.7328125 0.35546875 0.01796875 0.03671875
6 0.75390625 0.36640625 0.01484375 0.03359375
3 0.80703125 0.37421875 0.01953125 0.04140625
3 0.85390625 0.35390625 0.0171875 0.04140625
3 0.83203125 0.38046875 0.01875 0.0390625
3 0.83203125 0.43125 0.02421875 0.053125
3 0.87890625 0.45546875 0.02265625 0.059375
6 0.92265625 0.453125 0.03203125 0.06484375
3 0.959375 0.4265625 0.02265625 0.0484375
6 0.9875 0.48046875 0.025 0.0765625
10 0.91640625 0.4921875 0.07734375 0.153125
10 0.86328125 0.47578125 0.05625 0.10625
10 0.8203125 0.39765625 0.04140625 0.06953125
10 0.84765625 0.359375 0.03515625 0.05625
10 0.753125 0.38046875 0.03359375 0.06328125
10 0.73046875 0.36796875 0.0328125 0.05546875
10 0.7765625 0.35546875 0.03046875 0.0515625
10 0.6671875 0.48125 0.071875 0.14140625
10 0.5875 0.49921875 0.06015625 0.09375
10 0.51484375 0.48046875 0.06484375 0.1296875
10 0.57890625 0.41640625 0.06015625 0.1
10 0.66015625 0.3859375 0.040625 0.06875
10 0.59765625 0.33046875 0.02734375 0.05703125
10 0.4890625 0.3921875 0.03515625 0.06796875
10 0.540625 0.38125 0.03359375 0.08046875
10 0.4125 0.48046875 0.08828125 0.1296875
10 0.31640625 0.47421875 0.08359375 0.13125
10 0.45078125 0.41796875 0.04140625 0.09453125
10 0.4421875 0.34296875 0.03359375 0.05859375
10 0.475 0.3359375 0.03125 0.04375
10 0.2109375 0.45625 0.059375 0.096875
10 0.26640625 0.4265625 0.05 0.0890625
1 0.115625 0.42265625 0.05234375 0.06953125
1 0.16640625 0.38359375 0.04453125 0.05546875
10 0.31171875 0.34765625 0.0359375 0.05625
10 0.61015625 0.378125 0.03515625 0.06171875
1 0.3671875 0.46015625 0.04921875 0.09453125
2 0.16328125 0.54296875 0.03515625 0.021875
1 0.81484375 0.44375 0.06015625 0.0796875
10 0.95703125 0.43515625 0.03515625 0.08125
10 0.796875 0.38046875 0.0453125 0.05390625
10 0.71328125 0.346875 0.03046875 0.06875
2 0.26875 0.459375 0.02578125 0.01953125