6 0.17109375 0.63046875 0.06484375 0.128125
5 0.14140625 0.7984375 0.04296875 0.04453125
3 0.32109375 0.59375 0.0421875 0.06484375
3 0.3171875 0.65546875 0.05078125 0.1109375
2 0.27578125 0.78203125 0.09453125 0.04453125
6 0.39375 0.590625 0.0421875 0.08515625
7 0.40390625 0.7015625 0.07109375 0.0484375
6 0.56953125 0.55546875 0.0375 0.07421875
9 0.5859375 0.64375 0.053125 0.10390625
5 0.59765625 0.81640625 0.03125 0.040625
3 0.6640625 0.6 0.040625 0.09609375
7 0.66953125 0.69375 0.046875 0.0390625
3 0.78359375 0.6265625 0.0578125 0.128125
0 0.8078125 0.78671875 0.03984375 0.06875
3 0.928125 0.65546875 0.06484375 0.1234375
2 0.96328125 0.81875 0.06796875 0.0515625
10 0.17890625 0.68359375 0.134375 0.23125
10 0.32578125 0.71171875 0.12109375 0.19609375
10 0.31875 0.5921875 0.07890625 0.0859375
10 0.4140625 0.63828125 0.103125 0.16640625
10 0.55 0.60546875 0.08046875 0.171875
10 0.596875 0.709375 0.1171875 0.2109375
10 0.665625 0.63125 0.08359375 0.16640625
10 0.7796875 0.68828125 0.146875 0.24453125
10 0.934375 0.70703125 0.13046875 0.21328125