6 0.1796875 0.59375 0.059375 0.1203125
5 0.14140625 0.76171875 0.034375 0.04375
3 0.278125 0.57265625 0.0359375 0.08046875
0 0.275 0.64375 0.03125 0.03359375
6 0.32265625 0.5765625 0.0625 0.11953125
0 0.290625 0.75859375 0.0546875 0.078125
3 0.403125 0.55546875 0.0453125 0.09453125
0 0.3953125 0.65390625 0.04375 0.04453125
3 0.57265625 0.56796875 0.03125 0.0796875
6 0.6 0.59296875 0.0546875 0.10390625
0 0.59609375 0.78046875 0.0578125 0.06328125
9 0.77109375 0.578125 0.0671875 0.13359375
0 0.76328125 0.76796875 0.05234375 0.05390625
6 0.87265625 0.61875 0.06484375 0.11875
2 0.91953125 0.8046875 0.1375 0.06875
1 0.40703125 0.59375 0.08828125 0.16875
1 0.553125 0.6046875 0.06953125 0.14609375
10 0.17578125 0.65 0.134375 0.228125
10 0.3171875 0.65078125 0.13359375 0.25546875
10 0.2734375 0.59453125 0.07109375 0.125
10 0.59375 0.6765625 0.14140625 0.2640625
10 0.7515625 0.65546875 0.12421875 0.2890625
10 0.87109375 0.6734375 0.1234375 0.23671875