6 0.19453125 0.59453125 0.0625 0.1109375
5 0.1390625 0.76328125 0.0375 0.04453125
3 0.290625 0.5734375 0.0375 0.08125
0 0.28828125 0.634375 0.025 0.0390625
6 0.33984375 0.5734375 0.0546875 0.11875
6 0.403125 0.5359375 0.0453125 0.08125
3 0.57109375 0.5796875 0.0328125 0.0703125
3 0.59765625 0.61328125 0.05625 0.11875
0 0.59609375 0.771875 0.0671875 0.07421875
6 0.75078125 0.56875 0.05859375 0.09609375
3 0.971875 0.640625 0.0515625 0.140625
1 0.5578125 0.609375 0.08359375 0.13984375
10 0.190625 0.64921875 0.13203125 0.2234375
10 0.34140625 0.64453125 0.13203125 0.2546875
10 0.29140625 0.59375 0.06640625 0.12578125
10 0.41015625 0.58828125 0.08515625 0.18046875
10 0.59375 0.67265625 0.14453125 0.2359375
10 0.734375 0.65234375 0.13984375 0.26953125
10 0.94609375 0.6890625 0.1078125 0.21953125