6 0.2171875 0.58046875 0.05 0.10703125
5 0.13828125 0.76796875 0.03203125 0.03515625
3 0.278125 0.56875 0.0390625 0.0890625
0 0.27890625 0.63984375 0.03203125 0.028125
6 0.3171875 0.58203125 0.05859375 0.13359375
0 0.29453125 0.740625 0.06015625 0.0890625
3 0.4 0.55546875 0.0453125 0.09609375
0 0.39453125 0.64921875 0.0375 0.05625
3 0.56953125 0.58046875 0.02890625 0.06640625
3 0.59765625 0.61953125 0.0625 0.13359375
0 0.59765625 0.76953125 0.071875 0.078125
6 0.73828125 0.56953125 0.0625 0.1109375
3 0.8609375 0.64140625 0.07109375 0.11328125
2 0.9125 0.8046875 0.14765625 0.06875
10 0.21015625 0.64375 0.11640625 0.234375
10 0.3171875 0.65703125 0.13984375 0.25078125
10 0.59453125 0.6796875 0.13671875 0.2296875
10 0.7359375 0.65546875 0.14140625 0.278125
10 0.85859375 0.68671875 0.1265625 0.20390625
1 0.278125 0.59921875 0.04609375 0.13125
1 0.4078125 0.59453125 0.08671875 0.1640625
1 0.559375 0.609375 0.08515625 0.13359375