6 0.18046875 0.59453125 0.0609375 0.128125
5 0.13828125 0.76328125 0.03359375 0.03671875
3 0.27890625 0.57265625 0.04140625 0.08046875
6 0.32265625 0.58046875 0.05625 0.12578125
0 0.27578125 0.640625 0.03359375 0.03671875
0 0.28828125 0.75625 0.05390625 0.06640625
3 0.403125 0.55546875 0.0390625 0.0890625
0 0.39140625 0.6515625 0.03125 0.059375
3 0.571875 0.5734375 0.0328125 0.08046875
6 0.60078125 0.59375 0.05390625 0.1015625
0 0.5953125 0.78203125 0.05625 0.059375
9 0.76953125 0.57890625 0.0625 0.13125
0 0.76640625 0.76875 0.04453125 0.059375
6 0.87265625 0.61875 0.0625 0.128125
2 0.91953125 0.80390625 0.1375 0.0515625
1 0.4046875 0.596875 0.09375 0.165625
1 0.55390625 0.603125 0.06875 0.1359375
10 0.17734375 0.653125 0.13203125 0.2296875
10 0.31875 0.653125 0.13515625 0.25703125
10 0.26875 0.5953125 0.0640625 0.12421875
10 0.59609375 0.671875 0.140625 0.26953125
10 0.75078125 0.65625 0.12578125 0.27890625
10 0.871875 0.67109375 0.12578125 0.23515625