6 0.17890625 0.590625 0.06484375 0.11484375
5 0.14140625 0.76015625 0.03359375 0.04296875
3 0.27890625 0.5734375 0.03984375 0.08125
0 0.27421875 0.64296875 0.0359375 0.02578125
6 0.32265625 0.578125 0.0625 0.121875
0 0.29140625 0.759375 0.05234375 0.078125
3 0.40390625 0.55546875 0.04296875 0.1
0 0.39296875 0.6515625 0.0390625 0.0484375
6 0.58828125 0.60546875 0.0625 0.121875
0 0.60625 0.77109375 0.05078125 0.06484375
9 0.80390625 0.590625 0.06171875 0.1296875
0 0.82265625 0.75546875 0.05078125 0.059375
3 0.89453125 0.61484375 0.07109375 0.12578125
2 0.91953125 0.80546875 0.13515625 0.071875
10 0.18046875 0.65 0.14296875 0.23125
10 0.3171875 0.6546875 0.1328125 0.25546875
10 0.59609375 0.67421875 0.13671875 0.23671875
10 0.7640625 0.66015625 0.1390625 0.26484375
10 0.88125 0.6734375 0.1171875 0.23203125
10 0.26875 0.5984375 0.0671875 0.13046875
1 0.41015625 0.5984375 0.08359375 0.16875
1 0.571875 0.603125 0.10390625 0.12890625