10 0.06796875 0.23515625 0.0859375 0.13125
10 0.1375 0.14140625 0.0546875 0.08359375
10 0.38046875 0.140625 0.0421875 0.06875
10 0.30625 0.17890625 0.0390625 0.09453125
10 0.34140625 0.25078125 0.053125 0.14296875
10 0.275 0.3484375 0.10859375 0.175
10 0.16875 0.3375 0.09609375 0.18046875
10 0.4203125 0.15703125 0.04765625 0.08203125
10 0.39765625 0.22109375 0.06640625 0.103125
10 0.45078125 0.26171875 0.07578125 0.13125
10 0.44140625 0.34609375 0.10390625 0.1859375
2 0.51484375 0.44296875 0.03984375 0.03828125
10 0.57109375 0.20625 0.0453125 0.07890625
10 0.525 0.26484375 0.0671875 0.12578125
10 0.53515625 0.34921875 0.08671875 0.1859375
10 0.63125 0.22890625 0.0578125 0.109375
10 0.6484375 0.3765625 0.13828125 0.175
1 0.7109375 0.178125 0.0375 0.05390625
1 0.740625 0.190625 0.05078125 0.08515625
1 0.79296875 0.18671875 0.04453125 0.071875
10 0.76328125 0.215625 0.04921875 0.09296875
10 0.815625 0.21796875 0.05546875 0.0890625
10 0.884375 0.18984375 0.0421875 0.0890625
10 0.8390625 0.29296875 0.06953125 0.1234375
10 0.90390625 0.340625 0.08359375 0.16328125
10 0.96015625 0.36640625 0.07890625 0.21328125
10 0.55390625 0.1640625 0.03828125 0.09375
10 0.040625 0.15859375 0.0421875 0.09453125
10 0.33125 0.14609375 0.04140625 0.0890625
10 0.47578125 0.2234375 0.05234375 0.12109375
1 0.2171875 0.3203125 0.06171875 0.109375
10 0.52578125 0.1984375 0.05 0.09140625
6 0.05703125 0.21015625 0.034375 0.0703125
3 0.046875 0.146875 0.0296875 0.0609375
3 0.12890625 0.13125 0.02578125 0.0546875
6 0.32578125 0.13046875 0.02265625 0.05390625
6 0.30078125 0.15703125 0.02578125 0.05390625
6 0.3375 0.21015625 0.03046875 0.06328125
3 0.378125 0.13203125 0.02109375 0.053125
3 0.4234375 0.14609375 0.02265625 0.0609375
3 0.40234375 0.20390625 0.0296875 0.06796875
3 0.465625 0.1953125 0.02734375 0.06484375
3 0.44296875 0.23828125 0.03125 0.0734375
6 0.43671875 0.29375 0.0390625 0.08203125
3 0.275 0.31484375 0.0484375 0.09609375
3 0.296875 0.2640625 0.03828125 0.0890625
10 0.3171875 0.30078125 0.08203125 0.165625
3 0.20390625 0.30859375 0.02890625 0.078125
6 0.171875 0.29453125 0.04296875 0.0953125
3 0.27421875 0.1984375 0.025 0.06640625
3 0.52578125 0.23984375 0.03203125 0.071875
3 0.53125 0.18203125 0.025 0.0515625
6 0.48515625 0.14140625 0.02265625 0.0453125
10 0.4890625 0.1640625 0.03671875 0.09375
3 0.55078125 0.1453125 0.02265625 0.05390625
6 0.5734375 0.1953125 0.02421875 0.05390625
6 0.63203125 0.20703125 0.02734375 0.06484375
6 0.534375 0.3 0.0421875 0.09296875
3 0.65390625 0.34296875 0.05078125 0.11171875
3 0.62109375 0.3109375 0.034375 0.08046875
10 0.60546875 0.3359375 0.0671875 0.13046875
3 0.71640625 0.1734375 0.01875 0.04375
9 0.7515625 0.178125 0.02421875 0.05390625
9 0.79453125 0.178125 0.02734375 0.0546875
3 0.7671875 0.196875 0.02265625 0.053125
6 0.82265625 0.20078125 0.02421875 0.0515625
6 0.85625 0.2671875 0.02734375 0.065625
3 0.8921875 0.171875 0.025 0.053125
6 0.91015625 0.2953125 0.03984375 0.07578125
6 0.9796875 0.3171875 0.03984375 0.096875
0 0.65234375 0.43203125 0.04765625 0.03828125