10 0.0640625 0.2453125 0.07890625 0.1203125
10 0.09765625 0.165625 0.053125 0.10546875
1 0.1375 0.1515625 0.04921875 0.078125
10 0.14609375 0.33984375 0.12734375 0.17578125
10 0.278125 0.35546875 0.1140625 0.15546875
1 0.2515625 0.25625 0.07265625 0.10078125
10 0.32265625 0.29375 0.08359375 0.1703125
10 0.303125 0.171875 0.03984375 0.08671875
10 0.38203125 0.13125 0.04609375 0.07421875
10 0.39765625 0.2171875 0.06640625 0.10859375
10 0.42265625 0.15859375 0.05234375 0.08671875
10 0.44453125 0.13046875 0.02890625 0.0796875
10 0.465625 0.21875 0.06640625 0.1296875
1 0.44765625 0.28046875 0.07265625 0.10390625
10 0.4453125 0.34765625 0.08984375 0.18046875
10 0.5328125 0.34609375 0.09140625 0.18828125
10 0.5171875 0.18359375 0.04765625 0.103125
10 0.56640625 0.17421875 0.06171875 0.0796875
10 0.56328125 0.2078125 0.04609375 0.0765625
10 0.6328125 0.22734375 0.08359375 0.11015625
1 0.59765625 0.28828125 0.06875 0.09453125
10 0.63984375 0.37265625 0.13359375 0.16953125
0 0.64453125 0.428125 0.05390625 0.04375
1 0.74296875 0.18828125 0.0515625 0.08125
10 0.76953125 0.21875 0.05546875 0.08671875
10 0.81328125 0.2140625 0.04921875 0.09453125
10 0.8875 0.19453125 0.0515625 0.0796875
10 0.83125 0.303125 0.0796875 0.11796875
10 0.89453125 0.34140625 0.08046875 0.1546875
10 0.95078125 0.284375 0.04140625 0.10546875
2 0.26015625 0.4265625 0.06953125 0.03515625
2 0.515625 0.44296875 0.03828125 0.03203125
2 0.978125 0.46875 0.04375 0.03125
10 0.340625 0.25078125 0.05390625 0.13828125
10 0.94609375 0.36796875 0.1078125 0.1953125
10 0.7015625 0.1765625 0.04296875 0.09921875
10 0.3265625 0.14453125 0.040625 0.08125
10 0.34140625 0.1359375 0.03046875 0.08125
10 0.0578125 0.19140625 0.07578125 0.09921875
1 0.21015625 0.31953125 0.06484375 0.115625
3 0.06640625 0.228125 0.03359375 0.07421875
3 0.05078125 0.1765625 0.03125 0.0640625
9 0.0875 0.14375 0.0296875 0.0609375
3 0.128125 0.14296875 0.02578125 0.05625
6 0.159375 0.3 0.04453125 0.09453125
3 0.26953125 0.3234375 0.04140625 0.084375
3 0.303125 0.25546875 0.03671875 0.090625
3 0.26328125 0.24296875 0.03359375 0.07421875
6 0.33203125 0.2140625 0.03125 0.06171875
6 0.303125 0.1609375 0.0234375 0.05546875
3 0.31953125 0.13203125 0.021875 0.053125
3 0.33671875 0.12109375 0.01953125 0.0484375
6 0.384375 0.11953125 0.01796875 0.04453125
3 0.39765625 0.1953125 0.02890625 0.06484375
3 0.4234375 0.14375 0.02265625 0.05625
9 0.44609375 0.11328125 0.0203125 0.04453125
6 0.46484375 0.18125 0.02890625 0.0515625
6 0.51328125 0.16171875 0.02265625 0.05546875
3 0.57734375 0.16015625 0.02421875 0.05
3 0.5640625 0.19453125 0.02265625 0.046875
6 0.5328125 0.29609375 0.040625 0.08515625
6 0.43984375 0.2953125 0.0359375 0.07578125
6 0.6234375 0.203125 0.02734375 0.06328125
3 0.61484375 0.28125 0.03203125 0.0765625
3 0.646875 0.340625 0.0484375 0.1015625
3 0.71171875 0.14921875 0.0171875 0.04453125
9 0.75390625 0.175 0.02421875 0.05546875
9 0.784375 0.203125 0.02421875 0.0515625
9 0.79453125 0.16875 0.02578125 0.05
3 0.81484375 0.1953125 0.0234375 0.05390625
3 0.8984375 0.18203125 0.02734375 0.05078125
3 0.853125 0.2796875 0.02734375 0.06875
6 0.91171875 0.303125 0.03828125 0.07578125
6 0.95390625 0.2625 0.02890625 0.05859375
3 0.9828125 0.32265625 0.03359375 0.10625