3 0.17578125 0.6296875 0.06640625 0.1296875
5 0.14453125 0.7984375 0.04453125 0.03359375
3 0.31875 0.59375 0.04140625 0.0609375
3 0.31953125 0.65546875 0.053125 0.11875
2 0.27578125 0.78046875 0.09765625 0.0515625
6 0.55703125 0.55546875 0.03671875 0.07578125
9 0.60078125 0.63046875 0.06015625 0.11328125
5 0.5953125 0.81875 0.02890625 0.03671875
3 0.665625 0.59375 0.0484375 0.090625
0 0.66953125 0.69140625 0.04609375 0.04296875
3 0.78203125 0.621875 0.05390625 0.13125
0 0.796875 0.78125 0.05625 0.0515625
3 0.9234375 0.65 0.06328125 0.11875
2 0.9609375 0.81875 0.071875 0.06640625
3 0.39453125 0.61875 0.04609375 0.08515625
0 0.40078125 0.70625 0.07109375 0.05
10 0.1796875 0.6921875 0.13203125 0.225
10 0.328125 0.70625 0.1203125 0.1984375
10 0.32578125 0.609375 0.065625 0.1109375
10 0.41796875 0.65078125 0.09296875 0.1484375
10 0.546875 0.6265625 0.0703125 0.23046875
10 0.59609375 0.7046875 0.121875 0.22578125
10 0.665625 0.628125 0.0875 0.165625
10 0.78515625 0.68125 0.14296875 0.253125
10 0.93515625 0.70390625 0.12890625 0.21484375