6 0.13515625 0.47578125 0.053125 0.1
2 0.0890625 0.64296875 0.1125 0.06328125
6 0.25703125 0.50390625 0.05390625 0.10390625
0 0.20703125 0.65 0.04609375 0.05546875
6 0.38828125 0.48515625 0.05234375 0.10703125
5 0.31953125 0.68125 0.03125 0.040625
6 0.4390625 0.49375 0.0375 0.08125
8 0.6046875 0.56953125 0.05703125 0.090625
8 0.71015625 0.56796875 0.04921875 0.08359375
8 0.81328125 0.60390625 0.05390625 0.0890625
8 0.75390625 0.68046875 0.07109375 0.13125
10 0.1359375 0.540625 0.1453125 0.22890625
10 0.25078125 0.56328125 0.1234375 0.21015625
10 0.38828125 0.56796875 0.11796875 0.253125
10 0.4484375 0.5359375 0.0734375 0.15625
1 0.603125 0.57578125 0.10703125 0.12890625
1 0.70390625 0.58125 0.09765625 0.121875
1 0.81796875 0.60703125 0.10078125 0.11640625
1 0.74609375 0.6640625 0.165625 0.18125