8 0.11328125 0.75390625 0.06640625 0.10703125
5 0.059375 0.83046875 0.0328125 0.03671875
6 0.23203125 0.59765625 0.03828125 0.08046875
0 0.20703125 0.68125 0.040625 0.0390625
8 0.24453125 0.7359375 0.0625 0.11953125
3 0.35 0.59375 0.04296875 0.08515625
0 0.33828125 0.68046875 0.03359375 0.0515625
3 0.52265625 0.61875 0.0375 0.07421875
5 0.52890625 0.70078125 0.0375 0.02421875
3 0.63125 0.60703125 0.0421875 0.08671875
7 0.62890625 0.69453125 0.06640625 0.04375
6 0.753125 0.59375 0.0578125 0.11328125
5 0.75390625 0.81796875 0.03828125 0.04375
6 0.87578125 0.62578125 0.059375 0.1109375
2 0.93828125 0.84453125 0.11640625 0.06953125
10 0.228125 0.621875 0.0890625 0.15625
10 0.35703125 0.63359375 0.08203125 0.16171875
10 0.51484375 0.6484375 0.10546875 0.13125
10 0.6265625 0.6390625 0.10078125 0.13515625
10 0.73125 0.68359375 0.171875 0.27421875
10 0.884375 0.69453125 0.12265625 0.24921875
1 0.11015625 0.74375 0.16640625 0.1796875
1 0.25703125 0.746875 0.146875 0.20546875