3 0.03515625 0.45625 0.059375 0.11875
2 0.03984375 0.58046875 0.07890625 0.08125
3 0.19453125 0.48203125 0.06171875 0.1109375
0 0.18203125 0.59921875 0.05390625 0.05625
6 0.32578125 0.43203125 0.05859375 0.10390625
0 0.275 0.60546875 0.0375 0.06484375
6 0.36953125 0.44140625 0.03515625 0.0609375
9 0.55546875 0.45234375 0.040625 0.07890625
6 0.6625 0.4859375 0.0359375 0.07109375
6 0.70390625 0.51171875 0.05 0.10859375
2 0.69140625 0.68046875 0.09140625 0.04609375
10 0.2046875 0.53046875 0.11640625 0.19375
10 0.3390625 0.51171875 0.15390625 0.2484375
10 0.3921875 0.49140625 0.07265625 0.15390625
10 0.54453125 0.49765625 0.09453125 0.16953125
10 0.63828125 0.51875 0.08828125 0.128125
10 0.6890625 0.56875 0.13984375 0.21484375
10 0.74140625 0.53046875 0.05703125 0.14453125
1 0.071875 0.5109375 0.1421875 0.20546875