10 0.065625 0.24375 0.0859375 0.11875
10 0.096875 0.15546875 0.05078125 0.11484375
10 0.13984375 0.1484375 0.0453125 0.06953125
10 0.16328125 0.35390625 0.09765625 0.14453125
10 0.27578125 0.35546875 0.11484375 0.15546875
1 0.203125 0.31796875 0.0859375 0.1234375
1 0.315625 0.309375 0.0859375 0.14453125
1 0.24765625 0.25546875 0.06953125 0.10546875
10 0.34375 0.2484375 0.06328125 0.14375
10 0.30703125 0.18046875 0.04296875 0.07578125
1 0.39765625 0.22421875 0.06015625 0.08046875
10 0.3359375 0.1515625 0.040625 0.0765625
10 0.38125 0.1421875 0.0421875 0.065625
10 0.41875 0.15625 0.05859375 0.0859375
10 0.47421875 0.159375 0.0421875 0.10625
1 0.51328125 0.19375 0.05078125 0.075
10 0.62578125 0.23046875 0.065625 0.10078125
1 0.57265625 0.17890625 0.06328125 0.06484375
10 0.56953125 0.20546875 0.05078125 0.07421875
10 0.44453125 0.346875 0.090625 0.18125
10 0.53515625 0.35625 0.08984375 0.17109375
10 0.63203125 0.35546875 0.09921875 0.171875
10 0.5265625 0.27734375 0.07109375 0.10859375
2 0.259375 0.4265625 0.06953125 0.03515625
2 0.51640625 0.44296875 0.03671875 0.03359375
1 0.7109375 0.17734375 0.03359375 0.05078125
1 0.73203125 0.19296875 0.05546875 0.075
10 0.7671875 0.215625 0.04765625 0.0859375
10 0.815625 0.21796875 0.05390625 0.084375
10 0.87578125 0.18984375 0.05078125 0.07421875
10 0.83203125 0.30390625 0.07734375 0.12109375
10 0.89375 0.34765625 0.09140625 0.14375
10 0.96015625 0.3625 0.07890625 0.20625
1 0.59765625 0.2859375 0.06640625 0.09453125
2 0.9796875 0.46875 0.040625 0.03359375
3 0.71796875 0.16796875 0.0171875 0.03984375
10 0.44375 0.13046875 0.0296875 0.08125
3 0.06328125 0.22265625 0.03359375 0.08046875
9 0.0875 0.13046875 0.02890625 0.06328125
3 0.13203125 0.14375 0.02421875 0.05703125
3 0.14140625 0.3296875 0.046875 0.0890625
3 0.18125 0.303125 0.03984375 0.0796875
3 0.26640625 0.31875 0.04453125 0.08828125
3 0.30234375 0.30625 0.0421875 0.08046875
3 0.26484375 0.24296875 0.03359375 0.07890625
6 0.340625 0.21328125 0.03046875 0.06328125
3 0.3046875 0.171875 0.025 0.05546875
6 0.33203125 0.13984375 0.02109375 0.0515625
3 0.3796875 0.13125 0.01953125 0.04921875
3 0.3875 0.21875 0.03359375 0.0609375
3 0.425 0.14375 0.0234375 0.05703125
6 0.440625 0.11015625 0.0203125 0.04453125
6 0.4703125 0.13046875 0.02265625 0.04609375
3 0.465625 0.19375 0.02734375 0.06484375
10 0.46875 0.221875 0.06953125 0.11953125
6 0.45 0.29453125 0.03828125 0.08046875
6 0.53515625 0.31640625 0.03984375 0.08515625
3 0.521875 0.25625 0.03515625 0.07578125
3 0.515625 0.1859375 0.02421875 0.05625
3 0.54609375 0.15078125 0.02265625 0.04921875
1 0.54375 0.15625 0.0421875 0.06171875
3 0.578125 0.16796875 0.02578125 0.046875
3 0.5734375 0.1953125 0.02265625 0.05390625
3 0.62578125 0.20625 0.02734375 0.06015625
6 0.62734375 0.31796875 0.04609375 0.09375
3 0.7421875 0.18125 0.025 0.05078125
3 0.79453125 0.1890625 0.025 0.053125
6 0.76953125 0.19296875 0.021875 0.04921875
3 0.8234375 0.2046875 0.02265625 0.0515625
3 0.8875 0.17890625 0.0265625 0.0515625
3 0.853125 0.27890625 0.03203125 0.06875
7 0.84375 0.33671875 0.0421875 0.03046875
3 0.91796875 0.31953125 0.03984375 0.08046875
6 0.98125 0.309375 0.0375 0.09375