8 0.0859375 0.74375 0.07109375 0.11640625
5 0.04453125 0.84609375 0.05859375 0.05
6 0.2421875 0.659375 0.05703125 0.11953125
2 0.18828125 0.84140625 0.109375 0.05390625
6 0.23515625 0.58046875 0.04609375 0.0515625
6 0.3484375 0.5796875 0.04609375 0.0703125
5 0.32578125 0.709375 0.01875 0.01953125
2 0.35625 0.70703125 0.028125 0.028125
6 0.48828125 0.5734375 0.04140625 0.06953125
6 0.596875 0.56640625 0.040625 0.078125
3 0.5296875 0.6953125 0.05390625 0.1203125
0 0.5375 0.809375 0.0546875 0.05625
6 0.70625 0.61171875 0.0515625 0.09921875
5 0.69765625 0.81953125 0.03359375 0.04375
3 0.8421875 0.68359375 0.05859375 0.109375
2 0.8859375 0.828125 0.08828125 0.0515625
5 0.61328125 0.70625 0.02421875 0.02578125
1 0.10859375 0.7359375 0.1390625 0.20390625
10 0.23515625 0.71875 0.12421875 0.22109375
10 0.246875 0.6265625 0.0859375 0.1390625
10 0.34453125 0.6234375 0.08203125 0.165625
10 0.48203125 0.62578125 0.10703125 0.16953125
10 0.5328125 0.73203125 0.13984375 0.19453125
10 0.6 0.61875 0.078125 0.165625
10 0.71015625 0.69140625 0.11953125 0.25390625
10 0.8546875 0.721875 0.12578125 0.19140625