10 0.06640625 0.24140625 0.08828125 0.12421875
10 0.09140625 0.165625 0.05546875 0.1140625
10 0.134375 0.14296875 0.0578125 0.08046875
10 0.3796875 0.1375 0.05234375 0.075
10 0.30703125 0.175 0.03828125 0.09453125
10 0.26015625 0.246875 0.07421875 0.14453125
10 0.340625 0.2484375 0.0609375 0.13046875
1 0.31875 0.31640625 0.08828125 0.13125
1 0.26328125 0.36796875 0.12734375 0.13828125
10 0.1609375 0.33828125 0.10625 0.18046875
10 0.41875 0.15546875 0.05546875 0.08515625
10 0.39765625 0.21875 0.06015625 0.09375
10 0.45078125 0.253125 0.07734375 0.1453125
10 0.4453125 0.34296875 0.10546875 0.1953125
2 0.51484375 0.44296875 0.03984375 0.03828125
10 0.515625 0.18359375 0.0484375 0.1
10 0.5734375 0.20625 0.05703125 0.08203125
10 0.52578125 0.25625 0.06796875 0.13828125
10 0.54140625 0.35625 0.09375 0.17890625
10 0.64765625 0.2296875 0.05859375 0.11484375
10 0.6359375 0.3796875 0.09921875 0.140625
1 0.709375 0.17890625 0.0390625 0.05859375
1 0.73203125 0.19296875 0.059375 0.08203125
1 0.79609375 0.19140625 0.04453125 0.06484375
10 0.76328125 0.21875 0.05234375 0.09296875
10 0.81640625 0.21875 0.05546875 0.09296875
10 0.88515625 0.18984375 0.04375 0.090625
10 0.86875 0.24921875 0.03984375 0.09453125
10 0.83671875 0.29296875 0.0640625 0.1234375
10 0.90703125 0.33671875 0.08203125 0.15859375
10 0.95625 0.35625 0.0875 0.21875
10 0.54296875 0.153125 0.0359375 0.07890625
3 0.0640625 0.21875 0.03359375 0.07421875
3 0.0484375 0.16171875 0.03046875 0.06875
3 0.0796875 0.14140625 0.02890625 0.06484375
3 0.128125 0.134375 0.02578125 0.05546875
10 0.32265625 0.146875 0.03515625 0.09453125
9 0.33828125 0.11875 0.02109375 0.05
3 0.3796875 0.128125 0.021875 0.05546875
3 0.31875 0.13125 0.02265625 0.0546875
3 0.30078125 0.15703125 0.02578125 0.0546875
6 0.3390625 0.17421875 0.02578125 0.05625
3 0.4234375 0.14375 0.02265625 0.06015625
3 0.38515625 0.21328125 0.03125 0.0640625
6 0.471875 0.13828125 0.02265625 0.05
3 0.46015625 0.18828125 0.02578125 0.0640625
3 0.5140625 0.16796875 0.02421875 0.06015625
3 0.5375 0.13671875 0.01953125 0.04453125
9 0.57890625 0.190625 0.02734375 0.05078125
3 0.5265625 0.22890625 0.02890625 0.075
9 0.4421875 0.21875 0.034375 0.07421875
6 0.34453125 0.21484375 0.03203125 0.059375
6 0.26484375 0.21640625 0.03515625 0.07109375
6 0.1609375 0.2984375 0.04609375 0.09375
3 0.23984375 0.3515625 0.0484375 0.09921875
3 0.315625 0.30546875 0.03984375 0.09296875
6 0.45703125 0.29140625 0.03828125 0.084375
3 0.54375 0.31875 0.04140625 0.10390625
3 0.634375 0.3546875 0.0453125 0.090625
3 0.62109375 0.30390625 0.0359375 0.06875
3 0.61328125 0.26875 0.034375 0.06953125
6 0.6515625 0.20546875 0.02890625 0.06484375
3 0.71640625 0.16875 0.02109375 0.04140625
3 0.7453125 0.18125 0.025 0.053125
3 0.80078125 0.1859375 0.025 0.0546875
3 0.825 0.2015625 0.02421875 0.053125
3 0.89296875 0.16953125 0.0265625 0.0515625
3 0.925 0.3 0.04296875 0.08125
6 0.76953125 0.196875 0.021875 0.04375
6 0.8375 0.26328125 0.0296875 0.06171875
6 0.86953125 0.23046875 0.028125 0.05078125
6 0.9828125 0.30078125 0.03359375 0.09921875