6 0.1921875 0.59375 0.06796875 0.10703125
5 0.14140625 0.76484375 0.03359375 0.040625
3 0.290625 0.5796875 0.0359375 0.08515625
6 0.33828125 0.56875 0.05 0.109375
6 0.40078125 0.5359375 0.03984375 0.09453125
0 0.28828125 0.64375 0.02890625 0.03515625
3 0.56796875 0.58046875 0.0359375 0.07578125
3 0.59765625 0.60546875 0.059375 0.12578125
0 0.5859375 0.77578125 0.04609375 0.06328125
3 0.765625 0.56875 0.0390625 0.06328125
6 0.80703125 0.56875 0.05546875 0.11484375
3 0.96953125 0.63828125 0.05546875 0.14453125
1 0.55546875 0.60546875 0.0765625 0.1390625
1 0.74765625 0.609375 0.08828125 0.146875
10 0.190625 0.653125 0.1359375 0.22578125
10 0.29140625 0.596875 0.06171875 0.121875
10 0.340625 0.64296875 0.13046875 0.25703125
10 0.41171875 0.5890625 0.08359375 0.18671875
10 0.5953125 0.66953125 0.13984375 0.253125
10 0.7984375 0.653125 0.14453125 0.27578125
10 0.9421875 0.6921875 0.11484375 0.22109375