10 0.065625 0.24375 0.0828125 0.11484375
10 0.0578125 0.1875 0.075 0.1046875
10 0.09140625 0.16796875 0.05859375 0.103125
10 0.1359375 0.14921875 0.04921875 0.071875
10 0.1609375 0.33125 0.10390625 0.17890625
10 0.27734375 0.35546875 0.11640625 0.159375
1 0.2140625 0.31953125 0.06171875 0.1140625
1 0.321875 0.309375 0.09609375 0.14453125
1 0.2515625 0.25078125 0.06953125 0.10546875
10 0.3453125 0.25 0.05859375 0.13359375
10 0.30546875 0.18125 0.04453125 0.08125
1 0.396875 0.221875 0.0546875 0.08828125
10 0.3375 0.14375 0.04921875 0.1
10 0.3796875 0.14296875 0.04296875 0.06328125
10 0.421875 0.15859375 0.05703125 0.08671875
10 0.475 0.1609375 0.04296875 0.10625
10 0.4703125 0.21875 0.065625 0.13515625
10 0.44765625 0.26953125 0.07578125 0.1203125
10 0.5234375 0.18203125 0.05 0.1046875
10 0.628125 0.22890625 0.0578125 0.10546875
1 0.56953125 0.1734375 0.05546875 0.06875
1 0.5671875 0.21640625 0.046875 0.065625
10 0.44375 0.35625 0.09765625 0.16875
10 0.53828125 0.35625 0.096875 0.17890625
10 0.6453125 0.37421875 0.13828125 0.1703125
10 0.60625 0.33125 0.0703125 0.13046875
1 0.51640625 0.28203125 0.05 0.096875
2 0.259375 0.4265625 0.06953125 0.03515625
2 0.51328125 0.44296875 0.0375 0.03203125
1 0.7109375 0.17734375 0.03671875 0.053125
1 0.7359375 0.1921875 0.06171875 0.0765625
10 0.76875 0.21328125 0.0484375 0.09296875
10 0.81640625 0.221875 0.05 0.08046875
10 0.88515625 0.19921875 0.04453125 0.06953125
1 0.8390625 0.30390625 0.08046875 0.1109375
10 0.9125 0.34296875 0.09609375 0.13984375
10 0.959375 0.36796875 0.08125 0.2046875
1 0.59765625 0.29140625 0.06640625 0.0953125
3 0.065625 0.2265625 0.0328125 0.075
3 0.04375 0.16875 0.0328125 0.06484375
3 0.07578125 0.15 0.02890625 0.06640625
3 0.12734375 0.14140625 0.0265625 0.05703125
3 0.3375 0.1234375 0.0234375 0.0546875
3 0.30390625 0.1734375 0.02578125 0.05859375
3 0.265625 0.23671875 0.03515625 0.08046875
6 0.34296875 0.21953125 0.03046875 0.0734375
3 0.3765625 0.1359375 0.01953125 0.0453125
3 0.421875 0.1453125 0.0234375 0.059375
6 0.44140625 0.10546875 0.02109375 0.04609375
10 0.44375 0.12578125 0.03046875 0.08046875
6 0.47265625 0.134375 0.02265625 0.0515625
3 0.390625 0.21640625 0.03125 0.065625
3 0.296875 0.2953125 0.03984375 0.08359375
3 0.26796875 0.32109375 0.0453125 0.0890625
6 0.4640625 0.18046875 0.02890625 0.059375
6 0.521875 0.159375 0.02421875 0.05546875
3 0.54375 0.153125 0.02109375 0.04921875
3 0.58046875 0.17109375 0.02578125 0.05546875
3 0.56875 0.21015625 0.02421875 0.05546875
3 0.5265625 0.271875 0.02890625 0.075
3 0.43984375 0.25 0.03203125 0.0796875
3 0.45078125 0.321875 0.0375 0.0890625
3 0.203125 0.30625 0.03671875 0.08203125
6 0.16328125 0.29140625 0.04296875 0.09453125
6 0.62578125 0.20625 0.02421875 0.06328125
6 0.61328125 0.278125 0.03359375 0.0734375
6 0.5421875 0.31640625 0.040625 0.09375
3 0.625 0.31171875 0.0328125 0.08125
3 0.65234375 0.34140625 0.0484375 0.10625
0 0.65625 0.43203125 0.05390625 0.040625
3 0.7171875 0.17265625 0.01875 0.04375
9 0.753125 0.18046875 0.02578125 0.05390625
9 0.77734375 0.19375 0.02421875 0.0515625
9 0.796875 0.1859375 0.02421875 0.0453125
3 0.8234375 0.20703125 0.02265625 0.0515625
3 0.89453125 0.19140625 0.02421875 0.05390625
3 0.8625 0.28359375 0.03203125 0.075
7 0.853125 0.34140625 0.0421875 0.0265625
3 0.91640625 0.28046875 0.03515625 0.071875
9 0.93984375 0.315625 0.03984375 0.08359375
6 0.98359375 0.31328125 0.0328125 0.09296875
2 0.89375 0.41640625 0.03515625 0.02578125
2 0.97890625 0.46875 0.03984375 0.03125