3 0.034375 0.46484375 0.05859375 0.1109375
2 0.0421875 0.58046875 0.08359375 0.08125
3 0.19765625 0.48046875 0.0625 0.1109375
0 0.1796875 0.6046875 0.04921875 0.05390625
6 0.32578125 0.43203125 0.05234375 0.10390625
0 0.275 0.60546875 0.0390625 0.05546875
6 0.36953125 0.44375 0.0375 0.0609375
9 0.55703125 0.45390625 0.04453125 0.08515625
6 0.66015625 0.4859375 0.040625 0.06953125
6 0.6984375 0.5140625 0.05390625 0.1015625
2 0.68828125 0.67890625 0.08203125 0.05
10 0.209375 0.5296875 0.1265625 0.190625
10 0.3359375 0.5109375 0.15546875 0.25
10 0.39140625 0.49296875 0.07109375 0.16171875
10 0.546875 0.49921875 0.0984375 0.16875
10 0.63828125 0.51875 0.08671875 0.12421875
10 0.6859375 0.56953125 0.13828125 0.21796875
10 0.740625 0.53125 0.0578125 0.153125
1 0.0734375 0.5109375 0.13828125 0.20078125