8 0.11328125 0.76328125 0.06015625 0.12578125
5 0.0578125 0.83125 0.03515625 0.03359375
3 0.23125 0.60546875 0.0421875 0.08515625
0 0.21171875 0.68046875 0.0359375 0.03125
8 0.24453125 0.74140625 0.0625 0.11640625
3 0.3484375 0.5984375 0.04140625 0.09453125
0 0.33828125 0.68203125 0.03359375 0.05
3 0.52578125 0.61875 0.04140625 0.08046875
5 0.52890625 0.70390625 0.03125 0.0296875
3 0.62890625 0.61875 0.04140625 0.08515625
7 0.62265625 0.69375 0.06171875 0.059375
6 0.75234375 0.5984375 0.0546875 0.11875
5 0.75546875 0.8265625 0.0359375 0.0390625
6 0.87578125 0.61953125 0.05859375 0.0984375
2 0.93828125 0.84375 0.11640625 0.05703125
1 0.10546875 0.73671875 0.15234375 0.190625
1 0.2578125 0.74609375 0.1484375 0.20546875
10 0.2328125 0.62421875 0.11484375 0.13046875
10 0.35234375 0.63828125 0.09296875 0.16640625
10 0.51640625 0.64375 0.10546875 0.13125
10 0.628125 0.64375 0.1078125 0.15
10 0.734375 0.684375 0.17265625 0.26953125
10 0.87890625 0.7015625 0.115625 0.24921875