8 0.08984375 0.7859375 0.0703125 0.11796875
5 0.04921875 0.90390625 0.0515625 0.0296875
6 0.24140625 0.69453125 0.065625 0.1015625
6 0.24140625 0.62890625 0.03671875 0.05859375
2 0.18984375 0.89296875 0.11484375 0.05546875
6 0.3515625 0.6265625 0.03671875 0.06875
5 0.328125 0.76171875 0.02109375 0.0234375
2 0.35546875 0.7609375 0.0359375 0.02578125
6 0.49140625 0.61640625 0.034375 0.0734375
6 0.5984375 0.615625 0.04140625 0.08359375
5 0.615625 0.74765625 0.028125 0.03046875
6 0.6984375 0.6484375 0.06015625 0.10625
3 0.5265625 0.73046875 0.06484375 0.11875
0 0.5375 0.8546875 0.0578125 0.05703125
5 0.6984375 0.86328125 0.0375 0.03671875
3 0.8390625 0.6984375 0.06015625 0.10859375
2 0.89140625 0.85625 0.096875 0.059375
1 0.1078125 0.78828125 0.140625 0.20546875
10 0.23828125 0.7671875 0.12109375 0.22890625
10 0.25 0.6734375 0.0875 0.14375
10 0.346875 0.67109375 0.08359375 0.15703125
10 0.48828125 0.665625 0.11171875 0.16484375
10 0.5328125 0.77890625 0.140625 0.19921875
10 0.60078125 0.65859375 0.07890625 0.1640625
10 0.7125 0.72890625 0.12109375 0.25390625
10 0.8578125 0.7484375 0.13046875 0.2203125