8 0.0875 0.7703125 0.0765625 0.121875
5 0.0484375 0.89921875 0.053125 0.03125
6 0.25703125 0.6953125 0.05390625 0.1015625
2 0.19140625 0.89296875 0.125 0.059375
6 0.24375 0.6296875 0.0453125 0.059375
6 0.3484375 0.61953125 0.03828125 0.071875
5 0.32578125 0.7609375 0.02578125 0.021875
2 0.35703125 0.7640625 0.03515625 0.028125
6 0.47578125 0.6234375 0.04140625 0.0796875
6 0.60078125 0.61640625 0.04140625 0.08515625
5 0.61328125 0.74609375 0.025 0.03046875
3 0.5234375 0.72421875 0.06015625 0.1296875
0 0.53359375 0.85703125 0.04296875 0.059375
6 0.70078125 0.64921875 0.05390625 0.11640625
5 0.6984375 0.86640625 0.02890625 0.04453125
3 0.83984375 0.721875 0.0609375 0.1109375
2 0.8921875 0.86640625 0.10859375 0.059375
1 0.1125 0.7890625 0.15234375 0.20546875
10 0.253125 0.759375 0.12421875 0.21875
10 0.23671875 0.678125 0.05703125 0.14921875
10 0.34765625 0.67421875 0.08515625 0.165625
10 0.4875 0.66953125 0.07265625 0.15625
10 0.53125 0.775 0.13828125 0.20703125
10 0.59921875 0.66171875 0.08359375 0.16875
10 0.71171875 0.72890625 0.1265625 0.25859375
10 0.85859375 0.7640625 0.1234375 0.18125