10 0.06875 0.24296875 0.0859375 0.13046875
1 0.1375 0.15078125 0.0484375 0.06953125
10 0.38203125 0.13359375 0.03203125 0.07109375
10 0.30390625 0.16640625 0.03984375 0.07421875
10 0.3390625 0.246875 0.05859375 0.1390625
10 0.27421875 0.34453125 0.10859375 0.1765625
10 0.165625 0.33671875 0.09765625 0.18046875
10 0.42578125 0.15625 0.03984375 0.07890625
10 0.39765625 0.2109375 0.06484375 0.11953125
1 0.44765625 0.27109375 0.07421875 0.12890625
10 0.44765625 0.346875 0.103125 0.18984375
2 0.51484375 0.44296875 0.03984375 0.03828125
10 0.571875 0.20625 0.0515625 0.078125
10 0.5375 0.35078125 0.09140625 0.18125
10 0.63203125 0.22890625 0.05546875 0.10546875
10 0.64765625 0.36328125 0.13359375 0.18828125
1 0.7109375 0.178125 0.0375 0.05390625
1 0.7359375 0.190625 0.05078125 0.08515625
10 0.76328125 0.215625 0.04765625 0.09296875
1 0.8140625 0.22265625 0.05 0.08046875
10 0.884375 0.18984375 0.0421875 0.0890625
10 0.83828125 0.29375 0.06953125 0.12421875
10 0.90390625 0.34921875 0.08046875 0.134375
10 0.03515625 0.15703125 0.04609375 0.08828125
10 0.34453125 0.14453125 0.065625 0.09140625
10 0.478125 0.2234375 0.05546875 0.11875
10 0.215625 0.29609375 0.08359375 0.15625
10 0.521875 0.18828125 0.04921875 0.1
2 0.25625 0.41875 0.0734375 0.03359375
1 0.3125 0.31640625 0.06484375 0.15625
1 0.60078125 0.29140625 0.06328125 0.09375
10 0.55390625 0.1640625 0.04296875 0.0984375
10 0.06015625 0.18046875 0.07734375 0.10390625
1 0.79609375 0.1890625 0.03828125 0.07421875
3 0.065625 0.21953125 0.03203125 0.0796875
3 0.128125 0.14296875 0.02421875 0.05625
6 0.065625 0.1578125 0.0296875 0.0546875
6 0.04375 0.14375 0.02890625 0.05546875
9 0.35390625 0.1265625 0.02578125 0.05
3 0.37578125 0.12578125 0.01796875 0.05546875
6 0.3 0.15703125 0.02578125 0.05546875
6 0.3375 0.21015625 0.0296875 0.05703125
6 0.29765625 0.22578125 0.0375 0.05625
3 0.2734375 0.20078125 0.02734375 0.06640625
8 0.309375 0.3109375 0.0390625 0.090625
6 0.27421875 0.29921875 0.04375 0.08203125
6 0.15625 0.29453125 0.04296875 0.09296875
3 0.2109375 0.265625 0.03984375 0.09140625
3 0.42265625 0.1484375 0.02421875 0.05703125
6 0.45078125 0.11640625 0.02421875 0.046875
6 0.47890625 0.1390625 0.02265625 0.04921875
10 0.48203125 0.16171875 0.03125 0.0953125
3 0.4640625 0.19609375 0.02578125 0.06484375
6 0.4 0.18046875 0.0296875 0.059375
3 0.44453125 0.24296875 0.03515625 0.0734375
6 0.446875 0.29765625 0.0421875 0.08203125
6 0.51484375 0.16328125 0.02578125 0.05546875
6 0.559375 0.140625 0.0234375 0.0484375
6 0.57578125 0.19609375 0.02421875 0.04921875
6 0.6265625 0.20625 0.02578125 0.05859375
6 0.53828125 0.3140625 0.04375 0.103125
6 0.63046875 0.31875 0.04765625 0.1
0 0.653125 0.42578125 0.0484375 0.05
3 0.71796875 0.17265625 0.0171875 0.04375
3 0.7453125 0.1765625 0.02578125 0.05390625
3 0.7921875 0.18046875 0.02578125 0.05546875
6 0.76875 0.19375 0.025 0.04921875
9 0.8171875 0.20703125 0.02890625 0.04921875
3 0.8921875 0.171875 0.025 0.05078125
9 0.853125 0.2703125 0.03203125 0.0703125
3 0.90546875 0.27109375 0.0390625 0.071875
3 0.91875 0.32578125 0.04140625 0.08203125