3 0.20703125 0.446875 0.02890625 0.0609375
1 0.2078125 0.45625 0.07109375 0.08125
3 0.11484375 0.41171875 0.02734375 0.053125
1 0.11953125 0.41796875 0.05546875 0.06953125
3 0.165625 0.38203125 0.02109375 0.0484375
10 0.16875 0.3890625 0.0453125 0.06015625
3 0.25703125 0.40546875 0.02109375 0.04140625
10 0.2671875 0.41875 0.046875 0.07421875
5 0.25 0.45234375 0.01171875 0.0140625
6 0.246875 0.353125 0.02109375 0.04375
10 0.24921875 0.359375 0.03515625 0.05625
3 0.28125 0.3515625 0.01875 0.04453125
10 0.28828125 0.3640625 0.03828125 0.065625
3 0.3046875 0.3390625 0.01796875 0.04140625
10 0.309375 0.34296875 0.0296875 0.053125
3 0.30703125 0.45625 0.028125 0.065625
10 0.315625 0.48046875 0.07109375 0.12421875
6 0.40390625 0.45546875 0.02890625 0.06171875
10 0.4109375 0.48125 0.08671875 0.12109375
3 0.36328125 0.44609375 0.02421875 0.05625
1 0.3640625 0.46015625 0.05703125 0.08125
6 0.3875 0.39375 0.0234375 0.040625
10 0.390625 0.43125 0.0421875 0.04921875
6 0.45 0.40546875 0.0203125 0.04453125
10 0.453125 0.421875 0.040625 0.08125
6 0.41640625 0.35390625 0.01796875 0.03515625
10 0.41953125 0.38046875 0.03515625 0.0359375
3 0.446875 0.36875 0.01640625 0.03671875
3 0.4390625 0.33515625 0.015625 0.04296875
10 0.43984375 0.35546875 0.0328125 0.04453125
6 0.4859375 0.375 0.01875 0.04296875
10 0.48828125 0.39296875 0.03828125 0.06953125
6 0.51015625 0.44296875 0.02578125 0.05859375
10 0.51328125 0.48046875 0.06171875 0.13515625
3 0.47265625 0.33203125 0.01484375 0.03125
3 0.50625 0.34140625 0.0140625 0.0359375
3 0.540625 0.33359375 0.0171875 0.034375
10 0.54296875 0.3890625 0.04453125 0.0890625
3 0.51640625 0.4109375 0.02109375 0.04453125
3 0.53671875 0.36875 0.01953125 0.04453125
6 0.57578125 0.46796875 0.02578125 0.06171875
10 0.5828125 0.49296875 0.06796875 0.1140625
3 0.5875 0.41796875 0.021875 0.0453125
1 0.58125 0.43046875 0.05703125 0.07421875
6 0.66875 0.45546875 0.03203125 0.0640625
10 0.66796875 0.484375 0.07109375 0.13046875
6 0.646875 0.44140625 0.0203125 0.04921875
10 0.63828125 0.46640625 0.04296875 0.1
3 0.63203125 0.40625 0.021875 0.04921875
10 0.63203125 0.428125 0.04296875 0.08671875
3 0.58203125 0.375 0.01796875 0.040625
1 0.57578125 0.3734375 0.03359375 0.04453125
6 0.6171875 0.365625 0.015625 0.03125
10 0.6125 0.3734375 0.0359375 0.05625
6 0.65546875 0.3734375 0.0171875 0.04375
10 0.66171875 0.3921875 0.03828125 0.075
6 0.603125 0.33046875 0.01484375 0.0296875
10 0.60078125 0.34296875 0.028125 0.0609375
3 0.721875 0.34765625 0.01328125 0.03046875
1 0.715625 0.353125 0.0265625 0.04296875
3 0.734375 0.35625 0.01484375 0.0359375
10 0.73125 0.36640625 0.03359375 0.0609375
3 0.77578125 0.35234375 0.01640625 0.0359375
9 0.75703125 0.36640625 0.01640625 0.03828125
10 0.7515625 0.38046875 0.034375 0.06484375
3 0.79765625 0.36796875 0.01640625 0.03984375
10 0.79453125 0.37890625 0.03671875 0.06328125
3 0.83828125 0.34140625 0.015625 0.0359375
10 0.840625 0.353125 0.0390625 0.0609375
3 0.8390625 0.39140625 0.02109375 0.03515625
9 0.82265625 0.415625 0.02265625 0.0453125
10 0.809375 0.440625 0.05078125 0.096875
3 0.8546875 0.41796875 0.02421875 0.04921875
3 0.87890625 0.45546875 0.02734375 0.059375
10 0.86328125 0.47890625 0.05703125 0.0984375
3 0.95625 0.41953125 0.02109375 0.04453125
10 0.95625 0.434375 0.0375 0.08125
6 0.92109375 0.4515625 0.0328125 0.06015625
10 0.91875 0.48984375 0.07421875 0.1484375
9 0.984375 0.49140625 0.03125 0.0671875
10 0.421875 0.365625 0.03515625 0.06875
10 0.475 0.33671875 0.02890625 0.04375
10 0.50625 0.3484375 0.0359375 0.05625