6 0.215625 0.578125 0.0546875 0.10390625
5 0.1390625 0.76484375 0.0375 0.040625
3 0.278125 0.56875 0.04375 0.08671875
0 0.27578125 0.634375 0.03359375 0.03671875
6 0.3171875 0.58046875 0.0625 0.1203125
0 0.29296875 0.7375 0.0515625 0.09375
3 0.3984375 0.55546875 0.04453125 0.09609375
0 0.39296875 0.646875 0.0390625 0.06953125
3 0.565625 0.58046875 0.0390625 0.06875
3 0.6 0.61953125 0.0546875 0.11953125
0 0.59609375 0.7703125 0.0671875 0.07578125
6 0.73828125 0.56640625 0.059375 0.1109375
3 0.86015625 0.63671875 0.06640625 0.11953125
2 0.90859375 0.80390625 0.1453125 0.06640625
1 0.27890625 0.60078125 0.04765625 0.13671875
1 0.40703125 0.59609375 0.0890625 0.16796875
1 0.56015625 0.615625 0.08671875 0.1359375
10 0.20859375 0.646875 0.115625 0.2359375
10 0.31328125 0.65703125 0.14765625 0.25625
10 0.59375 0.6765625 0.1359375 0.2390625
10 0.7359375 0.65546875 0.13984375 0.2765625
10 0.859375 0.68671875 0.1265625 0.2109375