3 0.1234375 0.50546875 0.05546875 0.1109375
7 0.0890625 0.63828125 0.10625 0.06875
6 0.253125 0.50703125 0.0546875 0.10703125
0 0.2078125 0.6546875 0.04140625 0.0609375
6 0.39140625 0.48984375 0.05234375 0.08671875
2 0.3359375 0.6859375 0.09609375 0.05546875
6 0.440625 0.49140625 0.0390625 0.07578125
3 0.60078125 0.5015625 0.04140625 0.08515625
0 0.59453125 0.6 0.02890625 0.04453125
3 0.68828125 0.5359375 0.04140625 0.071875
6 0.78515625 0.509375 0.04375 0.08125
3 0.75078125 0.59921875 0.05703125 0.11875
2 0.74453125 0.740625 0.09609375 0.0515625
10 0.140625 0.55703125 0.11953125 0.20078125
10 0.25234375 0.56796875 0.121875 0.2140625
10 0.38359375 0.56484375 0.11953125 0.2484375
10 0.45078125 0.5328125 0.06640625 0.15078125
10 0.59140625 0.54296875 0.09296875 0.165625
10 0.79609375 0.56015625 0.0765625 0.17421875
1 0.690625 0.56640625 0.09140625 0.12890625
1 0.74375 0.646875 0.13828125 0.19140625