3 0.15078125 0.4796875 0.06015625 0.11484375
2 0.10390625 0.603125 0.10703125 0.08359375
3 0.259375 0.51484375 0.0578125 0.1109375
0 0.2421875 0.62421875 0.05390625 0.059375
6 0.38515625 0.46640625 0.05703125 0.10703125
0 0.33828125 0.63203125 0.05078125 0.07578125
6 0.4296875 0.46953125 0.03828125 0.071875
6 0.6171875 0.4765625 0.04140625 0.08125
6 0.70703125 0.49375 0.03828125 0.06328125
3 0.7921875 0.5140625 0.04140625 0.08671875
6 0.75703125 0.53828125 0.05625 0.11328125
2 0.7453125 0.71015625 0.09765625 0.05703125
10 0.15 0.5328125 0.13125 0.20078125
10 0.2671875 0.55703125 0.11640625 0.18203125
10 0.39453125 0.5359375 0.13671875 0.23671875
10 0.44765625 0.5171875 0.07109375 0.1546875
10 0.60078125 0.52421875 0.10390625 0.16640625
10 0.6953125 0.5375 0.08359375 0.14140625
10 0.740625 0.60078125 0.13359375 0.2296875
10 0.80078125 0.55078125 0.065625 0.16171875