10 0.06640625 0.2359375 0.08828125 0.13125
10 0.0671875 0.17421875 0.09921875 0.12109375
10 0.13515625 0.14453125 0.05859375 0.08046875
10 0.38125 0.14140625 0.04296875 0.065625
10 0.30703125 0.1734375 0.03828125 0.09453125
10 0.253125 0.24609375 0.06171875 0.12890625
10 0.340625 0.25 0.04765625 0.13359375
10 0.32890625 0.296875 0.0875 0.16875
10 0.28359375 0.34453125 0.1 0.175
10 0.165625 0.334375 0.10234375 0.18125
10 0.42265625 0.15625 0.05078125 0.0796875
10 0.3984375 0.21796875 0.06015625 0.10078125
10 0.45 0.2640625 0.07421875 0.1359375
10 0.44453125 0.3515625 0.10234375 0.18984375
2 0.51484375 0.44296875 0.03984375 0.03828125
10 0.5171875 0.184375 0.04921875 0.10625
10 0.56640625 0.20625 0.04765625 0.08203125
10 0.5234375 0.26328125 0.06875 0.14453125
10 0.540625 0.36015625 0.09453125 0.17421875
10 0.6296875 0.22890625 0.05546875 0.10546875
10 0.63359375 0.3734375 0.10078125 0.15390625
1 0.7109375 0.178125 0.0375 0.05390625
1 0.73125 0.19375 0.05703125 0.08046875
1 0.79140625 0.19296875 0.04453125 0.06796875
10 0.76328125 0.21796875 0.04921875 0.09140625
10 0.81875 0.21875 0.0546875 0.09296875
10 0.8859375 0.18984375 0.04375 0.090625
10 0.8375 0.30078125 0.07890625 0.13125
10 0.90703125 0.334375 0.0875 0.165625
10 0.9609375 0.3734375 0.07734375 0.1953125
1 0.55078125 0.15859375 0.04296875 0.06484375
10 0.33359375 0.14375 0.04765625 0.0890625
10 0.47890625 0.22265625 0.05 0.1234375
6 0.05859375 0.20859375 0.0359375 0.0734375
3 0.05703125 0.14921875 0.03046875 0.06484375
3 0.08046875 0.14140625 0.0265625 0.06328125
3 0.12890625 0.13359375 0.025 0.05859375
6 0.328125 0.1265625 0.02109375 0.04921875
3 0.378125 0.134375 0.0203125 0.05078125
10 0.28203125 0.2171875 0.04140625 0.09921875
6 0.3015625 0.15703125 0.02578125 0.0546875
6 0.334375 0.2140625 0.0296875 0.06015625
6 0.25078125 0.2203125 0.03515625 0.07421875
6 0.2828125 0.3 0.04453125 0.0796875
6 0.16484375 0.29375 0.0421875 0.09609375
3 0.20390625 0.30390625 0.03671875 0.084375
1 0.21640625 0.31796875 0.06015625 0.1140625
3 0.30625 0.26171875 0.0375 0.090625
3 0.42265625 0.14609375 0.021875 0.05859375
6 0.3921875 0.2046875 0.02890625 0.06640625
6 0.44453125 0.234375 0.03359375 0.075
6 0.4671875 0.19453125 0.02578125 0.06484375
6 0.5140625 0.16015625 0.025 0.05546875
6 0.45703125 0.10703125 0.02109375 0.04296875
10 0.45 0.12578125 0.03515625 0.08125
3 0.44453125 0.30625 0.04609375 0.08984375
3 0.540625 0.32578125 0.0390625 0.10078125
3 0.63203125 0.34375 0.04921875 0.09375
3 0.5234375 0.23046875 0.028125 0.07890625
3 0.55625 0.1515625 0.0203125 0.0484375
6 0.5703125 0.19296875 0.02421875 0.05390625
6 0.63203125 0.20703125 0.028125 0.06171875
3 0.71640625 0.1734375 0.01796875 0.04453125
3 0.7453125 0.18203125 0.025 0.05390625
3 0.79453125 0.18984375 0.025 0.05390625
3 0.825 0.203125 0.0234375 0.05546875
3 0.89296875 0.1703125 0.025 0.05
3 0.85703125 0.27265625 0.02890625 0.06796875
6 0.7625 0.196875 0.0234375 0.0484375
6 0.91875 0.29609375 0.0421875 0.075
3 0.98203125 0.33046875 0.03515625 0.10546875