10 0.065625 0.2453125 0.0796875 0.1203125
10 0.09609375 0.16796875 0.05390625 0.103125
1 0.1375 0.15234375 0.04921875 0.0734375
10 0.14375 0.33984375 0.12734375 0.17578125
10 0.27734375 0.35546875 0.1140625 0.15546875
1 0.25078125 0.25625 0.07265625 0.10078125
10 0.31953125 0.29609375 0.07890625 0.16953125
10 0.3046875 0.17265625 0.03828125 0.08828125
10 0.37890625 0.134375 0.04765625 0.07578125
1 0.39609375 0.22265625 0.0671875 0.0953125
10 0.421875 0.15859375 0.05390625 0.0859375
10 0.44453125 0.13046875 0.02890625 0.0796875
10 0.465625 0.21875 0.06484375 0.1296875
1 0.44765625 0.28125 0.07265625 0.103125
10 0.446875 0.34921875 0.08984375 0.18046875
10 0.53515625 0.34609375 0.09140625 0.18828125
1 0.5171875 0.2 0.04765625 0.06875
10 0.56953125 0.16796875 0.065625 0.09453125
10 0.56328125 0.20625 0.04609375 0.0765625
10 0.6375 0.23125 0.0578125 0.10625
1 0.6 0.29140625 0.06953125 0.09296875
10 0.63828125 0.37265625 0.13359375 0.16953125
0 0.64375 0.43046875 0.05234375 0.0390625
1 0.73515625 0.19375 0.06015625 0.078125
10 0.765625 0.2171875 0.05234375 0.08984375
10 0.815625 0.20625 0.0546875 0.1
10 0.88515625 0.1890625 0.04609375 0.08671875
10 0.83515625 0.30078125 0.075 0.11953125
10 0.89453125 0.33984375 0.08203125 0.159375
10 0.9546875 0.2875 0.053125 0.11796875
2 0.26015625 0.4265625 0.06953125 0.03515625
2 0.515625 0.44296875 0.03828125 0.03203125
2 0.978125 0.46875 0.04375 0.03125
10 0.33984375 0.24609375 0.05078125 0.1390625
10 0.946875 0.375 0.10625 0.18359375
10 0.703125 0.1765625 0.0421875 0.09921875
10 0.32578125 0.14375 0.03515625 0.078125
10 0.34375 0.134375 0.0296875 0.08125
10 0.059375 0.19296875 0.07421875 0.09609375
1 0.21796875 0.31875 0.0703125 0.1109375
3 0.0640625 0.22578125 0.03359375 0.07421875
3 0.05546875 0.178125 0.0328125 0.0609375
9 0.03828125 0.146875 0.03046875 0.06015625
3 0.084375 0.146875 0.02890625 0.06171875
3 0.12734375 0.14375 0.0265625 0.05546875
6 0.16640625 0.29609375 0.04296875 0.09140625
3 0.2703125 0.32109375 0.04140625 0.08671875
3 0.30703125 0.26171875 0.03984375 0.09375
3 0.26640625 0.24375 0.03359375 0.07578125
6 0.32890625 0.20859375 0.028125 0.06171875
6 0.3078125 0.15859375 0.02578125 0.05390625
6 0.32109375 0.13125 0.01953125 0.0546875
9 0.33828125 0.11796875 0.01875 0.04921875
3 0.37265625 0.1234375 0.01953125 0.0546875
3 0.39375 0.2078125 0.0296875 0.0640625
3 0.42734375 0.14375 0.02265625 0.05859375
6 0.440625 0.11875 0.01953125 0.05
6 0.465625 0.1828125 0.0296875 0.0546875
6 0.45546875 0.30546875 0.0390625 0.08828125
6 0.534375 0.2953125 0.03828125 0.08671875
3 0.5171875 0.19375 0.02421875 0.05390625
3 0.575 0.1484375 0.0234375 0.05546875
6 0.56640625 0.19296875 0.02265625 0.046875
6 0.6359375 0.20703125 0.025 0.06171875
3 0.64375 0.34296875 0.0453125 0.1046875
3 0.71171875 0.1484375 0.01796875 0.04375
9 0.7515625 0.18046875 0.02578125 0.0515625
3 0.775 0.1953125 0.0234375 0.05
9 0.796875 0.16953125 0.0234375 0.05078125
3 0.81015625 0.18671875 0.025 0.05625
3 0.89453125 0.16953125 0.025 0.0515625
3 0.853125 0.27578125 0.03046875 0.06875
6 0.9078125 0.296875 0.0375 0.0765625
6 0.953125 0.26015625 0.0296875 0.05546875