6 0.06953125 0.59375 0.0625 0.10390625
9 0.1921875 0.5859375 0.059375 0.11796875
5 0.02265625 0.66796875 0.03125 0.028125
2 0.14453125 0.76875 0.09453125 0.040625
6 0.30625 0.53671875 0.040625 0.08671875
7 0.28828125 0.63671875 0.07421875 0.04375
6 0.4859375 0.4953125 0.03515625 0.078125
9 0.43828125 0.56875 0.06640625 0.1203125
0 0.3671875 0.72890625 0.04453125 0.0609375
3 0.66953125 0.51953125 0.0625 0.13671875
3 0.7453125 0.47265625 0.04296875 0.09375
0 0.76328125 0.57578125 0.05 0.0515625
6 0.8296875 0.44375 0.04609375 0.0890625
6 0.8984375 0.47890625 0.07890625 0.1390625
7 0.95703125 0.70390625 0.078125 0.07421875
10 0.0828125 0.65625 0.10390625 0.2265625
10 0.18515625 0.64609375 0.13984375 0.23359375
10 0.31171875 0.57578125 0.09296875 0.15625
10 0.41640625 0.63671875 0.13984375 0.2453125
10 0.49765625 0.55078125 0.08203125 0.1703125
10 0.67890625 0.5984375 0.14296875 0.28203125
10 0.7484375 0.51796875 0.08984375 0.1765625
10 0.83515625 0.50390625 0.08671875 0.19921875
10 0.92109375 0.55625 0.1578125 0.290625