3 0.15078125 0.65546875 0.0375 0.07421875
0 0.12890625 0.72421875 0.05234375 0.04375
8 0.22578125 0.69375 0.04765625 0.08359375
8 0.303125 0.690625 0.05078125 0.08125
3 0.3921875 0.61953125 0.04140625 0.0890625
7 0.378125 0.7265625 0.071875 0.0609375
3 0.56875 0.65546875 0.0421875 0.06640625
0 0.56640625 0.72421875 0.040625 0.04375
3 0.75859375 0.61875 0.0421875 0.07578125
0 0.759375 0.69375 0.0515625 0.0484375
8 0.8765625 0.778125 0.0875 0.121875
3 0.68828125 0.6859375 0.05859375 0.13046875
0 0.696875 0.83203125 0.0828125 0.06328125
5 0.8578125 0.86328125 0.05859375 0.03671875
1 0.15 0.68125 0.096875 0.12421875
10 0.40078125 0.66171875 0.08828125 0.15625
10 0.68515625 0.7484375 0.15859375 0.24375
10 0.76015625 0.653125 0.09375 0.1484375
1 0.2328125 0.68125 0.10234375 0.1203125
1 0.31171875 0.69375 0.0890625 0.090625
1 0.559375 0.68125 0.10390625 0.11484375
1 0.8625 0.76875 0.153125 0.19375