3 0.1140625 0.41171875 0.02734375 0.0546875
3 0.165625 0.38125 0.02109375 0.046875
9 0.23828125 0.359375 0.02109375 0.04453125
3 0.30546875 0.34921875 0.01953125 0.03828125
6 0.2625 0.39375 0.0234375 0.04609375
3 0.2125 0.43125 0.03046875 0.065625
6 0.33203125 0.4515625 0.02890625 0.0640625
6 0.40078125 0.45625 0.03359375 0.0640625
8 0.3609375 0.45546875 0.02421875 0.05703125
6 0.3984375 0.39296875 0.02421875 0.04375
3 0.425 0.4359375 0.0265625 0.05546875
3 0.44453125 0.40390625 0.02265625 0.05078125
6 0.415625 0.3546875 0.01796875 0.0390625
3 0.44453125 0.34375 0.01875 0.03125
3 0.47265625 0.3359375 0.01640625 0.03359375
6 0.49140625 0.38125 0.01953125 0.04140625
3 0.50625 0.3421875 0.01953125 0.04140625
6 0.53828125 0.33125 0.01875 0.03046875
6 0.5125 0.44375 0.02890625 0.05625
6 0.5859375 0.459375 0.028125 0.05546875
0 0.40078125 0.53046875 0.02421875 0.02578125
2 0.26875 0.45546875 0.02578125 0.01875
6 0.521875 0.396875 0.0265625 0.05546875
3 0.58203125 0.390625 0.025 0.053125
6 0.57421875 0.35390625 0.01796875 0.040625
6 0.59453125 0.334375 0.01796875 0.03125
3 0.61875 0.36875 0.0171875 0.03515625
9 0.65625 0.36796875 0.0203125 0.04296875
6 0.64453125 0.44140625 0.02265625 0.0453125
3 0.66953125 0.48828125 0.03515625 0.06953125
6 0.71640625 0.328125 0.015625 0.03203125
3 0.73515625 0.35546875 0.01328125 0.03515625
6 0.75390625 0.36875 0.015625 0.03515625
3 0.7765625 0.35390625 0.01953125 0.040625
3 0.80625 0.37109375 0.021875 0.03515625
3 0.853125 0.3546875 0.01953125 0.0390625
3 0.82890625 0.384375 0.01875 0.04453125
3 0.82578125 0.43125 0.025 0.046875
6 0.859375 0.41484375 0.02265625 0.04609375
3 0.87890625 0.45546875 0.02890625 0.0609375
9 0.9234375 0.4515625 0.0375 0.075
3 0.95859375 0.42421875 0.025 0.0546875
9 0.978125 0.48046875 0.0328125 0.06640625
10 0.16875 0.390625 0.046875 0.06328125
10 0.2109375 0.453125 0.071875 0.10546875
1 0.11953125 0.41875 0.05859375 0.07421875
10 0.26875 0.41796875 0.0453125 0.09296875
10 0.309375 0.35234375 0.0359375 0.04921875
10 0.31953125 0.48046875 0.09140625 0.12578125
10 0.4125 0.484375 0.0859375 0.13046875
10 0.51328125 0.48125 0.06875 0.13828125
10 0.42109375 0.3671875 0.0328125 0.065625
10 0.49140625 0.39140625 0.03984375 0.06640625
10 0.47578125 0.3359375 0.03125 0.04375
10 0.5953125 0.34140625 0.02890625 0.046875
10 0.58828125 0.49296875 0.06796875 0.10859375
10 0.65703125 0.38671875 0.05390625 0.08203125
10 0.6375 0.46796875 0.04453125 0.1046875
10 0.6671875 0.503125 0.071875 0.103125
10 0.7109375 0.34296875 0.03203125 0.07109375
10 0.73125 0.36640625 0.0328125 0.0609375
10 0.75234375 0.38125 0.0359375 0.06953125
10 0.7765625 0.35546875 0.03125 0.05390625
10 0.79765625 0.38203125 0.040625 0.059375
10 0.84765625 0.36015625 0.03828125 0.05546875
1 0.81015625 0.44375 0.05703125 0.0796875
10 0.85390625 0.43046875 0.03515625 0.08125
10 0.86328125 0.4734375 0.05859375 0.10625
10 0.9171875 0.49296875 0.08125 0.15625
10 0.975 0.50390625 0.04921875 0.1140625
1 0.365625 0.46640625 0.04609375 0.0859375
10 0.50390625 0.34375 0.03203125 0.05625
3 0.53515625 0.3796875 0.02109375 0.0484375
10 0.56953125 0.36796875 0.03046875 0.0703125
10 0.53125 0.41796875 0.04453125 0.0953125
10 0.5796875 0.40703125 0.05390625 0.09453125
10 0.61640625 0.38046875 0.04375 0.05859375
3 0.21328125 0.38125 0.021875 0.03984375
2 0.16328125 0.54296875 0.03984375 0.0203125
10 0.95546875 0.434375 0.0390625 0.08125
10 0.43515625 0.45625 0.04765625 0.10078125