6 0.19375 0.590625 0.0671875 0.1109375
5 0.1390625 0.76640625 0.0375 0.03671875
3 0.290625 0.578125 0.0421875 0.0890625
6 0.33828125 0.56875 0.05703125 0.1109375
6 0.40078125 0.534375 0.04453125 0.08671875
3 0.56640625 0.57890625 0.040625 0.071875
3 0.60390625 0.60546875 0.05703125 0.11875
0 0.58828125 0.7796875 0.04609375 0.06328125
3 0.7625 0.56875 0.0453125 0.07421875
6 0.8046875 0.56796875 0.05859375 0.109375
3 0.9703125 0.63671875 0.05390625 0.13359375
1 0.55703125 0.60859375 0.08359375 0.13203125
1 0.746875 0.60625 0.0890625 0.1359375
10 0.29140625 0.6 0.06640625 0.128125
10 0.4125 0.58671875 0.08359375 0.18359375
10 0.1875 0.6515625 0.1265625 0.2265625
10 0.340625 0.64140625 0.13046875 0.24921875
10 0.59375 0.66953125 0.13671875 0.2453125
10 0.796875 0.65625 0.13984375 0.28203125
10 0.94375 0.68984375 0.11171875 0.22421875