3 0.12265625 0.52421875 0.06875 0.11484375
2 0.090625 0.64140625 0.0953125 0.05703125
9 0.25078125 0.51171875 0.0625 0.11640625
0 0.21640625 0.64921875 0.046875 0.05546875
9 0.37421875 0.48671875 0.0640625 0.10703125
5 0.32421875 0.68046875 0.0359375 0.03125
9 0.4265625 0.4859375 0.0375 0.06875
9 0.60546875 0.490625 0.0390625 0.078125
3 0.69140625 0.53671875 0.03984375 0.08125
9 0.796875 0.5390625 0.0453125 0.08515625
3 0.74140625 0.58046875 0.06171875 0.12578125
2 0.73828125 0.740625 0.0875 0.059375
10 0.1296875 0.565625 0.14296875 0.18359375
10 0.2578125 0.5671875 0.12109375 0.21015625
10 0.3796875 0.56484375 0.12890625 0.259375
10 0.44453125 0.53203125 0.078125 0.16171875
10 0.5875 0.56796875 0.1078125 0.21796875
10 0.68828125 0.56171875 0.07890625 0.1296875
10 0.73046875 0.63359375 0.134375 0.21875
10 0.79453125 0.571875 0.06640625 0.14921875