6 0.09453125 0.6296875 0.06875 0.13359375
5 0.04453125 0.8484375 0.05546875 0.04453125
6 0.2421875 0.59375 0.04375 0.1
8 0.19765625 0.7609375 0.07421875 0.11875
6 0.34453125 0.56875 0.04375 0.07421875
5 0.325 0.7109375 0.025 0.03125
6 0.4890625 0.57578125 0.04453125 0.08125
6 0.60703125 0.56875 0.04140625 0.08515625
5 0.61328125 0.7046875 0.021875 0.028125
3 0.51328125 0.70546875 0.065625 0.10390625
0 0.53828125 0.81484375 0.03984375 0.059375
6 0.703125 0.60546875 0.0515625 0.10390625
5 0.69453125 0.81875 0.03671875 0.03671875
3 0.8390625 0.66171875 0.06171875 0.11875
2 0.8859375 0.81875 0.09609375 0.06484375
1 0.21640625 0.74453125 0.14375 0.2109375
10 0.10546875 0.69296875 0.13359375 0.2859375
10 0.2453125 0.63046875 0.09140625 0.17578125
10 0.3453125 0.621875 0.09453125 0.171875
10 0.48828125 0.621875 0.09609375 0.16484375
1 0.53125 0.7359375 0.1390625 0.20703125
10 0.60703125 0.6171875 0.103125 0.1765625
10 0.70703125 0.690625 0.12890625 0.27109375
10 0.85234375 0.7109375 0.1359375 0.2203125