7 0.23359375 0.1375 0.03046875 0.01953125
3 0.246875 0.0921875 0.01328125 0.0265625
10 0.24609375 0.109375 0.03984375 0.06328125
7 0.38671875 0.0796875 0.02265625 0.0203125
3 0.38828125 0.04765625 0.01640625 0.03046875
10 0.39140625 0.05703125 0.04453125 0.05078125
2 0.425 0.078125 0.0234375 0.01328125
2 0.5375 0.03203125 0.01328125 0.01171875
0 0.57421875 0.03125 0.01328125 0.0140625
2 0.675 0.31171875 0.03203125 0.0390625
2 0.7046875 0.3109375 0.040625 0.0203125
3 0.71796875 0.2671875 0.02265625 0.04375
1 0.70703125 0.26328125 0.06171875 0.09296875
2 0.89921875 0.39140625 0.0203125 0.02578125