10 0.06328125 0.24296875 0.08125 0.11953125
10 0.05625 0.184375 0.0796875 0.1
10 0.09140625 0.16796875 0.05859375 0.103125
10 0.13515625 0.14609375 0.04921875 0.07421875
10 0.16171875 0.33046875 0.1046875 0.1796875
10 0.27734375 0.35546875 0.11640625 0.159375
1 0.2109375 0.31875 0.06796875 0.11640625
1 0.321875 0.3140625 0.09765625 0.153125
1 0.2515625 0.25390625 0.06953125 0.11171875
10 0.34453125 0.25 0.05859375 0.14453125
10 0.30546875 0.18046875 0.04453125 0.08125
1 0.39765625 0.2234375 0.06015625 0.09296875
10 0.33828125 0.14296875 0.05078125 0.10078125
10 0.38046875 0.14296875 0.0421875 0.065625
10 0.41875 0.15625 0.05625 0.08671875
10 0.471875 0.15546875 0.05078125 0.1
10 0.471875 0.21953125 0.0640625 0.1296875
10 0.44765625 0.26796875 0.07578125 0.1265625
10 0.5234375 0.18046875 0.04921875 0.10390625
10 0.628125 0.22890625 0.0578125 0.10546875
1 0.56875 0.1734375 0.0546875 0.06953125
1 0.5671875 0.215625 0.04765625 0.06953125
10 0.44453125 0.34375 0.1 0.18515625
10 0.53828125 0.35625 0.096875 0.17890625
10 0.64609375 0.37265625 0.13828125 0.16953125
10 0.60625 0.33125 0.0703125 0.13046875
1 0.51328125 0.28046875 0.05390625 0.10390625
2 0.259375 0.4265625 0.06953125 0.03515625
2 0.51328125 0.44296875 0.0375 0.03203125
1 0.71015625 0.17734375 0.03671875 0.053125
1 0.74453125 0.18828125 0.053125 0.0765625
10 0.76796875 0.20859375 0.04765625 0.08828125
10 0.815625 0.21875 0.05 0.08125
10 0.88203125 0.19296875 0.05 0.08828125
1 0.8390625 0.30390625 0.08046875 0.1109375
10 0.89453125 0.35546875 0.09453125 0.128125
10 0.95625 0.37421875 0.08671875 0.19453125
1 0.59765625 0.29140625 0.06640625 0.0953125
3 0.79453125 0.18359375 0.02109375 0.0515625
3 0.0640625 0.22421875 0.03515625 0.0703125
3 0.04609375 0.16875 0.0328125 0.06328125
3 0.0765625 0.1484375 0.028125 0.06796875
3 0.128125 0.14140625 0.02578125 0.05625
6 0.159375 0.29140625 0.04140625 0.09375
3 0.2015625 0.30625 0.0375 0.084375
3 0.26875 0.31953125 0.04296875 0.09296875
3 0.2625 0.234375 0.03515625 0.078125
3 0.29765625 0.29375 0.040625 0.0890625
6 0.34375 0.21875 0.03359375 0.06875
3 0.303125 0.16953125 0.0296875 0.06171875
6 0.34375 0.11875 0.02421875 0.05
3 0.378125 0.13828125 0.0203125 0.05
3 0.42265625 0.14375 0.025 0.06015625
3 0.38828125 0.21640625 0.03125 0.0703125
6 0.471875 0.13203125 0.0234375 0.05078125
6 0.41953125 0.10546875 0.021875 0.04453125
6 0.4421875 0.24375 0.03359375 0.078125
6 0.45703125 0.29375 0.03828125 0.08125
3 0.5234375 0.26875 0.03203125 0.08125
6 0.46875 0.19296875 0.03046875 0.065625
6 0.521875 0.15546875 0.02421875 0.05390625
6 0.54375 0.315625 0.03984375 0.09296875
3 0.565625 0.20625 0.02421875 0.05625
3 0.58203125 0.1796875 0.02421875 0.05390625
3 0.54453125 0.15546875 0.021875 0.05
6 0.62578125 0.20546875 0.02734375 0.0609375
3 0.62421875 0.30625 0.03359375 0.0796875
3 0.65 0.34296875 0.05078125 0.10546875
0 0.653125 0.43125 0.05703125 0.0453125
3 0.71796875 0.1734375 0.0203125 0.04453125
3 0.75703125 0.178125 0.02578125 0.0546875
3 0.778125 0.19296875 0.0234375 0.053125
3 0.82265625 0.20625 0.02421875 0.053125
3 0.89375 0.17734375 0.02578125 0.053125
3 0.86328125 0.28203125 0.02890625 0.07109375
3 0.909375 0.27890625 0.03359375 0.0703125
7 0.85078125 0.3390625 0.04140625 0.0265625
3 0.91875 0.33125 0.04140625 0.08046875
3 0.98671875 0.32734375 0.0265625 0.103125
2 0.9796875 0.46796875 0.040625 0.03046875