3 0.12890625 0.490625 0.06015625 0.11484375
2 0.08359375 0.60546875 0.1015625 0.090625
3 0.24921875 0.515625 0.0609375 0.11328125
0 0.22578125 0.6296875 0.05234375 0.059375
6 0.37890625 0.46875 0.0625 0.10390625
0 0.325 0.634375 0.0515625 0.08125
6 0.41640625 0.471875 0.03671875 0.07421875
6 0.6046875 0.48046875 0.040625 0.0796875
6 0.69453125 0.49921875 0.0375 0.071875
6 0.77890625 0.50546875 0.04140625 0.08125
6 0.74453125 0.53515625 0.053125 0.10703125
2 0.73203125 0.715625 0.0875 0.05390625
10 0.1328125 0.5390625 0.134375 0.19453125
10 0.253125 0.5625 0.11484375 0.18203125
10 0.3859375 0.540625 0.1453125 0.23515625
10 0.434375 0.51640625 0.0703125 0.15625
10 0.5875 0.528125 0.10546875 0.16015625
10 0.684375 0.54140625 0.08671875 0.13984375
10 0.7296875 0.6015625 0.13984375 0.2265625
10 0.78984375 0.54921875 0.0640625 0.159375