3 0.28203125 0.42421875 0.03515625 0.07421875
10 0.290625 0.45546875 0.1015625 0.14296875
3 0.36015625 0.4109375 0.03046875 0.05625
10 0.365625 0.43046875 0.0796875 0.09375
6 0.434375 0.41796875 0.03125 0.05859375
10 0.4265625 0.45546875 0.07421875 0.1296875
6 0.49140625 0.41796875 0.03046875 0.06484375
10 0.5 0.453125 0.0734375 0.13671875
6 0.571875 0.41875 0.03046875 0.05703125
10 0.56953125 0.4484375 0.06796875 0.13046875
3 0.90703125 0.490625 0.03515625 0.07890625
10 0.884375 0.51796875 0.0859375 0.14140625
6 0.9625 0.44296875 0.0359375 0.0734375
10 0.95390625 0.49296875 0.08515625 0.1734375
2 0.89453125 0.57734375 0.05859375 0.03828125
3 0.87109375 0.4484375 0.03359375 0.06796875
6 0.81796875 0.40234375 0.0328125 0.0546875
10 0.80546875 0.4484375 0.0859375 0.15625
2 0.809375 0.521875 0.03671875 0.03046875
6 0.83203125 0.371875 0.02109375 0.04453125
6 0.803125 0.36796875 0.02265625 0.03984375
3 0.76640625 0.40546875 0.02578125 0.05390625
10 0.75078125 0.440625 0.06640625 0.10859375
7 0.7546875 0.478125 0.03203125 0.03203125
3 0.7203125 0.38203125 0.02109375 0.04453125
10 0.7109375 0.40625 0.05 0.08984375
1 0.721875 0.36875 0.04609375 0.05703125
3 0.70078125 0.34140625 0.02109375 0.040625
6 0.65390625 0.3296875 0.01484375 0.0296875
10 0.659375 0.34375 0.04765625 0.06328125
3 0.7453125 0.3171875 0.01640625 0.03203125
10 0.73828125 0.32578125 0.03125 0.05625
6 0.67265625 0.31171875 0.01640625 0.03828125
10 0.6734375 0.32109375 0.03125 0.0546875
6 0.634375 0.30546875 0.01484375 0.03125
10 0.63203125 0.31796875 0.03671875 0.0640625
3 0.55078125 0.38046875 0.021875 0.05
10 0.540625 0.39296875 0.04609375 0.08046875
6 0.57578125 0.34140625 0.01796875 0.04140625
10 0.57578125 0.35625 0.03515625 0.07109375
3 0.528125 0.33125 0.01640625 0.03203125
10 0.5265625 0.3421875 0.040625 0.05625
0 0.53828125 0.29453125 0.01875 0.01953125
6 0.5375 0.28203125 0.01328125 0.0296875
10 0.53828125 0.29609375 0.025 0.05625
3 0.5171875 0.303125 0.01796875 0.03515625
10 0.5125 0.3109375 0.0359375 0.05625
3 0.4859375 0.31875 0.01796875 0.040625
10 0.484375 0.33046875 0.0390625 0.0609375
6 0.4375 0.3671875 0.021875 0.04921875
10 0.43515625 0.384375 0.05234375 0.09375
3 0.4 0.34140625 0.02265625 0.0453125
10 0.4 0.3546875 0.0375 0.07421875
3 0.30703125 0.34609375 0.02109375 0.04609375
10 0.30703125 0.35546875 0.046875 0.06484375
3 0.35078125 0.35625 0.02265625 0.0546875
10 0.33828125 0.3796875 0.04921875 0.1
3 0.33203125 0.31640625 0.01953125 0.03984375
6 0.34375 0.29453125 0.01484375 0.03046875
10 0.35078125 0.30546875 0.03046875 0.05546875
6 0.44453125 0.30546875 0.01875 0.03515625
10 0.4421875 0.31796875 0.04609375 0.07109375
6 0.434375 0.284375 0.01484375 0.03203125
3 0.41328125 0.30546875 0.01484375 0.03671875
3 0.390625 0.29140625 0.0140625 0.034375
10 0.35625 0.29296875 0.02421875 0.046875
2 0.1703125 0.42734375 0.02578125 0.01953125
6 0.165625 0.35546875 0.0203125 0.040625
10 0.175 0.38125 0.0453125 0.0953125
3 0.109375 0.4265625 0.0265625 0.053125
3 0.06953125 0.34140625 0.02109375 0.04453125
10 0.0734375 0.3515625 0.034375 0.06484375
3 0.00859375 0.37265625 0.01640625 0.04375
1 0.01953125 0.38046875 0.03828125 0.06328125
1 0.10703125 0.43125 0.078125 0.0734375
3 0.20859375 0.3140625 0.0171875 0.03515625
1 0.21328125 0.31484375 0.034375 0.0390625
3 0.17578125 0.315625 0.02109375 0.03828125
10 0.184375 0.32421875 0.0421875 0.06875
9 0.14765625 0.3109375 0.01953125 0.04296875
10 0.1421875 0.32421875 0.03359375 0.06875
3 0.11015625 0.346875 0.01796875 0.04453125
1 0.11328125 0.35234375 0.04375 0.046875
10 0.38828125 0.29375 0.03203125 0.04609375
7 0.70859375 0.43125 0.03046875 0.03203125
10 0.43203125 0.29375 0.021875 0.05703125
1 0.69921875 0.3484375 0.0359375 0.05546875