8 0.11328125 0.76171875 0.06640625 0.11953125
5 0.06015625 0.83046875 0.03125 0.03671875
6 0.2328125 0.60078125 0.0375 0.07578125
8 0.2390625 0.734375 0.06171875 0.10625
0 0.20390625 0.68671875 0.034375 0.04375
3 0.34765625 0.59375 0.04609375 0.08515625
0 0.3359375 0.684375 0.0375 0.05625
3 0.5234375 0.6234375 0.0375 0.08046875
5 0.528125 0.70390625 0.0359375 0.0296875
3 0.63203125 0.6109375 0.03828125 0.08046875
7 0.63203125 0.703125 0.06875 0.05390625
6 0.75390625 0.596875 0.059375 0.10625
6 0.87578125 0.621875 0.05078125 0.10625
5 0.75390625 0.82578125 0.04140625 0.03671875
2 0.9390625 0.84765625 0.1125 0.05625
1 0.10625 0.73046875 0.15703125 0.18671875
1 0.2546875 0.73828125 0.14453125 0.20703125
10 0.22578125 0.63046875 0.08671875 0.13046875
10 0.35390625 0.63203125 0.09375 0.1609375
10 0.51640625 0.63671875 0.10234375 0.12890625
10 0.625 0.64140625 0.09296875 0.14921875
10 0.73203125 0.68671875 0.17421875 0.2703125
10 0.87890625 0.70390625 0.128125 0.25