3 0.01796875 0.46640625 0.03515625 0.11875
2 0.0265625 0.5796875 0.05234375 0.078125
3 0.17265625 0.48828125 0.0625 0.11875
0 0.1546875 0.596875 0.04375 0.06875
6 0.3171875 0.43671875 0.05859375 0.10546875
0 0.2515625 0.60546875 0.03515625 0.06328125
6 0.3484375 0.4390625 0.03359375 0.06328125
6 0.5328125 0.44921875 0.03984375 0.08125
6 0.63828125 0.49296875 0.04375 0.06640625
6 0.678125 0.50546875 0.04375 0.11640625
6 0.709375 0.48359375 0.034375 0.07421875
2 0.665625 0.678125 0.0859375 0.0515625
1 0.059375 0.5171875 0.115625 0.2046875
10 0.18046875 0.53359375 0.11953125 0.19921875
10 0.315625 0.5140625 0.16015625 0.24375
10 0.371875 0.49296875 0.0671875 0.15859375
10 0.52265625 0.5 0.096875 0.16875
10 0.61640625 0.5234375 0.0875 0.12578125
10 0.66484375 0.56875 0.13515625 0.2140625
10 0.71953125 0.528125 0.05078125 0.153125