6 0.1453125 0.49375 0.05625 0.10390625
2 0.0890625 0.6453125 0.11484375 0.0515625
6 0.25390625 0.5015625 0.05390625 0.11484375
0 0.2015625 0.6515625 0.04765625 0.059375
6 0.38515625 0.4859375 0.053125 0.09375
5 0.31875 0.68046875 0.03515625 0.0296875
6 0.44140625 0.48984375 0.03671875 0.0796875
6 0.60078125 0.4859375 0.04140625 0.08046875
6 0.68515625 0.51484375 0.03984375 0.06640625
6 0.81328125 0.540625 0.040625 0.07421875
6 0.77109375 0.58046875 0.0484375 0.1203125
2 0.7453125 0.74296875 0.09375 0.05546875
10 0.15078125 0.55625 0.10546875 0.20859375
10 0.24921875 0.56796875 0.1265625 0.2296875
10 0.38515625 0.56953125 0.11640625 0.253125
10 0.44765625 0.53203125 0.06953125 0.15703125
10 0.59765625 0.540625 0.10234375 0.17890625
10 0.6875 0.55625 0.0859375 0.14921875
10 0.7375 0.634375 0.15078125 0.2234375
10 0.815625 0.58046875 0.0515625 0.16171875