3 0.1390625 0.50546875 0.05390625 0.1109375
0 0.1125 0.61640625 0.1 0.0890625
6 0.2671875 0.5046875 0.05 0.11640625
0 0.240625 0.640625 0.04609375 0.059375
9 0.36953125 0.5015625 0.0625 0.121875
5 0.32890625 0.6703125 0.03515625 0.03671875
6 0.4390625 0.48046875 0.0375 0.0890625
9 0.615625 0.49375 0.0484375 0.09296875
6 0.70859375 0.50546875 0.0328125 0.08125
6 0.790625 0.51796875 0.0421875 0.0796875
6 0.75703125 0.55546875 0.05390625 0.11875
2 0.7453125 0.73125 0.09140625 0.06640625
10 0.14609375 0.55 0.13125 0.19296875
10 0.265625 0.55703125 0.11640625 0.21328125
10 0.3890625 0.559375 0.1640625 0.24140625
10 0.44453125 0.5265625 0.06171875 0.1609375
10 0.6015625 0.53359375 0.10546875 0.165625
10 0.69453125 0.5484375 0.075 0.15
10 0.7390625 0.61953125 0.14921875 0.23046875
10 0.80078125 0.56015625 0.06875 0.1515625