6 0.18203125 0.59296875 0.06484375 0.121875
5 0.1390625 0.765625 0.034375 0.03515625
3 0.278125 0.57109375 0.0390625 0.08046875
0 0.27265625 0.64296875 0.02890625 0.03359375
6 0.31953125 0.575 0.05859375 0.1203125
0 0.28828125 0.75703125 0.05859375 0.06640625
3 0.4015625 0.55703125 0.040625 0.09609375
0 0.39296875 0.65390625 0.0390625 0.05546875
3 0.56953125 0.5734375 0.03046875 0.08125
6 0.5984375 0.5890625 0.053125 0.10546875
0 0.59609375 0.78125 0.0671875 0.06328125
9 0.76953125 0.5796875 0.0625 0.13359375
0 0.765625 0.76875 0.046875 0.059375
9 0.86953125 0.61796875 0.06640625 0.12421875
2 0.92265625 0.80546875 0.13515625 0.05546875
1 0.55390625 0.60078125 0.06875 0.14140625
1 0.4078125 0.5953125 0.08671875 0.1703125
10 0.178125 0.65078125 0.13671875 0.23828125
10 0.31953125 0.65625 0.13828125 0.25859375
10 0.26875 0.59765625 0.06640625 0.1234375
10 0.5921875 0.6734375 0.14453125 0.26796875
10 0.753125 0.65390625 0.12890625 0.27890625
10 0.8703125 0.6734375 0.12421875 0.23203125