6 0.89453125 0.4703125 0.03203125 0.078125
7 0.89453125 0.56875 0.05859375 0.04453125
10 0.88203125 0.5109375 0.078125 0.15859375
3 0.94140625 0.4578125 0.03671875 0.084375
10 0.946875 0.4984375 0.0828125 0.16953125
7 0.815625 0.52109375 0.04609375 0.03515625
6 0.828125 0.415625 0.02890625 0.059375
10 0.81328125 0.45546875 0.07109375 0.14375
3 0.86953125 0.453125 0.02578125 0.06640625
6 0.80546875 0.36953125 0.02109375 0.04375
3 0.73125 0.39296875 0.01796875 0.0453125
10 0.7125 0.4109375 0.05546875 0.08046875
7 0.70546875 0.44296875 0.02265625 0.02109375
3 0.75703125 0.39140625 0.02421875 0.046875
3 0.74609375 0.31953125 0.01640625 0.03828125
10 0.74140625 0.32890625 0.03125 0.05390625
3 0.7078125 0.34375 0.01953125 0.04296875
1 0.70078125 0.34921875 0.0375 0.05546875
6 0.6625 0.3203125 0.01484375 0.03515625
10 0.6625 0.34296875 0.04296875 0.0703125
9 0.675 0.3171875 0.01640625 0.03828125
6 0.63671875 0.30859375 0.01640625 0.0390625
10 0.6328125 0.325 0.03515625 0.06875
6 0.7796875 0.40546875 0.02109375 0.0484375
10 0.7671875 0.43046875 0.05546875 0.1015625
10 0.803125 0.39375 0.0359375 0.090625
6 0.57578125 0.41796875 0.03046875 0.065625
10 0.56953125 0.45546875 0.071875 0.13515625
6 0.49765625 0.41875 0.02890625 0.059375
10 0.5015625 0.45546875 0.06796875 0.140625
6 0.4375 0.42265625 0.02734375 0.06953125
10 0.43203125 0.45625 0.075 0.13046875
7 0.425 0.49375 0.03359375 0.04375
7 0.35703125 0.46875 0.03671875 0.03359375
6 0.57734375 0.34375 0.01953125 0.0453125
10 0.5796875 0.35703125 0.03515625 0.075
3 0.55390625 0.3828125 0.021875 0.05859375
10 0.54140625 0.3984375 0.04765625 0.08203125
6 0.43515625 0.3671875 0.02109375 0.046875
10 0.43984375 0.3890625 0.05234375 0.0984375
10 0.359375 0.40546875 0.02890625 0.059375
10 0.36640625 0.428125 0.07578125 0.0984375
3 0.525 0.33125 0.0140625 0.03671875
10 0.525 0.34375 0.04296875 0.05703125
6 0.4859375 0.315625 0.015625 0.03984375
10 0.48828125 0.33046875 0.03359375 0.071875
3 0.5171875 0.30234375 0.01796875 0.0359375
10 0.51484375 0.31328125 0.03671875 0.06328125
6 0.53828125 0.290625 0.01484375 0.03046875
10 0.53984375 0.30078125 0.02734375 0.05546875
3 0.396875 0.36015625 0.02109375 0.04296875
1 0.403125 0.3671875 0.04921875 0.0546875
6 0.4453125 0.30859375 0.01796875 0.03984375
10 0.4453125 0.3296875 0.04296875 0.078125
3 0.4359375 0.284375 0.01484375 0.03515625
6 0.415625 0.2890625 0.015625 0.03515625
0 0.415625 0.31875 0.01484375 0.03359375
10 0.415625 0.30625 0.04140625 0.07109375
3 0.390625 0.28984375 0.01484375 0.03671875
10 0.38828125 0.29921875 0.03203125 0.0546875
3 0.35078125 0.353125 0.021875 0.053125
10 0.34296875 0.37890625 0.0484375 0.10546875
6 0.30078125 0.41796875 0.03203125 0.059375
10 0.30546875 0.45390625 0.07421875 0.1296875
3 0.27578125 0.4015625 0.02578125 0.06015625
10 0.26015625 0.41875 0.06015625 0.10625
3 0.3078125 0.3453125 0.0203125 0.04609375
10 0.31015625 0.35625 0.04921875 0.06796875
10 0.33125 0.31875 0.01953125 0.04296875
10 0.334375 0.33046875 0.03515625 0.0640625
6 0.3453125 0.29921875 0.01640625 0.03828125
10 0.35234375 0.309375 0.0359375 0.05625
6 0.1828125 0.3453125 0.02578125 0.05
10 0.17890625 0.37578125 0.08046875 0.10078125
2 0.171875 0.42890625 0.0265625 0.0203125
3 0.11015625 0.42578125 0.02890625 0.06171875
3 0.00859375 0.38046875 0.01640625 0.05
1 0.021875 0.38125 0.0421875 0.065625
3 0.07265625 0.33515625 0.02265625 0.05
10 0.07578125 0.34609375 0.03828125 0.075
1 0.10859375 0.43515625 0.0796875 0.08125
9 0.14609375 0.31796875 0.021875 0.04375
3 0.21640625 0.3015625 0.01796875 0.04296875
10 0.21953125 0.30546875 0.03984375 0.05546875