10 0.06796875 0.24296875 0.0859375 0.1234375
10 0.10390625 0.15625 0.05546875 0.11015625
10 0.14140625 0.14453125 0.04296875 0.07578125
10 0.15703125 0.3296875 0.09453125 0.18359375
10 0.27734375 0.3546875 0.11640625 0.159375
10 0.21640625 0.30625 0.06796875 0.14375
1 0.31640625 0.30625 0.08671875 0.14921875
1 0.253125 0.25546875 0.06328125 0.10546875
10 0.346875 0.2578125 0.0609375 0.1265625
10 0.30703125 0.18125 0.04765625 0.08203125
1 0.39765625 0.21171875 0.05546875 0.10546875
10 0.33828125 0.14375 0.04921875 0.1015625
10 0.38125 0.1421875 0.0421875 0.065625
10 0.4234375 0.15625 0.046875 0.0859375
10 0.475 0.16171875 0.0421875 0.10625
10 0.44765625 0.26875 0.07421875 0.1140625
10 0.51640625 0.196875 0.05078125 0.08125
10 0.63125 0.22890625 0.06484375 0.10546875
1 0.56640625 0.18046875 0.05703125 0.0734375
10 0.56640625 0.20703125 0.046875 0.078125
10 0.44609375 0.35078125 0.0890625 0.18046875
10 0.534375 0.35625 0.09140625 0.1734375
10 0.64609375 0.3703125 0.13828125 0.171875
10 0.60625 0.33203125 0.0703125 0.13125
2 0.259375 0.4265625 0.06953125 0.03515625
2 0.51328125 0.44296875 0.0375 0.03203125
1 0.7109375 0.17734375 0.03671875 0.053125
1 0.73359375 0.19375 0.0609375 0.07421875
10 0.7671875 0.21640625 0.04921875 0.0890625
10 0.815625 0.215625 0.05390625 0.08515625
10 0.88828125 0.19453125 0.04921875 0.07578125
10 0.83203125 0.303125 0.07734375 0.125
10 0.89375 0.35546875 0.09296875 0.13515625
10 0.95703125 0.37421875 0.08359375 0.19375
1 0.59765625 0.28671875 0.06640625 0.09453125
2 0.9796875 0.46875 0.040625 0.03359375
10 0.46640625 0.21953125 0.06796875 0.1234375
0 0.653125 0.43046875 0.0515625 0.0390625
3 0.71796875 0.16875 0.0203125 0.04375
3 0.06328125 0.21875 0.03515625 0.0734375
9 0.03828125 0.14296875 0.03046875 0.06171875
9 0.09765625 0.1328125 0.028125 0.06171875
3 0.13125 0.1375 0.0234375 0.05625
3 0.07890625 0.14453125 0.02578125 0.04921875
6 0.15390625 0.284375 0.04453125 0.09375
3 0.20390625 0.284375 0.03828125 0.09453125
3 0.26875 0.31796875 0.04296875 0.09140625
3 0.26328125 0.2421875 0.034375 0.075
3 0.30546875 0.16875 0.0265625 0.05703125
6 0.33828125 0.11796875 0.02265625 0.053125
3 0.3546875 0.23046875 0.03359375 0.071875
3 0.340625 0.1859375 0.02890625 0.06875
3 0.30390625 0.3046875 0.03984375 0.08359375
3 0.37890625 0.13125 0.01953125 0.05078125
3 0.42421875 0.14375 0.0234375 0.05703125
6 0.4421875 0.1140625 0.01953125 0.0484375
10 0.44453125 0.13125 0.02890625 0.08203125
6 0.471875 0.1359375 0.0234375 0.05625
3 0.396875 0.19296875 0.0296875 0.06484375
9 0.4609375 0.19296875 0.03203125 0.06171875
6 0.45078125 0.30390625 0.0375 0.08515625
9 0.42890625 0.25390625 0.03515625 0.075
3 0.51796875 0.184375 0.02421875 0.05546875
3 0.54609375 0.1515625 0.02109375 0.046875
3 0.57578125 0.16875 0.025 0.05
3 0.56953125 0.19375 0.02421875 0.05078125
6 0.53515625 0.31640625 0.04296875 0.09375
6 0.63203125 0.20625 0.028125 0.06484375
3 0.62265625 0.3078125 0.03359375 0.0765625
3 0.65390625 0.3375 0.04921875 0.1046875
3 0.74765625 0.1828125 0.025 0.053125
3 0.796875 0.1859375 0.02265625 0.05390625
9 0.77734375 0.19609375 0.0234375 0.05
9 0.81640625 0.2 0.02734375 0.05
3 0.89921875 0.18359375 0.02578125 0.05078125
3 0.853125 0.278125 0.02890625 0.0703125
7 0.84375 0.33671875 0.0421875 0.03125
3 0.91328125 0.27109375 0.03515625 0.06953125
3 0.9171875 0.32890625 0.03984375 0.07890625
6 0.9828125 0.2671875 0.03046875 0.06796875