10 0.065625 0.24296875 0.0796875 0.1203125
10 0.0953125 0.16796875 0.05546875 0.10390625
1 0.1375 0.153125 0.0484375 0.07578125
10 0.1453125 0.33828125 0.12734375 0.17578125
10 0.278125 0.35546875 0.1140625 0.15546875
1 0.25078125 0.25625 0.07265625 0.10078125
10 0.31953125 0.29453125 0.078125 0.16953125
10 0.3046875 0.1703125 0.040625 0.09453125
10 0.3796875 0.13125 0.04453125 0.07578125
1 0.3953125 0.2234375 0.06796875 0.09296875
10 0.41953125 0.15625 0.05546875 0.08203125
10 0.44453125 0.13046875 0.02890625 0.0796875
10 0.46328125 0.21796875 0.06875 0.13203125
1 0.44765625 0.28125 0.07265625 0.103125
10 0.446875 0.34375 0.08984375 0.18359375
10 0.53515625 0.34375 0.09140625 0.18828125
1 0.5171875 0.20078125 0.04765625 0.06953125
10 0.56953125 0.16640625 0.065625 0.09453125
10 0.5640625 0.20625 0.046875 0.0796875
10 0.6375 0.23125 0.0578125 0.10625
1 0.59765625 0.29375 0.06875 0.09453125
10 0.640625 0.371875 0.13359375 0.16875
0 0.64375 0.43046875 0.05234375 0.0390625
1 0.734375 0.19296875 0.06015625 0.0765625
10 0.765625 0.2171875 0.05234375 0.08984375
10 0.815625 0.20625 0.05703125 0.0984375
10 0.88203125 0.184375 0.04375 0.09375
10 0.834375 0.29921875 0.0734375 0.11875
10 0.89453125 0.33984375 0.08125 0.1609375
10 0.95546875 0.28828125 0.0515625 0.1140625
2 0.26015625 0.4265625 0.06953125 0.03515625
2 0.515625 0.44296875 0.03828125 0.03203125
2 0.978125 0.46875 0.04375 0.03125
10 0.33828125 0.2484375 0.04765625 0.14453125
10 0.94453125 0.371875 0.10859375 0.19453125
10 0.703125 0.1765625 0.0421875 0.09921875
10 0.32734375 0.14375 0.0359375 0.078125
10 0.34140625 0.134375 0.02890625 0.08125
10 0.0578125 0.1921875 0.07578125 0.09921875
1 0.215625 0.31796875 0.0734375 0.1140625
10 0.54375 0.15546875 0.03984375 0.071875
3 0.065625 0.22265625 0.0328125 0.06953125
3 0.0546875 0.17421875 0.02890625 0.05546875
3 0.08125 0.14375 0.0265625 0.06171875
3 0.12890625 0.14296875 0.02578125 0.0546875
6 0.1625 0.29375 0.04296875 0.090625
3 0.26796875 0.32265625 0.0421875 0.08203125
3 0.309375 0.259375 0.04140625 0.09375
3 0.2671875 0.24296875 0.03359375 0.075
6 0.33359375 0.2109375 0.0296875 0.05546875
6 0.3015625 0.15546875 0.02578125 0.05703125
6 0.321875 0.13125 0.0203125 0.053125
3 0.3375 0.11875 0.0203125 0.05
9 0.37265625 0.12421875 0.02109375 0.05
3 0.3984375 0.21640625 0.028125 0.06640625
3 0.42421875 0.14296875 0.0234375 0.05625
6 0.440625 0.11640625 0.0203125 0.04609375
6 0.465625 0.18046875 0.02734375 0.05546875
6 0.45625 0.29453125 0.03671875 0.08828125
6 0.53515625 0.2984375 0.03828125 0.09296875
3 0.51796875 0.19296875 0.0234375 0.0546875
3 0.575 0.14609375 0.0234375 0.05625
3 0.546875 0.14375 0.02109375 0.04921875
6 0.56875 0.19453125 0.0234375 0.04921875
6 0.6359375 0.20625 0.02734375 0.05859375
3 0.64453125 0.340625 0.04453125 0.10703125
3 0.7109375 0.1484375 0.01796875 0.04453125
9 0.7515625 0.18046875 0.025 0.0515625
3 0.77265625 0.19609375 0.021875 0.05
3 0.81796875 0.18828125 0.02421875 0.05625
3 0.80078125 0.178125 0.02421875 0.05390625
3 0.853125 0.275 0.0296875 0.06875
6 0.89140625 0.1640625 0.02265625 0.046875
6 0.9078125 0.29609375 0.03984375 0.0765625
6 0.95390625 0.2609375 0.02890625 0.05546875
3 0.9875 0.328125 0.025 0.1