3 0.15390625 0.65390625 0.04140625 0.078125
0 0.1296875 0.71875 0.04921875 0.04296875
3 0.21875 0.62421875 0.0375 0.08125
0 0.2171875 0.71875 0.04375 0.03671875
6 0.30078125 0.61875 0.0375 0.08125
0 0.3046875 0.73046875 0.0375 0.03359375
3 0.40234375 0.62421875 0.03828125 0.0859375
7 0.37578125 0.72421875 0.075 0.04453125
6 0.57265625 0.63515625 0.040625 0.08125
5 0.575 0.721875 0.02421875 0.03125
3 0.7609375 0.63046875 0.04609375 0.0796875
3 0.85078125 0.690625 0.06875 0.1296875
5 0.8609375 0.85546875 0.053125 0.03671875
9 0.6671875 0.63515625 0.05625 0.11875
0 0.6171875 0.73125 0.04765625 0.06640625
1 0.15 0.6796875 0.09140625 0.11875
10 0.23125 0.66640625 0.0921875 0.14609375
10 0.3125 0.65625 0.08359375 0.15859375
10 0.40078125 0.65859375 0.08828125 0.15859375
10 0.5671875 0.71640625 0.08359375 0.23203125
10 0.67734375 0.7140625 0.1140625 0.26484375
10 0.76015625 0.65859375 0.08984375 0.13515625
1 0.859375 0.74296875 0.1484375 0.225