9 0.06171875 0.64375 0.0578125 0.1109375
3 0.1390625 0.61328125 0.0625 0.10625
0 0.01796875 0.76875 0.03515625 0.078125
7 0.1484375 0.7453125 0.08828125 0.07421875
3 0.26015625 0.58984375 0.04453125 0.08359375
7 0.2546875 0.66484375 0.06640625 0.0515625
3 0.4578125 0.55546875 0.0375 0.08125
0 0.45859375 0.63046875 0.0421875 0.04296875
3 0.37109375 0.61875 0.0578125 0.12578125
0 0.36328125 0.7390625 0.05625 0.0484375
2 0.375 0.7796875 0.0859375 0.0296875
3 0.62265625 0.5296875 0.03125 0.06640625
3 0.70078125 0.50625 0.04296875 0.078125
3 0.66171875 0.5734375 0.0484375 0.10625
3 0.77421875 0.484375 0.0390625 0.06953125
9 0.7484375 0.56796875 0.05859375 0.13125
7 0.79140625 0.70859375 0.09453125 0.08125
3 0.91484375 0.528125 0.0671875 0.11484375
0 0.93515625 0.69140625 0.07734375 0.0609375
10 0.059375 0.6875 0.1171875 0.2046875
10 0.17421875 0.665625 0.134375 0.19609375
10 0.27578125 0.61171875 0.09765625 0.11875
10 0.38125 0.6625 0.15234375 0.20625
10 0.465625 0.58828125 0.08515625 0.13359375
10 0.6171875 0.56328125 0.05 0.13125
10 0.65078125 0.6234375 0.1125 0.2046875
10 0.7046875 0.5265625 0.05 0.109375
10 0.79609375 0.5296875 0.08203125 0.1609375
10 0.76875 0.61484375 0.14609375 0.2203125
10 0.9140625 0.59453125 0.14765625 0.24453125