10 0.06796875 0.23203125 0.08671875 0.13125
10 0.0953125 0.16796875 0.05078125 0.11484375
10 0.13515625 0.14375 0.05546875 0.0796875
10 0.3796875 0.1390625 0.04375 0.06484375
10 0.30703125 0.1765625 0.03828125 0.09453125
10 0.253125 0.253125 0.06796875 0.11484375
10 0.340625 0.25078125 0.04921875 0.1359375
10 0.2828125 0.34375 0.10546875 0.1796875
10 0.165625 0.3359375 0.09609375 0.18203125
10 0.42421875 0.15703125 0.05 0.08359375
10 0.39921875 0.21640625 0.05546875 0.1046875
10 0.45 0.26328125 0.08046875 0.1359375
10 0.44375 0.34296875 0.10546875 0.18984375
2 0.51484375 0.44296875 0.03984375 0.03828125
10 0.56875 0.20390625 0.04453125 0.0765625
10 0.5234375 0.27109375 0.06875 0.1234375
10 0.540625 0.35546875 0.09453125 0.17421875
10 0.63125 0.22890625 0.0578125 0.109375
10 0.63515625 0.37734375 0.09765625 0.15625
1 0.7109375 0.178125 0.0375 0.05390625
1 0.73046875 0.1953125 0.05703125 0.0796875
1 0.79375 0.1875 0.0453125 0.075
10 0.76171875 0.21796875 0.0515625 0.09140625
10 0.81640625 0.21875 0.05546875 0.09296875
10 0.884375 0.1890625 0.04453125 0.08984375
10 0.83515625 0.2984375 0.07578125 0.1296875
10 0.90390625 0.3390625 0.08359375 0.16328125
10 0.96015625 0.36796875 0.07890625 0.21484375
10 0.55390625 0.1609375 0.04609375 0.09609375
10 0.03671875 0.15859375 0.0421875 0.09453125
10 0.33125 0.14453125 0.04296875 0.08984375
10 0.4765625 0.22265625 0.05234375 0.11953125
1 0.21640625 0.31875 0.0625 0.12421875
10 0.5203125 0.1875 0.05078125 0.096875
10 0.32578125 0.30703125 0.084375 0.16171875
6 0.05859375 0.20625 0.03359375 0.06953125
6 0.0625 0.14609375 0.0328125 0.0515625
10 0.06328125 0.17890625 0.08203125 0.1140625
9 0.0421875 0.14375 0.02890625 0.0609375
3 0.128125 0.13359375 0.0265625 0.05546875
6 0.015625 0.2328125 0.03046875 0.065625
10 0.028125 0.2828125 0.0546875 0.1640625
6 0.33125 0.128125 0.021875 0.05
6 0.30078125 0.15859375 0.025 0.0546875
6 0.33359375 0.2140625 0.02890625 0.05859375
6 0.4 0.19453125 0.02890625 0.06015625
6 0.43671875 0.29375 0.0390625 0.08359375
6 0.2828125 0.3 0.046875 0.08359375
6 0.165625 0.29140625 0.04609375 0.09453125
3 0.20390625 0.30390625 0.03515625 0.08203125
3 0.2625 0.2375 0.03515625 0.08046875
3 0.275 0.196875 0.0265625 0.06328125
3 0.37890625 0.13359375 0.01953125 0.0484375
3 0.4234375 0.14609375 0.02265625 0.05703125
3 0.43984375 0.2328125 0.03125 0.0765625
3 0.52265625 0.24765625 0.03203125 0.08046875
6 0.46484375 0.1984375 0.02890625 0.06875
6 0.46328125 0.11796875 0.01953125 0.04609375
6 0.4828125 0.14296875 0.02265625 0.05078125
10 0.48984375 0.16328125 0.03515625 0.09375
6 0.52265625 0.17109375 0.02421875 0.05625
6 0.54921875 0.13828125 0.02421875 0.05078125
6 0.56953125 0.19140625 0.02421875 0.053125
6 0.6328125 0.2078125 0.02734375 0.0640625
3 0.6328125 0.35 0.0453125 0.090625
3 0.53984375 0.32421875 0.040625 0.09921875
3 0.71796875 0.1734375 0.02109375 0.04140625
3 0.7453125 0.18203125 0.02421875 0.05390625
3 0.79765625 0.17890625 0.02734375 0.05546875
3 0.8921875 0.171875 0.0234375 0.05390625
6 0.76328125 0.1984375 0.0234375 0.05078125
6 0.8234375 0.19921875 0.02421875 0.053125
6 0.846875 0.26328125 0.02734375 0.05703125
6 0.9203125 0.2984375 0.0390625 0.07421875
6 0.97890625 0.309375 0.04140625 0.09375