6 0.18203125 0.58984375 0.06015625 0.11328125
5 0.1421875 0.76328125 0.03515625 0.04453125
3 0.27578125 0.56875 0.04140625 0.0796875
0 0.26953125 0.63515625 0.03671875 0.03671875
6 0.32265625 0.58046875 0.05546875 0.12421875
0 0.29140625 0.75546875 0.05703125 0.078125
3 0.40078125 0.55625 0.04375 0.090625
0 0.3921875 0.64609375 0.03359375 0.0515625
3 0.56953125 0.56953125 0.03515625 0.07578125
3 0.60078125 0.61171875 0.05390625 0.11875
0 0.59609375 0.76640625 0.0515625 0.06640625
6 0.74453125 0.54375 0.053125 0.10703125
5 0.74765625 0.790625 0.04453125 0.040625
6 0.87265625 0.61640625 0.07109375 0.12578125
2 0.92265625 0.80390625 0.13984375 0.06640625
1 0.27265625 0.5984375 0.071875 0.12890625
1 0.5578125 0.603125 0.07421875 0.14140625
10 0.1796875 0.6484375 0.1359375 0.23359375
10 0.31640625 0.6609375 0.13828125 0.259375
10 0.409375 0.596875 0.08828125 0.1640625
10 0.59296875 0.678125 0.13984375 0.24140625
10 0.7421875 0.646875 0.12890625 0.3046875
10 0.871875 0.671875 0.13671875 0.23671875