6 0.18203125 0.59140625 0.06640625 0.11328125
5 0.140625 0.76875 0.0390625 0.03359375
3 0.27578125 0.56796875 0.04140625 0.0796875
0 0.2703125 0.64140625 0.0375 0.05
6 0.32265625 0.58671875 0.05703125 0.13125
0 0.2890625 0.75546875 0.05390625 0.071875
3 0.40390625 0.55546875 0.03984375 0.0890625
0 0.39140625 0.64921875 0.03359375 0.05546875
3 0.56953125 0.56875 0.03515625 0.07421875
3 0.6015625 0.60625 0.05 0.1203125
0 0.59453125 0.76953125 0.06171875 0.05703125
6 0.740625 0.540625 0.0515625 0.10390625
5 0.74765625 0.7890625 0.046875 0.03671875
6 0.86953125 0.6140625 0.06171875 0.11875
2 0.9234375 0.8 0.14609375 0.05546875
10 0.1765625 0.65078125 0.13203125 0.23046875
10 0.31796875 0.65703125 0.134375 0.25546875
10 0.40859375 0.5984375 0.084375 0.15625
10 0.59296875 0.6734375 0.14296875 0.2515625
10 0.7421875 0.64140625 0.12421875 0.30546875
10 0.87265625 0.6703125 0.13515625 0.23515625
1 0.27421875 0.59765625 0.06328125 0.1359375
1 0.5578125 0.603125 0.078125 0.140625