6 0.18203125 0.59375 0.0625 0.11640625
5 0.14140625 0.76171875 0.03203125 0.04375
3 0.278125 0.57265625 0.0359375 0.08046875
0 0.2734375 0.64375 0.0375 0.03359375
6 0.32265625 0.58046875 0.0625 0.1109375
0 0.29140625 0.76171875 0.05859375 0.07109375
3 0.40390625 0.55546875 0.04140625 0.09296875
0 0.39140625 0.6484375 0.03515625 0.0546875
3 0.57109375 0.5734375 0.0328125 0.08046875
6 0.60078125 0.590625 0.05390625 0.10703125
0 0.59609375 0.78046875 0.0578125 0.05703125
9 0.76953125 0.578125 0.06484375 0.13359375
0 0.7671875 0.76640625 0.04140625 0.0515625
6 0.87265625 0.615625 0.071875 0.12421875
2 0.92109375 0.79921875 0.1421875 0.05625
10 0.178125 0.65 0.13359375 0.23125
10 0.31640625 0.6546875 0.13515625 0.25703125
10 0.59296875 0.67421875 0.1359375 0.265625
10 0.75078125 0.65546875 0.13046875 0.28203125
10 0.87265625 0.67734375 0.125 0.23046875
10 0.2703125 0.596875 0.06484375 0.1234375
1 0.40703125 0.5984375 0.08671875 0.16875
1 0.55546875 0.60546875 0.0703125 0.14140625