3 0.06015625 0.6046875 0.06875 0.109375
3 0.1921875 0.6015625 0.05546875 0.10546875
2 0.14140625 0.76953125 0.09140625 0.0484375
3 0.2984375 0.55078125 0.04453125 0.08046875
7 0.278125 0.64296875 0.0640625 0.05546875
3 0.47578125 0.53125 0.03984375 0.08359375
0 0.47578125 0.61875 0.0375 0.03671875
9 0.3875 0.596875 0.0703125 0.121875
7 0.3796875 0.740625 0.1 0.0890625
3 0.671875 0.54296875 0.059375 0.1484375
6 0.7359375 0.46875 0.04609375 0.08125
3 0.7921875 0.48984375 0.06484375 0.13515625
6 0.82578125 0.44375 0.03984375 0.08359375
3 0.96640625 0.50625 0.059375 0.14453125
2 0.8234375 0.73046875 0.07109375 0.05
10 0.0890625 0.65859375 0.12265625 0.21875
10 0.20859375 0.6515625 0.1234375 0.21796875
10 0.30078125 0.58125 0.1 0.146875
10 0.39765625 0.64296875 0.14140625 0.2140625
10 0.48828125 0.56796875 0.09921875 0.1515625
10 0.67265625 0.61328125 0.14140625 0.25703125
10 0.7375 0.5296875 0.07890625 0.19609375
10 0.8171875 0.5734375 0.15625 0.28359375
10 0.846875 0.50078125 0.08359375 0.19375
10 0.9484375 0.57890625 0.10234375 0.2734375