3 0.0453125 0.6359375 0.05859375 0.109375
0 0.02265625 0.76875 0.04453125 0.0703125
6 0.14921875 0.61484375 0.0640625 0.10390625
2 0.12265625 0.78125 0.07890625 0.0484375
3 0.26015625 0.58828125 0.04609375 0.08125
7 0.25703125 0.66640625 0.078125 0.04453125
3 0.45078125 0.55546875 0.04140625 0.078125
0 0.45078125 0.63203125 0.03359375 0.0390625
3 0.36640625 0.61640625 0.059375 0.12578125
7 0.37265625 0.74921875 0.09609375 0.090625
5 0.3140625 0.76640625 0.02734375 0.040625
3 0.61484375 0.5203125 0.0328125 0.0515625
3 0.64453125 0.53671875 0.04140625 0.11875
3 0.7078125 0.50625 0.04140625 0.08359375
3 0.78515625 0.4796875 0.03984375 0.06328125
3 0.91328125 0.5296875 0.06640625 0.1109375
0 0.93515625 0.690625 0.07109375 0.0703125
3 0.77265625 0.5765625 0.07109375 0.11875
7 0.80078125 0.71328125 0.10078125 0.07421875
5 0.73203125 0.74140625 0.0375 0.04296875
10 0.059375 0.684375 0.1171875 0.21953125
10 0.1578125 0.66796875 0.1265625 0.22421875
10 0.278125 0.61796875 0.10859375 0.13125
10 0.38203125 0.66640625 0.15390625 0.2296875
10 0.4609375 0.5890625 0.09296875 0.1359375
10 0.60859375 0.55859375 0.04296875 0.134375
10 0.6421875 0.615625 0.11640625 0.2546875
10 0.7046875 0.54375 0.07265625 0.15546875
10 0.77734375 0.61875 0.1546875 0.209375
10 0.7984375 0.5078125 0.08671875 0.125
10 0.91796875 0.59375 0.15625 0.23671875