10 0.065625 0.24375 0.0796875 0.1203125
10 0.09453125 0.16640625 0.05546875 0.10078125
1 0.1375 0.1515625 0.05 0.07578125
10 0.146875 0.3390625 0.12734375 0.17578125
10 0.27734375 0.35546875 0.1140625 0.15546875
1 0.2546875 0.25546875 0.07421875 0.10390625
10 0.325 0.29296875 0.0890625 0.17578125
10 0.30390625 0.16875 0.03984375 0.0859375
10 0.38125 0.13671875 0.0453125 0.06953125
1 0.3953125 0.2203125 0.06796875 0.0890625
10 0.42109375 0.15859375 0.05546875 0.08515625
10 0.44140625 0.13125 0.03125 0.0765625
10 0.46640625 0.21796875 0.06640625 0.13203125
1 0.44765625 0.28125 0.07265625 0.103125
10 0.446875 0.346875 0.08984375 0.18125
10 0.534375 0.34375 0.0921875 0.18828125
1 0.5171875 0.19765625 0.04765625 0.06953125
10 0.565625 0.16875 0.05859375 0.0890625
10 0.56328125 0.20625 0.04609375 0.0765625
10 0.63046875 0.2296875 0.0828125 0.10703125
1 0.59765625 0.290625 0.06875 0.09453125
10 0.640625 0.36875 0.1328125 0.16640625
0 0.64375 0.43046875 0.05390625 0.0390625
1 0.74375 0.1875 0.04921875 0.08046875
10 0.76875 0.21875 0.05703125 0.08671875
10 0.815625 0.2171875 0.04921875 0.0953125
10 0.8875 0.19296875 0.05078125 0.075
10 0.83046875 0.30390625 0.0765625 0.1234375
10 0.89765625 0.340625 0.08671875 0.15546875
10 0.95546875 0.2890625 0.0484375 0.1109375
2 0.26015625 0.4265625 0.06953125 0.03515625
2 0.515625 0.44296875 0.03828125 0.03203125
2 0.978125 0.46875 0.04375 0.03125
10 0.34296875 0.2453125 0.05234375 0.13515625
10 0.9484375 0.3703125 0.10234375 0.1890625
10 0.70078125 0.1765625 0.04296875 0.09921875
10 0.32734375 0.14375 0.04140625 0.08125
10 0.34296875 0.13515625 0.0328125 0.08125
10 0.0578125 0.19296875 0.07578125 0.09921875
1 0.21328125 0.321875 0.05859375 0.11953125
3 0.065625 0.2265625 0.0328125 0.0734375
3 0.05234375 0.17421875 0.03046875 0.05703125
3 0.08203125 0.14453125 0.02578125 0.0609375
3 0.12890625 0.14375 0.02578125 0.05546875
6 0.16640625 0.296875 0.04140625 0.09453125
3 0.2671875 0.3265625 0.04296875 0.08828125
3 0.30859375 0.2515625 0.0390625 0.090625
6 0.3328125 0.21640625 0.02890625 0.065625
3 0.26328125 0.24375 0.03359375 0.071875
6 0.30234375 0.15625 0.02421875 0.05703125
3 0.31875 0.13125 0.0203125 0.05625
3 0.3359375 0.1234375 0.01953125 0.05390625
3 0.39140625 0.2109375 0.02890625 0.06640625
3 0.38671875 0.128125 0.01953125 0.046875
3 0.4234375 0.14375 0.02265625 0.0546875
9 0.43828125 0.11796875 0.021875 0.05078125
6 0.465625 0.18203125 0.02734375 0.06328125
6 0.453125 0.30234375 0.03671875 0.08828125
3 0.51796875 0.19296875 0.0234375 0.05625
3 0.5671875 0.1515625 0.02421875 0.0515625
3 0.56015625 0.1953125 0.021875 0.0515625
6 0.61640625 0.20546875 0.02578125 0.06328125
3 0.615625 0.28046875 0.0328125 0.07421875
6 0.5328125 0.29453125 0.03828125 0.08671875
3 0.646875 0.340625 0.0453125 0.10078125
3 0.71171875 0.14765625 0.0171875 0.04375
9 0.75390625 0.1734375 0.02421875 0.05625
9 0.784375 0.20234375 0.0234375 0.05078125
3 0.815625 0.19453125 0.0234375 0.05390625
3 0.7984375 0.17109375 0.02421875 0.053125
3 0.8984375 0.18125 0.02578125 0.04921875
3 0.85078125 0.27890625 0.028125 0.06875
6 0.91015625 0.3015625 0.03828125 0.071875
6 0.95390625 0.26171875 0.02890625 0.05625
3 0.9875 0.33046875 0.025 0.0984375