3 0.18671875 0.60625 0.0734375 0.121875
5 0.1390625 0.76875 0.0375 0.03671875
3 0.315625 0.5984375 0.0640625 0.13046875
0 0.2859375 0.7453125 0.05625 0.07421875
9 0.37734375 0.54921875 0.0484375 0.09140625
0 0.38515625 0.64375 0.03671875 0.05546875
3 0.59765625 0.615625 0.065625 0.1203125
0 0.59140625 0.76875 0.06640625 0.07421875
6 0.74296875 0.55546875 0.0609375 0.10703125
5 0.74765625 0.78203125 0.04453125 0.040625
6 0.8609375 0.57421875 0.059375 0.11953125
2 0.91015625 0.80390625 0.1375 0.06640625
1 0.56015625 0.60703125 0.08515625 0.121875
10 0.18515625 0.653125 0.13203125 0.21796875
10 0.31953125 0.65703125 0.13359375 0.24609375
10 0.39765625 0.58828125 0.08203125 0.16875
10 0.59375 0.67421875 0.1390625 0.24375
10 0.74609375 0.64609375 0.13046875 0.290625
10 0.875 0.65390625 0.15234375 0.2734375