8 0.08515625 0.7296875 0.07734375 0.10703125
5 0.04453125 0.8515625 0.05 0.03671875
6 0.240625 0.64375 0.05625 0.1
2 0.18828125 0.84296875 0.11640625 0.0515625
6 0.23515625 0.578125 0.040625 0.06328125
6 0.34765625 0.5796875 0.03828125 0.07421875
5 0.325 0.71171875 0.01875 0.03046875
2 0.35390625 0.71484375 0.03515625 0.03671875
6 0.48203125 0.57265625 0.03828125 0.08046875
3 0.5265625 0.6859375 0.0625 0.11796875
0 0.53515625 0.80546875 0.07109375 0.06484375
6 0.59609375 0.58046875 0.0421875 0.0796875
5 0.61015625 0.70546875 0.01875 0.02578125
6 0.703125 0.60390625 0.0515625 0.09296875
5 0.69453125 0.8203125 0.02890625 0.0390625
3 0.8390625 0.67421875 0.06796875 0.10625
2 0.88515625 0.828125 0.09140625 0.05546875
1 0.10703125 0.7375 0.13671875 0.2046875
10 0.2375 0.71875 0.12265625 0.22421875
10 0.246875 0.62421875 0.08515625 0.14375
10 0.3453125 0.62890625 0.08203125 0.15703125
10 0.48125 0.61953125 0.1015625 0.1609375
10 0.53203125 0.73125 0.13515625 0.196875
10 0.6 0.6203125 0.08203125 0.15390625
10 0.70703125 0.68984375 0.12109375 0.2515625
10 0.85546875 0.7234375 0.12421875 0.18046875