6 0.1359375 0.475 0.05625 0.09453125
2 0.09140625 0.6484375 0.10625 0.05546875
6 0.2578125 0.50546875 0.05859375 0.1015625
0 0.20390625 0.6515625 0.05 0.059375
6 0.39296875 0.48984375 0.0546875 0.1015625
5 0.32265625 0.65546875 0.04375 0.071875
6 0.440625 0.49296875 0.0359375 0.06640625
8 0.6109375 0.56953125 0.059375 0.090625
8 0.715625 0.55703125 0.0578125 0.08515625
8 0.8125 0.5953125 0.0578125 0.08359375
8 0.75703125 0.67578125 0.07265625 0.13125
1 0.60078125 0.57578125 0.10546875 0.12109375
1 0.6984375 0.57890625 0.09296875 0.12109375
1 0.81796875 0.6125 0.10390625 0.10859375
1 0.7453125 0.66328125 0.16328125 0.18203125
10 0.1359375 0.54375 0.14296875 0.2296875
10 0.2515625 0.5640625 0.1328125 0.221875
10 0.37578125 0.56796875 0.14609375 0.24921875
10 0.45 0.534375 0.06796875 0.1546875