10 0.06953125 0.24453125 0.08984375 0.128125
10 0.05625 0.18046875 0.07890625 0.11171875
10 0.1359375 0.14609375 0.05078125 0.07578125
10 0.3296875 0.140625 0.04140625 0.08671875
10 0.37890625 0.13515625 0.04140625 0.08125
10 0.41953125 0.15625 0.05390625 0.08203125
10 0.47578125 0.22109375 0.05546875 0.125
10 0.5234375 0.19296875 0.05 0.096875
1 0.57421875 0.2171875 0.05078125 0.06015625
10 0.63125 0.22890625 0.05390625 0.10625
10 0.64453125 0.3703125 0.13984375 0.17578125
10 0.60703125 0.33125 0.07265625 0.1265625
1 0.596875 0.2875 0.06484375 0.09375
10 0.53828125 0.35546875 0.09453125 0.17578125
10 0.4453125 0.353125 0.10078125 0.175
10 0.44765625 0.27578125 0.07421875 0.11328125
1 0.3984375 0.21875 0.06015625 0.09375
10 0.315625 0.303125 0.0734375 0.15859375
10 0.34765625 0.25 0.065625 0.15
10 0.275 0.34609375 0.10859375 0.16953125
10 0.21796875 0.30546875 0.07109375 0.1484375
10 0.16328125 0.3359375 0.09609375 0.17890625
1 0.71015625 0.1796875 0.0375 0.05703125
1 0.73203125 0.19375 0.05234375 0.07578125
10 0.76484375 0.215625 0.0484375 0.09453125
10 0.809375 0.21796875 0.04296875 0.0859375
10 0.88828125 0.196875 0.05234375 0.08125
10 0.83828125 0.2984375 0.07109375 0.1203125
10 0.896875 0.3484375 0.10078125 0.15546875
1 0.09140625 0.16796875 0.05859375 0.10625
2 0.515625 0.44375 0.03828125 0.03515625
2 0.25703125 0.41875 0.07421875 0.0296875
3 0.06015625 0.2203125 0.03671875 0.07578125
3 0.04453125 0.1578125 0.03203125 0.06796875
3 0.07734375 0.14609375 0.02734375 0.06171875
3 0.12890625 0.14140625 0.02265625 0.05703125
3 0.32734375 0.13046875 0.02109375 0.05859375
3 0.3015625 0.165625 0.025 0.06015625
9 0.37578125 0.121875 0.02109375 0.05078125
3 0.42265625 0.14453125 0.02421875 0.06015625
3 0.39140625 0.20859375 0.03046875 0.06640625
3 0.3296875 0.2140625 0.03125 0.0734375
3 0.29921875 0.2703125 0.0390625 0.090625
3 0.2703125 0.3109375 0.04296875 0.09375
3 0.203125 0.28046875 0.0390625 0.09453125
6 0.16484375 0.296875 0.0421875 0.0953125
3 0.4390625 0.11875 0.02109375 0.0484375
10 0.4421875 0.13046875 0.02890625 0.07578125
9 0.46875 0.1359375 0.02421875 0.05390625
3 0.46484375 0.19453125 0.02890625 0.06953125
3 0.5265625 0.178125 0.02578125 0.06171875
3 0.546875 0.15390625 0.02265625 0.05
3 0.578125 0.16875 0.02578125 0.04921875
1 0.56953125 0.17578125 0.05390625 0.06796875
3 0.578125 0.21171875 0.0234375 0.05546875
3 0.44140625 0.25625 0.034375 0.07109375
3 0.45234375 0.3140625 0.0390625 0.0890625
3 0.528125 0.27890625 0.03046875 0.0703125
6 0.54453125 0.31640625 0.04296875 0.09453125
3 0.625 0.31171875 0.0359375 0.08046875
3 0.65 0.33828125 0.0484375 0.10625
6 0.625 0.20625 0.02578125 0.06171875
0 0.65390625 0.434375 0.05078125 0.0390625
3 0.71640625 0.17109375 0.01875 0.04140625
3 0.74453125 0.18671875 0.02421875 0.05625
9 0.771875 0.19375 0.02421875 0.0515625
6 0.80703125 0.203125 0.025 0.05078125
3 0.90078125 0.1875 0.025 0.0546875
3 0.8546875 0.27421875 0.03046875 0.06953125
7 0.846875 0.33984375 0.04453125 0.028125
3 0.91953125 0.31796875 0.040625 0.0859375
3 0.97578125 0.2734375 0.03046875 0.06953125
10 0.9640625 0.29140625 0.059375 0.11484375
2 0.97890625 0.46796875 0.03828125 0.034375
3 0.26171875 0.23828125 0.03515625 0.07109375