6 0.21953125 0.5734375 0.05546875 0.10546875
5 0.1390625 0.76640625 0.03359375 0.03671875
3 0.2765625 0.56875 0.0375 0.08125
0 0.27890625 0.64140625 0.03125 0.0390625
3 0.315625 0.60546875 0.0625 0.13359375
0 0.29375 0.74375 0.0578125 0.06640625
3 0.3984375 0.55703125 0.04453125 0.09609375
0 0.3921875 0.6453125 0.04296875 0.05703125
3 0.56640625 0.57890625 0.03203125 0.0609375
3 0.60078125 0.62109375 0.05859375 0.11953125
0 0.59765625 0.76796875 0.06796875 0.06875
6 0.734375 0.56875 0.0625 0.109375
9 0.86328125 0.61875 0.07265625 0.11484375
2 0.90703125 0.81015625 0.14609375 0.05703125
10 0.2109375 0.646875 0.1203125 0.2296875
10 0.315625 0.66328125 0.14765625 0.2453125
10 0.59375 0.68203125 0.1390625 0.23828125
10 0.73359375 0.653125 0.13671875 0.271875
10 0.86484375 0.68046875 0.1359375 0.23203125
1 0.2796875 0.6 0.04609375 0.140625
1 0.40703125 0.59609375 0.08984375 0.16484375
1 0.56015625 0.609375 0.08671875 0.13046875
1 0.7875 0.61328125 0.05546875 0.14453125