10 0.07265625 0.24296875 0.07734375 0.13046875
10 0.0921875 0.16640625 0.05546875 0.1140625
10 0.13515625 0.14296875 0.05625 0.08203125
10 0.3796875 0.13125 0.05546875 0.07578125
10 0.30703125 0.17890625 0.03828125 0.09453125
10 0.26015625 0.2515625 0.07734375 0.140625
10 0.3359375 0.25078125 0.0625 0.1390625
1 0.31796875 0.31328125 0.0890625 0.13125
1 0.26484375 0.36796875 0.1296875 0.1359375
10 0.15703125 0.3359375 0.1125 0.18046875
10 0.41875 0.15546875 0.05390625 0.08515625
1 0.39765625 0.221875 0.06015625 0.09453125
10 0.43828125 0.25625 0.08671875 0.14375
1 0.45078125 0.38125 0.09765625 0.121875
2 0.51484375 0.44296875 0.03984375 0.03828125
10 0.5171875 0.18125 0.04609375 0.1046875
10 0.56875 0.2046875 0.04765625 0.08125
10 0.5234375 0.25625 0.06796875 0.14140625
10 0.54140625 0.35625 0.09453125 0.175
10 0.64765625 0.23046875 0.05859375 0.11484375
10 0.6375 0.37890625 0.10234375 0.1453125
1 0.709375 0.17890625 0.0390625 0.05859375
1 0.73203125 0.19296875 0.05859375 0.07890625
10 0.7953125 0.18359375 0.04296875 0.06875
10 0.76328125 0.21796875 0.05078125 0.08828125
10 0.815625 0.21796875 0.05546875 0.08984375
10 0.88515625 0.18984375 0.04375 0.090625
10 0.865625 0.24453125 0.03984375 0.09375
10 0.83671875 0.29296875 0.0640625 0.1234375
10 0.9 0.33828125 0.0734375 0.15546875
10 0.946875 0.36875 0.10625 0.228125
10 0.5421875 0.153125 0.03515625 0.0796875
10 0.471875 0.21875 0.04453125 0.11640625
6 0.0140625 0.2375 0.02734375 0.06953125
10 0.0296875 0.28125 0.0578125 0.16171875
3 0.06328125 0.21796875 0.03125 0.0765625
3 0.05234375 0.1640625 0.0328125 0.0609375
3 0.078125 0.140625 0.02734375 0.06484375
3 0.128125 0.13359375 0.02578125 0.05546875
3 0.32578125 0.1484375 0.02109375 0.05546875
3 0.33203125 0.11875 0.02109375 0.05
3 0.390625 0.11875 0.0234375 0.0515625
6 0.3015625 0.15625 0.025 0.0546875
6 0.340625 0.16875 0.028125 0.0515625
6 0.3375 0.21484375 0.0296875 0.0609375
6 0.26640625 0.21796875 0.03359375 0.0734375
3 0.31953125 0.31015625 0.04296875 0.08125
3 0.20390625 0.30625 0.03828125 0.08203125
6 0.16640625 0.29296875 0.04453125 0.08984375
3 0.24609375 0.3484375 0.04609375 0.09453125
3 0.38671875 0.20859375 0.0328125 0.06328125
3 0.42109375 0.14375 0.0234375 0.05703125
6 0.453125 0.12578125 0.0203125 0.0484375
6 0.46484375 0.1609375 0.0296875 0.04453125
6 0.46640625 0.13125 0.021875 0.0359375
9 0.45 0.2234375 0.0359375 0.08125
6 0.51953125 0.16015625 0.02421875 0.05546875
6 0.53828125 0.13515625 0.01875 0.04453125
9 0.56640625 0.19140625 0.025 0.05390625
3 0.4734375 0.3703125 0.04453125 0.09609375
3 0.54375 0.321875 0.03984375 0.10546875
6 0.65078125 0.20546875 0.03046875 0.06484375
3 0.6265625 0.35390625 0.046875 0.09375
3 0.71640625 0.16953125 0.01875 0.04375
3 0.7453125 0.1796875 0.025 0.05390625
3 0.80078125 0.17421875 0.02578125 0.05625
3 0.82421875 0.20234375 0.0234375 0.053125
3 0.8625 0.23125 0.02890625 0.06015625
3 0.89375 0.16875 0.025 0.05078125
6 0.76953125 0.19453125 0.02421875 0.05
6 0.83828125 0.26484375 0.02734375 0.06328125
6 0.91015625 0.29765625 0.03984375 0.06953125
3 0.97578125 0.309375 0.04765625 0.10546875