10 0.06484375 0.24296875 0.08203125 0.12109375
10 0.1390625 0.15078125 0.04921875 0.075
10 0.14921875 0.340625 0.1203125 0.175
10 0.278125 0.35546875 0.1140625 0.15546875
1 0.25078125 0.25546875 0.07265625 0.10078125
10 0.32578125 0.30625 0.096875 0.15859375
10 0.375 0.13828125 0.0484375 0.0703125
1 0.39921875 0.225 0.06171875 0.08515625
10 0.42109375 0.159375 0.05546875 0.08828125
10 0.44296875 0.13046875 0.028125 0.078125
10 0.47890625 0.159375 0.03671875 0.096875
10 0.46640625 0.21875 0.06640625 0.125
1 0.44765625 0.2796875 0.071875 0.109375
10 0.446875 0.35078125 0.08984375 0.18046875
10 0.53515625 0.346875 0.09140625 0.18828125
10 0.51953125 0.1875 0.04921875 0.09375
10 0.56796875 0.1609375 0.0609375 0.1
10 0.56328125 0.20859375 0.04609375 0.0765625
10 0.6484375 0.2328125 0.05546875 0.09921875
1 0.596875 0.28671875 0.0671875 0.09453125
10 0.6390625 0.37109375 0.13203125 0.16640625
0 0.64375 0.43046875 0.05234375 0.040625
1 0.73203125 0.1921875 0.05390625 0.08046875
1 0.79765625 0.190625 0.03828125 0.06796875
10 0.765625 0.21640625 0.053125 0.09453125
10 0.815625 0.21875 0.05 0.08203125
10 0.88515625 0.203125 0.04921875 0.0734375
10 0.8359375 0.2953125 0.06953125 0.11484375
10 0.8984375 0.340625 0.084375 0.1609375
10 0.96484375 0.296875 0.06484375 0.10078125
2 0.26015625 0.4265625 0.06953125 0.03515625
2 0.515625 0.44296875 0.03828125 0.03203125
2 0.978125 0.46875 0.04375 0.03125
10 0.3328125 0.23984375 0.09296875 0.14609375
10 0.703125 0.17421875 0.04296875 0.09453125
3 0.06328125 0.21953125 0.034375 0.071875
10 0.0921875 0.16640625 0.05859375 0.1015625
9 0.0765625 0.1484375 0.02734375 0.06640625
3 0.13203125 0.14296875 0.02421875 0.05703125
6 0.15546875 0.3015625 0.04375 0.09453125
3 0.265625 0.32109375 0.04453125 0.08984375
3 0.30390625 0.27421875 0.04296875 0.09453125
3 0.265625 0.24375 0.03359375 0.078125
6 0.33125 0.20078125 0.0328125 0.065625
6 0.3234375 0.128125 0.02109375 0.05078125
10 0.33046875 0.14453125 0.0421875 0.08671875
9 0.3625 0.13046875 0.0203125 0.05078125
3 0.396875 0.21640625 0.0296875 0.06484375
3 0.42421875 0.14609375 0.0234375 0.05625
6 0.4390625 0.11640625 0.02109375 0.0453125
3 0.471875 0.1390625 0.021875 0.05625
3 0.46875 0.18984375 0.02890625 0.06640625
3 0.4390625 0.26171875 0.03203125 0.065625
6 0.45390625 0.30546875 0.03828125 0.0859375
6 0.5390625 0.2984375 0.03828125 0.08828125
3 0.51953125 0.16953125 0.02421875 0.05703125
3 0.57265625 0.13828125 0.02421875 0.05390625
6 0.56875 0.19453125 0.0234375 0.0453125
3 0.6484375 0.2171875 0.02734375 0.0640625
3 0.64375 0.33984375 0.0484375 0.1015625
3 0.7125 0.1453125 0.01953125 0.04296875
3 0.74453125 0.17890625 0.025 0.0515625
3 0.76953125 0.19609375 0.02421875 0.05078125
3 0.80234375 0.18359375 0.02578125 0.05390625
3 0.82421875 0.20546875 0.02265625 0.05
3 0.89609375 0.1953125 0.02578125 0.05390625
3 0.853125 0.275 0.02890625 0.06875
6 0.9078125 0.2984375 0.03828125 0.07578125
3 0.9796875 0.28125 0.03203125 0.06484375