3 0.03828125 0.6109375 0.065625 0.11875
9 0.1234375 0.58515625 0.06640625 0.12421875
7 0.0890625 0.74296875 0.09453125 0.0703125
3 0.26015625 0.540625 0.04375 0.0890625
7 0.246875 0.6390625 0.0765625 0.06328125
3 0.3640625 0.58203125 0.05546875 0.13515625
0 0.35390625 0.71796875 0.05859375 0.05703125
3 0.45078125 0.5234375 0.04453125 0.08359375
0 0.45078125 0.6 0.04140625 0.04453125
3 0.62265625 0.4984375 0.04375 0.08125
3 0.6671875 0.528125 0.05546875 0.1296875
3 0.70703125 0.4734375 0.04453125 0.08359375
3 0.7921875 0.44453125 0.04453125 0.09609375
9 0.7609375 0.5203125 0.06796875 0.13671875
3 0.92578125 0.49375 0.06953125 0.13125
0 0.9484375 0.66640625 0.06875 0.06328125
7 0.80078125 0.67890625 0.10390625 0.08359375
10 0.0515625 0.65703125 0.10234375 0.22578125
10 0.1546875 0.64609375 0.15 0.23828125
10 0.265625 0.57421875 0.109375 0.14609375
10 0.375 0.6359375 0.159375 0.23125
10 0.46015625 0.55625 0.096875 0.1515625
10 0.6171875 0.52890625 0.06015625 0.14375
10 0.65 0.5921875 0.11328125 0.26015625
10 0.7109375 0.4890625 0.06640625 0.12890625
10 0.775 0.58359375 0.15078125 0.253125
10 0.809375 0.490625 0.07578125 0.18046875
10 0.92578125 0.559375 0.146875 0.26171875