10 0.06953125 0.2484375 0.08828125 0.13046875
10 0.13515625 0.14296875 0.05703125 0.084375
10 0.0921875 0.15859375 0.05546875 0.1109375
10 0.33203125 0.15390625 0.04453125 0.078125
10 0.30390625 0.17734375 0.04453125 0.09921875
10 0.34375 0.24921875 0.0609375 0.13359375
1 0.39296875 0.228125 0.0546875 0.0890625
10 0.41875 0.15546875 0.05546875 0.08515625
10 0.47265625 0.21875 0.046875 0.11484375
10 0.44140625 0.265625 0.06875 0.12109375
10 0.5265625 0.25625 0.06640625 0.13984375
10 0.571875 0.20625 0.05078125 0.08203125
10 0.64453125 0.22890625 0.06015625 0.11171875
10 0.6 0.28125 0.05390625 0.0953125
10 0.63515625 0.36796875 0.09921875 0.1640625
10 0.54375 0.36171875 0.09453125 0.16875
10 0.446875 0.34609375 0.0921875 0.18828125
1 0.26015625 0.36328125 0.13046875 0.14375
10 0.32421875 0.30546875 0.11171875 0.14609375
10 0.14375 0.34375 0.13515625 0.178125
10 0.21328125 0.303125 0.06875 0.1390625
10 0.27890625 0.2015625 0.04921875 0.08828125
10 0.25703125 0.25546875 0.059375 0.10546875
1 0.709375 0.18046875 0.0390625 0.05625
10 0.7296875 0.1890625 0.05234375 0.096875
10 0.79140625 0.18203125 0.04453125 0.0796875
10 0.765625 0.21796875 0.0578125 0.1
10 0.81640625 0.21875 0.053125 0.09296875
10 0.88515625 0.1921875 0.04140625 0.09140625
10 0.83203125 0.29375 0.07421875 0.13203125
10 0.90390625 0.3359375 0.08515625 0.159375
10 0.9625 0.3875 0.075 0.19375
10 0.03359375 0.15625 0.05390625 0.075
1 0.54765625 0.15625 0.04296875 0.06953125
3 0.06328125 0.225 0.03203125 0.06875
9 0.03515625 0.146875 0.03359375 0.05625
9 0.08125 0.140625 0.0296875 0.06484375
3 0.12578125 0.13125 0.025 0.05625
3 0.36875 0.11796875 0.0203125 0.053125
10 0.378125 0.13203125 0.05078125 0.08203125
9 0.3328125 0.14375 0.02578125 0.0515625
6 0.3015625 0.15625 0.025 0.053125
6 0.27109375 0.18984375 0.0265625 0.059375
6 0.3390625 0.209375 0.03046875 0.05625
3 0.4234375 0.146875 0.02265625 0.05625
3 0.38828125 0.21875 0.03046875 0.06640625
3 0.2984375 0.27890625 0.04140625 0.08828125
3 0.2625 0.24375 0.03359375 0.078125
3 0.215625 0.28046875 0.0390625 0.08828125
6 0.1484375 0.30703125 0.04765625 0.1015625
3 0.25390625 0.34375 0.04765625 0.0984375
6 0.4421875 0.2984375 0.03828125 0.08125
3 0.4296875 0.24296875 0.03125 0.07109375
6 0.45625 0.11875 0.0203125 0.04609375
10 0.46328125 0.140625 0.04375 0.08359375
6 0.4703125 0.1921875 0.02578125 0.05859375
10 0.51640625 0.16328125 0.02421875 0.05546875
10 0.51953125 0.1859375 0.04921875 0.09609375
3 0.5234375 0.22890625 0.03203125 0.0765625
6 0.56953125 0.18984375 0.02109375 0.0484375
3 0.55625 0.14453125 0.0203125 0.046875
6 0.64765625 0.20625 0.02890625 0.065625
3 0.60703125 0.27109375 0.034375 0.075
2 0.3984375 0.43203125 0.06015625 0.03203125
2 0.51484375 0.44375 0.03828125 0.03515625
9 0.5640625 0.33046875 0.04453125 0.1015625
3 0.62265625 0.3375 0.04765625 0.09375
3 0.71640625 0.17265625 0.01875 0.04375
3 0.73828125 0.16875 0.02265625 0.05390625
3 0.76328125 0.19296875 0.02265625 0.053125
3 0.7859375 0.16953125 0.02578125 0.05390625
3 0.82578125 0.2 0.025 0.05546875
6 0.840625 0.26171875 0.02890625 0.05703125
6 0.86640625 0.22890625 0.02578125 0.053125
3 0.8921875 0.16953125 0.02578125 0.05078125
6 0.91328125 0.29921875 0.03828125 0.06953125
3 0.98671875 0.2828125 0.0265625 0.06953125
1 0.96875 0.30078125 0.06171875 0.10546875