3 0.14609375 0.5203125 0.0578125 0.1109375
7 0.1109375 0.63046875 0.109375 0.07578125
3 0.27578125 0.52421875 0.05546875 0.11875
0 0.24765625 0.64609375 0.04765625 0.059375
9 0.38125 0.50078125 0.0578125 0.11328125
5 0.3328125 0.68046875 0.03125 0.04296875
6 0.4375 0.4859375 0.0421875 0.071875
6 0.6203125 0.49375 0.04140625 0.08515625
6 0.71953125 0.51171875 0.0375 0.06875
9 0.796875 0.52109375 0.0421875 0.08046875
6 0.76328125 0.559375 0.05546875 0.11484375
2 0.75234375 0.734375 0.0953125 0.05546875
10 0.1578125 0.56328125 0.12578125 0.17421875
10 0.27578125 0.56875 0.11328125 0.2046875
10 0.39765625 0.56875 0.14921875 0.24375
10 0.453125 0.528125 0.0703125 0.15859375
10 0.60546875 0.5390625 0.1078125 0.16171875
10 0.7078125 0.55078125 0.07734375 0.14453125
10 0.74921875 0.621875 0.13984375 0.234375
10 0.81015625 0.565625 0.06796875 0.16171875