8 0.11640625 0.75703125 0.06875 0.11875
5 0.0578125 0.83046875 0.040625 0.040625
3 0.23203125 0.60546875 0.04609375 0.08671875
0 0.21328125 0.68125 0.0375 0.03671875
8 0.24453125 0.74140625 0.0625 0.13515625
3 0.34609375 0.603125 0.0421875 0.090625
0 0.3359375 0.684375 0.03359375 0.05546875
3 0.5234375 0.62109375 0.04375 0.08046875
5 0.52890625 0.70390625 0.03671875 0.0296875
3 0.62578125 0.61484375 0.04375 0.08515625
7 0.62265625 0.69296875 0.06015625 0.0515625
6 0.7515625 0.6015625 0.06015625 0.11484375
5 0.75390625 0.828125 0.03984375 0.040625
6 0.878125 0.62109375 0.0609375 0.10625
2 0.9390625 0.84609375 0.1125 0.06953125
5 0.228125 0.84140625 0.0296875 0.03515625
10 0.2296875 0.6375 0.08984375 0.14375
10 0.3515625 0.634375 0.09296875 0.159375
10 0.51953125 0.6359375 0.11171875 0.13125
10 0.628125 0.63828125 0.09921875 0.13671875
10 0.73125 0.684375 0.17421875 0.26875
10 0.87578125 0.703125 0.12578125 0.24609375
1 0.109375 0.73046875 0.171875 0.18515625
1 0.259375 0.7484375 0.14296875 0.203125