6 0.30703125 0.41796875 0.03046875 0.05078125
3 0.3671875 0.40859375 0.0296875 0.0609375
3 0.115625 0.42890625 0.02578125 0.04609375
3 0.27421875 0.4109375 0.03046875 0.06640625
6 0.90703125 0.48125 0.03671875 0.0734375
7 0.8140625 0.521875 0.03359375 0.03125
6 0.971875 0.45625 0.034375 0.0734375
6 0.81015625 0.39921875 0.02421875 0.05390625
6 0.778125 0.40625 0.0234375 0.046875
6 0.84140625 0.37578125 0.01640625 0.03671875
10 0.81640625 0.46171875 0.07421875 0.13046875
10 0.959375 0.50234375 0.08046875 0.1640625
10 0.66875 0.346875 0.0453125 0.06953125
10 0.634375 0.32890625 0.03515625 0.0609375
10 0.71953125 0.40625 0.06015625 0.075
10 0.746875 0.33046875 0.03359375 0.06015625
1 0.70703125 0.35 0.03671875 0.05546875
3 0.87578125 0.45 0.03203125 0.06875
10 0.765625 0.43359375 0.05703125 0.11015625
6 0.575 0.415625 0.02890625 0.05078125
1 0.575 0.45546875 0.0671875 0.1265625
7 0.43359375 0.49453125 0.0234375 0.03828125
6 0.5046875 0.41875 0.03046875 0.0640625
10 0.50390625 0.45546875 0.06328125 0.13125
6 0.35078125 0.35546875 0.02265625 0.040625
3 0.4421875 0.375 0.02421875 0.05
6 0.49296875 0.31640625 0.01875 0.0453125
10 0.49375 0.33125 0.0390625 0.075
10 0.3125 0.35625 0.04765625 0.0640625
10 0.40703125 0.35546875 0.040625 0.075
10 0.45 0.328125 0.04765625 0.09140625
3 0.53046875 0.334375 0.01484375 0.03515625
10 0.53125 0.34375 0.0359375 0.05859375
6 0.58125 0.34375 0.0171875 0.03984375
10 0.58203125 0.359375 0.03515625 0.075
6 0.41875 0.2921875 0.0171875 0.03828125
10 0.309375 0.453125 0.06796875 0.11484375
10 0.37265625 0.43046875 0.07109375 0.09453125
6 0.44140625 0.4234375 0.03203125 0.06484375
10 0.43125 0.45625 0.075 0.12109375
3 0.0109375 0.378125 0.02109375 0.04609375
1 0.0234375 0.3859375 0.04609375 0.06875
3 0.0734375 0.353125 0.02109375 0.0390625
10 0.078125 0.35546875 0.03828125 0.05546875
6 0.16640625 0.34375 0.01953125 0.03515625
10 0.1765625 0.37734375 0.05546875 0.10078125
1 0.11328125 0.434375 0.08125 0.08046875
3 0.11328125 0.35625 0.01875 0.034375
3 0.14765625 0.31875 0.02109375 0.040625
3 0.18515625 0.31875 0.02109375 0.03671875
3 0.21640625 0.30703125 0.01640625 0.03828125
10 0.2234375 0.315625 0.03515625 0.04921875
3 0.31171875 0.3484375 0.02109375 0.0453125
6 0.334375 0.315625 0.01953125 0.040625
2 0.17578125 0.4296875 0.02578125 0.01875
10 0.88828125 0.51640625 0.08671875 0.14296875
6 0.66953125 0.33046875 0.01328125 0.02890625
7 0.709375 0.4421875 0.0203125 0.01796875
3 0.75 0.31796875 0.01640625 0.034375
3 0.7109375 0.34296875 0.01328125 0.034375
3 0.55625 0.3859375 0.0234375 0.05625
6 0.54296875 0.2890625 0.01171875 0.02890625
10 0.54375 0.3 0.02890625 0.05546875
3 0.52265625 0.30546875 0.015625 0.0390625
10 0.5171875 0.3171875 0.02890625 0.05859375
6 0.3484375 0.29921875 0.01640625 0.0359375
10 0.35390625 0.309375 0.04296875 0.05625
3 0.396875 0.3015625 0.01171875 0.02578125
9 0.45 0.30625 0.02265625 0.05
2 0.325 0.51796875 0.01015625 0.01015625
10 0.26015625 0.428125 0.05546875 0.090625
3 0.7359375 0.39609375 0.02421875 0.04921875
10 0.39375 0.30546875 0.0296875 0.0359375
3 0.83359375 0.42734375 0.0328125 0.0640625
10 0.34140625 0.38046875 0.04375 0.1015625
6 0.40390625 0.33671875 0.02109375 0.0453125
0 0.40390625 0.346875 0.021875 0.03046875
10 0.54453125 0.3984375 0.046875 0.08125