3 0.121875 0.48359375 0.059375 0.1109375
7 0.09765625 0.621875 0.103125 0.09453125
6 0.26328125 0.49921875 0.05078125 0.109375
5 0.2421875 0.6640625 0.03671875 0.05
9 0.37265625 0.49453125 0.0625 0.1109375
0 0.32578125 0.65546875 0.03203125 0.07421875
6 0.428125 0.49453125 0.03671875 0.08125
6 0.6015625 0.48046875 0.0375 0.071875
6 0.69140625 0.51953125 0.04140625 0.07578125
6 0.79453125 0.53046875 0.040625 0.0796875
3 0.74765625 0.571875 0.05859375 0.1109375
2 0.73984375 0.73671875 0.0953125 0.06640625
10 0.14140625 0.54375 0.128125 0.21953125
10 0.26484375 0.56171875 0.11171875 0.21875
10 0.38828125 0.56796875 0.15078125 0.25390625
10 0.44453125 0.53515625 0.06640625 0.15
10 0.59375 0.5359375 0.09609375 0.16875
10 0.68828125 0.55625 0.09453125 0.14140625
10 0.73515625 0.62890625 0.13828125 0.228125
10 0.79921875 0.575 0.06015625 0.15546875