3 0.11171875 0.53046875 0.0640625 0.109375
7 0.0859375 0.63984375 0.103125 0.08671875
6 0.26953125 0.49453125 0.04765625 0.10390625
5 0.240625 0.66640625 0.0296875 0.04453125
6 0.39375 0.4796875 0.0515625 0.10703125
5 0.3171875 0.684375 0.03359375 0.03515625
3 0.43203125 0.4953125 0.0375 0.07578125
6 0.59765625 0.48671875 0.04453125 0.08125
6 0.68515625 0.509375 0.03828125 0.07421875
6 0.784375 0.53125 0.040625 0.0890625
3 0.728125 0.6046875 0.0640625 0.1203125
2 0.7359375 0.74140625 0.0875 0.05703125
10 0.13359375 0.57578125 0.12578125 0.1765625
10 0.26640625 0.5609375 0.11015625 0.2203125
10 0.39375 0.56171875 0.14609375 0.25390625
10 0.44140625 0.540625 0.05859375 0.15859375
10 0.58984375 0.53984375 0.0984375 0.17421875
10 0.6828125 0.55703125 0.08203125 0.146875
10 0.7265625 0.6453125 0.1421875 0.2015625
10 0.7890625 0.57109375 0.07890625 0.1609375