6 0.18125 0.590625 0.0703125 0.11484375
5 0.14140625 0.76796875 0.03359375 0.0390625
3 0.27578125 0.56875 0.03515625 0.08671875
0 0.27734375 0.63203125 0.0296875 0.03359375
6 0.31953125 0.58046875 0.06328125 0.11328125
0 0.290625 0.75625 0.053125 0.07421875
3 0.40390625 0.55546875 0.04609375 0.1015625
0 0.39296875 0.64609375 0.0390625 0.05
3 0.57421875 0.56875 0.0390625 0.06640625
6 0.59765625 0.5875 0.05390625 0.09375
0 0.59453125 0.778125 0.05390625 0.059375
9 0.77109375 0.57890625 0.0671875 0.13515625
0 0.76328125 0.759375 0.05703125 0.05625
6 0.87265625 0.61875 0.06015625 0.12578125
2 0.92109375 0.80546875 0.1421875 0.059375
10 0.18125 0.65390625 0.1359375 0.2265625
10 0.31875 0.65703125 0.13515625 0.26328125
10 0.2703125 0.5953125 0.06640625 0.12421875
10 0.59375 0.6796875 0.1390625 0.25546875
10 0.75 0.65390625 0.1203125 0.28046875
10 0.8734375 0.6765625 0.13125 0.23515625
1 0.409375 0.59453125 0.084375 0.16328125
1 0.5546875 0.60234375 0.07109375 0.1265625