10 0.07109375 0.2484375 0.0890625 0.13125
10 0.05703125 0.18828125 0.08046875 0.09921875
10 0.13515625 0.146875 0.04921875 0.06953125
10 0.3375 0.14296875 0.0515625 0.08984375
10 0.30703125 0.175 0.04140625 0.09453125
10 0.37890625 0.140625 0.04453125 0.06484375
10 0.41953125 0.15625 0.05390625 0.08203125
10 0.478125 0.16171875 0.03671875 0.10625
10 0.47578125 0.21953125 0.05546875 0.12578125
10 0.5234375 0.1890625 0.04921875 0.103125
10 0.55 0.14296875 0.0390625 0.0765625
10 0.57421875 0.20625 0.05078125 0.07109375
10 0.63203125 0.2296875 0.05546875 0.10546875
10 0.6453125 0.36875 0.13515625 0.1796875
10 0.60390625 0.33359375 0.06484375 0.13125
1 0.59765625 0.2890625 0.06640625 0.0984375
10 0.53828125 0.35546875 0.09453125 0.17578125
10 0.44453125 0.35078125 0.10078125 0.18671875
1 0.44765625 0.2734375 0.07578125 0.115625
1 0.39765625 0.22890625 0.059375 0.08828125
10 0.32578125 0.30546875 0.07265625 0.1484375
10 0.34375 0.24765625 0.04765625 0.13046875
10 0.2703125 0.24375 0.06953125 0.12421875
10 0.275 0.34453125 0.1140625 0.17578125
10 0.21640625 0.3046875 0.08125 0.1484375
10 0.1625 0.3359375 0.0984375 0.18046875
1 0.71015625 0.1796875 0.0375 0.05703125
1 0.73359375 0.19296875 0.05703125 0.0734375
10 0.76484375 0.21875 0.0484375 0.09609375
10 0.81015625 0.21875 0.04375 0.0890625
1 0.88828125 0.2015625 0.05546875 0.0734375
10 0.83984375 0.29296875 0.07265625 0.11953125
10 0.8984375 0.33203125 0.078125 0.1609375
10 0.959375 0.365625 0.08125 0.203125
3 0.0625 0.22265625 0.03515625 0.08046875
3 0.05234375 0.16796875 0.03203125 0.06171875
1 0.09375 0.16875 0.0609375 0.10390625
3 0.0765625 0.14765625 0.02734375 0.06796875
3 0.128125 0.1421875 0.02421875 0.0546875
6 0.34140625 0.13046875 0.02109375 0.05078125
3 0.375 0.13125 0.01953125 0.0515625
3 0.42265625 0.14296875 0.021875 0.05625
3 0.30078125 0.159375 0.02578125 0.05546875
6 0.44453125 0.11171875 0.02109375 0.04375
10 0.44609375 0.13046875 0.02890625 0.08359375
6 0.47265625 0.13125 0.02421875 0.04609375
3 0.46328125 0.19375 0.02734375 0.06953125
3 0.390625 0.21796875 0.03125 0.06171875
3 0.33515625 0.21875 0.02890625 0.06640625
6 0.2875 0.21796875 0.03359375 0.065625
3 0.32265625 0.28046875 0.040625 0.08515625
3 0.27109375 0.309375 0.0421875 0.09375
2 0.259375 0.41953125 0.0734375 0.028125
3 0.19453125 0.28046875 0.03828125 0.09140625
6 0.16015625 0.29296875 0.04375 0.09140625
3 0.55546875 0.13046875 0.01953125 0.0515625
3 0.51953125 0.16875 0.025 0.059375
3 0.52578125 0.26640625 0.03046875 0.08125
6 0.4546875 0.296875 0.03515625 0.08046875
6 0.54453125 0.315625 0.04140625 0.09453125
3 0.65078125 0.33671875 0.04765625 0.10625
3 0.621875 0.3125 0.03125 0.08046875
3 0.61328125 0.2734375 0.03203125 0.06953125
3 0.58203125 0.19921875 0.025 0.05625
6 0.62890625 0.20625 0.02578125 0.06171875
3 0.71875 0.16875 0.01875 0.04296875
3 0.74375 0.18359375 0.0234375 0.0515625
9 0.771875 0.19375 0.02578125 0.053125
9 0.80625 0.203125 0.02578125 0.05390625
3 0.896875 0.19296875 0.02734375 0.05078125
3 0.85546875 0.27109375 0.0296875 0.0734375
7 0.84765625 0.3421875 0.040625 0.02890625
6 0.9046875 0.29296875 0.03828125 0.07578125
6 0.98046875 0.31015625 0.0390625 0.0953125
2 0.51640625 0.44296875 0.03828125 0.0359375
0 0.65625 0.43203125 0.05546875 0.03984375
2 0.89609375 0.41640625 0.03359375 0.02578125
2 0.97890625 0.46875 0.0390625 0.02890625