10 0.06875 0.24296875 0.0859375 0.13046875
1 0.1375 0.146875 0.05390625 0.06875
10 0.38203125 0.1359375 0.03984375 0.06875
10 0.30703125 0.16953125 0.040625 0.08671875
10 0.27265625 0.24921875 0.07890625 0.11875
10 0.33828125 0.25078125 0.059375 0.13828125
10 0.2734375 0.34375 0.1125 0.17578125
10 0.165625 0.334375 0.09609375 0.18125
10 0.421875 0.15546875 0.05078125 0.08359375
10 0.4 0.21875 0.065625 0.10390625
10 0.446875 0.26484375 0.07265625 0.13515625
10 0.44453125 0.34765625 0.09921875 0.18046875
2 0.51484375 0.44296875 0.03984375 0.03828125
10 0.56875 0.20546875 0.0515625 0.078125
10 0.534375 0.353125 0.0921875 0.19375
10 0.63125 0.22890625 0.0578125 0.109375
10 0.65078125 0.365625 0.13046875 0.18984375
1 0.7109375 0.178125 0.0375 0.05390625
1 0.73203125 0.19296875 0.05625 0.0859375
10 0.765625 0.2171875 0.05078125 0.08984375
10 0.81640625 0.215625 0.05546875 0.0890625
10 0.884375 0.18984375 0.0421875 0.0890625
10 0.83828125 0.29375 0.06640625 0.1234375
10 0.91328125 0.34296875 0.1 0.15
10 0.959375 0.36953125 0.08125 0.21328125
10 0.34375 0.14296875 0.06640625 0.09140625
10 0.4765625 0.22109375 0.05703125 0.12421875
1 0.2125 0.31875 0.0671875 0.121875
10 0.51875 0.184375 0.04921875 0.1
2 0.25625 0.41875 0.0734375 0.03359375
1 0.31171875 0.31875 0.0609375 0.1515625
1 0.596875 0.29140625 0.0640625 0.09375
3 0.0625 0.21796875 0.0328125 0.0765625
3 0.06328125 0.16015625 0.03203125 0.06875
3 0.0359375 0.15625 0.03046875 0.0640625
3 0.125 0.14375 0.0265625 0.059375
9 0.3484375 0.128125 0.025 0.05390625
3 0.3765625 0.12890625 0.02109375 0.053125
6 0.3 0.15625 0.02578125 0.05625
6 0.3375 0.20859375 0.0296875 0.06328125
8 0.309375 0.30703125 0.0390625 0.08359375
6 0.275 0.29921875 0.0421875 0.08203125
3 0.196875 0.30078125 0.0390625 0.08046875
6 0.16015625 0.29375 0.04140625 0.09296875
6 0.29453125 0.22265625 0.03203125 0.06953125
3 0.27578125 0.19296875 0.028125 0.06328125
3 0.4234375 0.146875 0.02265625 0.05546875
3 0.403125 0.20546875 0.03203125 0.06640625
3 0.46328125 0.19375 0.02734375 0.06875
6 0.465625 0.13828125 0.02421875 0.05
6 0.44296875 0.23359375 0.0328125 0.07421875
6 0.45625 0.29609375 0.03984375 0.08046875
6 0.53515625 0.29453125 0.04375 0.0859375
6 0.51640625 0.16328125 0.02734375 0.05546875
6 0.559375 0.14296875 0.02265625 0.0515625
10 0.5546875 0.16484375 0.04296875 0.09609375
9 0.56953125 0.19375 0.025 0.04921875
6 0.63203125 0.20546875 0.02734375 0.06484375
6 0.64453125 0.3171875 0.04765625 0.0953125
3 0.7171875 0.17265625 0.01953125 0.04375
3 0.7453125 0.178125 0.02578125 0.05390625
9 0.77578125 0.19453125 0.02421875 0.05
9 0.8140625 0.1984375 0.025 0.05546875
3 0.79765625 0.18125 0.02421875 0.05625
3 0.89296875 0.16875 0.0265625 0.05078125
3 0.85078125 0.26953125 0.03125 0.0703125
3 0.909375 0.265625 0.03828125 0.075
10 0.9 0.28359375 0.05703125 0.11953125
7 0.84453125 0.33203125 0.04296875 0.0390625
9 0.93984375 0.30625 0.0453125 0.08203125
6 0.978125 0.3125 0.04375 0.09375