10 0.06875 0.24375 0.08515625 0.13046875
10 0.03125 0.15546875 0.05390625 0.07890625
10 0.08828125 0.16640625 0.059375 0.11484375
10 0.134375 0.14296875 0.0578125 0.084375
10 0.33515625 0.14921875 0.04921875 0.09453125
10 0.38203125 0.1359375 0.04453125 0.08125
10 0.30703125 0.17265625 0.03828125 0.09375
10 0.265625 0.24375 0.0671875 0.14453125
10 0.34140625 0.25234375 0.06015625 0.14140625
10 0.3171875 0.31171875 0.08671875 0.14375
1 0.26328125 0.36640625 0.12734375 0.13828125
10 0.21484375 0.2984375 0.07890625 0.14375
10 0.140625 0.33984375 0.13046875 0.18671875
10 0.41953125 0.15625 0.05859375 0.08671875
10 0.45078125 0.13046875 0.03203125 0.078125
10 0.475 0.21796875 0.04140625 0.115625
10 0.396875 0.22421875 0.06171875 0.09453125
10 0.4484375 0.2640625 0.07890625 0.13515625
10 0.46953125 0.35859375 0.11328125 0.16953125
2 0.3984375 0.43125 0.0625 0.034375
2 0.51484375 0.44296875 0.03984375 0.03828125
10 0.521875 0.18671875 0.0484375 0.10625
10 0.56953125 0.203125 0.05 0.084375
10 0.52578125 0.25546875 0.065625 0.1390625
10 0.55078125 0.35859375 0.09453125 0.16953125
10 0.646875 0.22265625 0.05859375 0.13046875
10 0.60234375 0.28046875 0.0515625 0.09609375
10 0.64140625 0.36875 0.10078125 0.171875
1 0.709375 0.17890625 0.0390625 0.05859375
1 0.73203125 0.19296875 0.06015625 0.084375
10 0.7921875 0.18046875 0.040625 0.0796875
10 0.76484375 0.21796875 0.05390625 0.096875
10 0.81640625 0.21875 0.05546875 0.09609375
10 0.88515625 0.18984375 0.04375 0.090625
10 0.865625 0.246875 0.03984375 0.09375
10 0.83671875 0.29375 0.06484375 0.128125
10 0.90703125 0.34296875 0.08515625 0.15078125
10 0.9625 0.38125 0.075 0.19140625
3 0.06328125 0.22265625 0.034375 0.06953125
9 0.03515625 0.146875 0.03203125 0.05625
9 0.07578125 0.13984375 0.03203125 0.06328125
3 0.12890625 0.134375 0.02734375 0.05546875
6 0.3359375 0.13125 0.021875 0.0546875
9 0.38203125 0.121875 0.02109375 0.05546875
3 0.41953125 0.14609375 0.02421875 0.05625
6 0.45234375 0.11796875 0.0203125 0.04921875
6 0.4765625 0.1359375 0.02265625 0.04453125
6 0.46953125 0.19375 0.02734375 0.059375
6 0.52109375 0.165625 0.02421875 0.05703125
6 0.571875 0.18828125 0.0234375 0.04921875
6 0.5375 0.140625 0.0203125 0.046875
10 0.5390625 0.146875 0.03671875 0.08046875
3 0.3875 0.2140625 0.03515625 0.065625
6 0.3375 0.2109375 0.03046875 0.05546875
6 0.27109375 0.20859375 0.0359375 0.06875
3 0.2171875 0.2765625 0.04296875 0.08671875
3 0.3125 0.29453125 0.04140625 0.0890625
3 0.45 0.2359375 0.03515625 0.08046875
3 0.2515625 0.35234375 0.05 0.096875
6 0.1453125 0.29375 0.04921875 0.09296875
9 0.49765625 0.328125 0.05390625 0.096875
3 0.56328125 0.33046875 0.04765625 0.10703125
3 0.634375 0.33125 0.0515625 0.096875
3 0.6109375 0.27265625 0.03671875 0.06953125
6 0.64453125 0.19375 0.02890625 0.06484375
6 0.525 0.23046875 0.0328125 0.07421875
3 0.71640625 0.171875 0.02109375 0.04375
3 0.746875 0.18046875 0.02421875 0.05390625
3 0.7875 0.1703125 0.0265625 0.05546875
6 0.76953125 0.19375 0.021875 0.0484375
3 0.8234375 0.2015625 0.02578125 0.05390625
3 0.8921875 0.16875 0.025 0.0515625
6 0.86640625 0.23046875 0.028125 0.05546875
6 0.83828125 0.265625 0.03046875 0.06171875
3 0.921875 0.3109375 0.0421875 0.08046875