3 0.1484375 0.63046875 0.05 0.078125
0 0.13828125 0.703125 0.05 0.04296875
6 0.23515625 0.59375 0.04375 0.08359375
0 0.21484375 0.70546875 0.0546875 0.0484375
9 0.32265625 0.58046875 0.04609375 0.078125
5 0.290625 0.71875 0.0265625 0.040625
3 0.39140625 0.61015625 0.04609375 0.09453125
7 0.3796875 0.71640625 0.08203125 0.040625
9 0.5796875 0.59375 0.04140625 0.078125
0 0.57109375 0.696875 0.0328125 0.04453125
6 0.69140625 0.56875 0.04296875 0.08359375
0 0.6734375 0.68125 0.05390625 0.06640625
3 0.78515625 0.59375 0.04296875 0.1
0 0.79375 0.69375 0.0546875 0.0484375
9 0.853125 0.62890625 0.0703125 0.1203125
0 0.8703125 0.809375 0.08515625 0.06875
1 0.15078125 0.65546875 0.10234375 0.12578125
10 0.234375 0.64296875 0.10625 0.175
10 0.32265625 0.63046875 0.07890625 0.17578125
10 0.4046875 0.65078125 0.10078125 0.165625
10 0.57265625 0.64375 0.10859375 0.16328125
10 0.67890625 0.62421875 0.09765625 0.1859375
10 0.7828125 0.6359375 0.09765625 0.16953125
10 0.88828125 0.715625 0.19296875 0.27421875