3 0.1484375 0.63046875 0.046875 0.08359375
0 0.13828125 0.7046875 0.05 0.04296875
6 0.23515625 0.59375 0.04375 0.09296875
0 0.21328125 0.70546875 0.05078125 0.05
9 0.32578125 0.584375 0.04921875 0.08046875
5 0.29140625 0.71875 0.03125 0.03671875
3 0.39375 0.60546875 0.0484375 0.08515625
7 0.37890625 0.71875 0.08359375 0.0484375
9 0.58359375 0.5984375 0.03828125 0.0796875
0 0.5734375 0.7015625 0.03671875 0.040625
6 0.69375 0.56875 0.0453125 0.08671875
6 0.671875 0.68203125 0.0578125 0.06328125
6 0.78828125 0.59140625 0.04765625 0.09453125
0 0.79453125 0.690625 0.053125 0.0484375
9 0.85078125 0.6359375 0.075 0.11953125
0 0.86328125 0.815625 0.08515625 0.071875
1 0.15390625 0.65546875 0.1 0.12578125
10 0.23515625 0.640625 0.10390625 0.1765625
10 0.32265625 0.63125 0.08203125 0.165625
10 0.40546875 0.64609375 0.1015625 0.159375
10 0.571875 0.64140625 0.11015625 0.16640625
10 0.68125 0.6265625 0.0984375 0.1859375
10 0.78359375 0.63125 0.09765625 0.171875
10 0.8859375 0.715625 0.19375 0.2734375