3 0.18828125 0.60703125 0.06484375 0.121875
5 0.140625 0.76640625 0.0359375 0.03671875
3 0.31640625 0.60390625 0.05859375 0.1296875
0 0.29140625 0.74609375 0.05625 0.06953125
9 0.37578125 0.54375 0.04921875 0.0890625
0 0.3875 0.64296875 0.0375 0.04453125
3 0.59765625 0.61484375 0.0625 0.121875
0 0.5953125 0.7734375 0.06171875 0.06875
6 0.7453125 0.5515625 0.06484375 0.1109375
5 0.74765625 0.78828125 0.046875 0.04453125
6 0.8703125 0.571875 0.06015625 0.1109375
2 0.90859375 0.80390625 0.1421875 0.0515625
10 0.1859375 0.65390625 0.13828125 0.21953125
10 0.3171875 0.6640625 0.1359375 0.25390625
10 0.3984375 0.590625 0.08515625 0.16953125
10 0.59296875 0.678125 0.13984375 0.23203125
10 0.74609375 0.64375 0.128125 0.29296875
10 0.87578125 0.65703125 0.15546875 0.26796875
1 0.5609375 0.61171875 0.08203125 0.13359375