3 0.1484375 0.6296875 0.046875 0.08515625
0 0.13515625 0.6984375 0.03828125 0.04453125
6 0.23828125 0.59296875 0.04140625 0.08515625
0 0.21640625 0.70546875 0.04765625 0.05703125
9 0.32265625 0.58515625 0.04765625 0.08125
5 0.29453125 0.7265625 0.02890625 0.028125
3 0.3921875 0.609375 0.04921875 0.09453125
7 0.37890625 0.715625 0.07890625 0.04609375
9 0.58203125 0.5984375 0.04609375 0.09296875
0 0.56953125 0.70546875 0.03359375 0.0390625
6 0.68828125 0.578125 0.05 0.0890625
0 0.67578125 0.68515625 0.04765625 0.06875
3 0.78515625 0.59296875 0.04765625 0.0890625
0 0.79375 0.69375 0.0546875 0.0484375
9 0.853125 0.628125 0.071875 0.12578125
0 0.87265625 0.81875 0.090625 0.06640625
10 0.153125 0.65546875 0.1015625 0.13359375
10 0.23359375 0.64375 0.1078125 0.17578125
10 0.31953125 0.63046875 0.08671875 0.1609375
10 0.403125 0.6484375 0.10234375 0.15859375
10 0.5734375 0.63671875 0.1078125 0.165625
10 0.6796875 0.6265625 0.09765625 0.18359375
10 0.784375 0.634375 0.10078125 0.16875
10 0.890625 0.71796875 0.18515625 0.28984375