3 0.1546875 0.65390625 0.04140625 0.07421875
0 0.12890625 0.71484375 0.04296875 0.03671875
8 0.22734375 0.6984375 0.0484375 0.09453125
8 0.30703125 0.70390625 0.04609375 0.07421875
3 0.39765625 0.61875 0.04375 0.0890625
7 0.36953125 0.73046875 0.071875 0.04453125
3 0.57265625 0.66640625 0.04375 0.059375
0 0.56953125 0.71640625 0.04375 0.040625
8 0.77109375 0.68046875 0.0578125 0.10390625
8 0.87890625 0.76875 0.075 0.11484375
5 0.8578125 0.85859375 0.0578125 0.03671875
3 0.68828125 0.68515625 0.05859375 0.11875
0 0.69140625 0.828125 0.06484375 0.06640625
1 0.15234375 0.67578125 0.09609375 0.1390625
10 0.396875 0.6578125 0.08984375 0.16171875
10 0.68515625 0.74140625 0.15390625 0.2484375
1 0.2328125 0.68125 0.103125 0.115625
1 0.31015625 0.69375 0.0875 0.08359375
1 0.55703125 0.684375 0.10546875 0.109375
1 0.7625 0.665625 0.09453125 0.1359375
1 0.86171875 0.77578125 0.15859375 0.18671875