6 0.19140625 0.59296875 0.06875 0.1109375
5 0.1390625 0.76640625 0.03515625 0.03671875
3 0.290625 0.578125 0.0453125 0.07421875
0 0.2859375 0.64375 0.03125 0.03515625
6 0.34140625 0.5703125 0.05859375 0.1109375
6 0.4046875 0.53828125 0.046875 0.08125
3 0.56796875 0.58125 0.0359375 0.078125
3 0.6 0.60546875 0.0515625 0.11875
5 0.58515625 0.77421875 0.04375 0.06875
3 0.76328125 0.5796875 0.03515625 0.078125
6 0.80859375 0.575 0.0578125 0.11875
3 0.96640625 0.6359375 0.06015625 0.13125
10 0.1890625 0.6515625 0.1296875 0.22421875
10 0.33984375 0.64296875 0.12578125 0.253125
10 0.290625 0.60078125 0.0609375 0.11875
10 0.41171875 0.58671875 0.08203125 0.19140625
10 0.59453125 0.67109375 0.14609375 0.25625
10 0.7984375 0.6515625 0.14453125 0.27578125
10 0.94296875 0.69140625 0.1140625 0.22109375
1 0.55703125 0.60703125 0.07890625 0.1390625
1 0.74765625 0.60859375 0.08984375 0.140625