3 0.17265625 0.61953125 0.065625 0.12421875
5 0.140625 0.79921875 0.046875 0.03125
3 0.31953125 0.59375 0.04609375 0.0609375
3 0.3171875 0.6609375 0.05859375 0.10703125
3 0.39453125 0.6203125 0.04453125 0.0890625
2 0.27890625 0.78203125 0.1 0.04453125
2 0.40078125 0.703125 0.06484375 0.05
6 0.5546875 0.55546875 0.03359375 0.07421875
9 0.6046875 0.6359375 0.05859375 0.10546875
5 0.59765625 0.81640625 0.02890625 0.040625
3 0.6625 0.59375 0.0453125 0.09609375
0 0.6671875 0.69296875 0.05 0.04453125
3 0.78203125 0.61875 0.05546875 0.13359375
0 0.80078125 0.78046875 0.05 0.05546875
3 0.9234375 0.65546875 0.0625 0.1109375
2 0.96328125 0.815625 0.06640625 0.05703125
10 0.1796875 0.68828125 0.12890625 0.22109375
10 0.3265625 0.7140625 0.11953125 0.19296875
10 0.328125 0.60546875 0.0609375 0.10546875
10 0.4140625 0.6578125 0.0984375 0.13828125
10 0.55234375 0.60390625 0.0828125 0.17890625
10 0.59765625 0.70234375 0.12421875 0.225
10 0.66640625 0.63046875 0.09296875 0.1609375
10 0.78359375 0.68671875 0.1328125 0.2546875
10 0.9328125 0.7046875 0.12734375 0.20703125