8 0.11640625 0.75703125 0.07109375 0.11640625
5 0.0578125 0.83046875 0.03046875 0.0484375
3 0.23203125 0.60546875 0.04453125 0.0890625
0 0.21328125 0.690625 0.03984375 0.040625
8 0.2390625 0.73984375 0.0625 0.1203125
3 0.3484375 0.6015625 0.05 0.08515625
0 0.34140625 0.68125 0.04140625 0.05703125
3 0.5234375 0.61953125 0.04375 0.07421875
5 0.528125 0.70546875 0.0359375 0.03515625
3 0.63046875 0.61875 0.0484375 0.08125
7 0.62265625 0.69375 0.05625 0.059375
6 0.75625 0.59921875 0.059375 0.11953125
5 0.75390625 0.828125 0.0375 0.0484375
6 0.87265625 0.61875 0.05390625 0.10703125
2 0.94140625 0.84375 0.11640625 0.05546875
1 0.1109375 0.7390625 0.1625 0.18515625
1 0.25703125 0.75078125 0.14296875 0.196875
10 0.234375 0.6390625 0.1078125 0.1484375
10 0.35234375 0.63828125 0.0984375 0.16171875
10 0.51796875 0.64453125 0.10859375 0.13046875
10 0.62578125 0.64296875 0.11015625 0.11953125
10 0.7375 0.69140625 0.1765625 0.26953125
10 0.87578125 0.70390625 0.12578125 0.24921875