3 0.0390625 0.4859375 0.0625 0.109375
2 0.04765625 0.60390625 0.09296875 0.08125
3 0.2078125 0.5015625 0.05390625 0.1109375
5 0.196875 0.63203125 0.0328125 0.028125
6 0.34921875 0.453125 0.0515625 0.1015625
0 0.284375 0.6265625 0.03515625 0.06484375
6 0.38203125 0.45546875 0.028125 0.07421875
6 0.56640625 0.46171875 0.04375 0.08125
6 0.65390625 0.478125 0.03359375 0.07421875
6 0.70703125 0.5234375 0.05546875 0.10546875
2 0.69609375 0.69296875 0.0921875 0.0515625
1 0.07421875 0.53203125 0.14765625 0.19375
10 0.2171875 0.54609375 0.12265625 0.19296875
10 0.3484375 0.53125 0.1578125 0.24921875
10 0.4015625 0.50390625 0.065625 0.153125
10 0.55390625 0.5109375 0.09765625 0.16640625
10 0.6484375 0.51953125 0.08515625 0.1453125
10 0.69609375 0.58359375 0.14140625 0.2203125
10 0.75 0.5359375 0.0578125 0.14609375