3 0.134375 0.48828125 0.0609375 0.10546875
6 0.26328125 0.48828125 0.05703125 0.11875
9 0.37109375 0.48359375 0.0578125 0.12578125
0 0.23828125 0.6234375 0.04609375 0.05703125
6 0.4359375 0.4703125 0.04375 0.09296875
9 0.61328125 0.4765625 0.03984375 0.08125
6 0.70546875 0.49140625 0.0390625 0.07578125
6 0.78828125 0.5015625 0.04296875 0.08515625
6 0.75546875 0.55 0.0484375 0.13125
2 0.74453125 0.73046875 0.096875 0.078125
10 0.14140625 0.540625 0.1375 0.196875
10 0.26796875 0.5453125 0.11328125 0.22578125
10 0.38359375 0.5484375 0.16953125 0.25546875
10 0.44453125 0.5125 0.06484375 0.16796875
10 0.6 0.51953125 0.10078125 0.16328125
10 0.69765625 0.53203125 0.07265625 0.1484375
10 0.8 0.5421875 0.0640625 0.1546875
10 0.7421875 0.60703125 0.13671875 0.228125