3 0.028125 0.46796875 0.0546875 0.1203125
2 0.03515625 0.58359375 0.06953125 0.08671875
3 0.1859375 0.48046875 0.0625 0.11640625
0 0.16953125 0.5984375 0.0625 0.05625
6 0.32265625 0.4375 0.05234375 0.10625
0 0.2625 0.60625 0.0421875 0.06328125
6 0.36328125 0.44375 0.0375 0.059375
9 0.546875 0.45234375 0.04140625 0.08203125
6 0.65703125 0.48203125 0.046875 0.06640625
6 0.69140625 0.50546875 0.04921875 0.0984375
2 0.67578125 0.67578125 0.0875 0.05625
1 0.06796875 0.5125 0.13515625 0.2046875
10 0.19765625 0.52890625 0.12109375 0.1953125
10 0.32578125 0.51171875 0.16171875 0.2484375
10 0.38203125 0.49375 0.07265625 0.15703125
10 0.53515625 0.49765625 0.09453125 0.16796875
10 0.63125 0.51953125 0.0890625 0.13125
10 0.73203125 0.528125 0.05703125 0.1515625
10 0.67578125 0.565625 0.13203125 0.21484375