10 0.06640625 0.23203125 0.08671875 0.13125
10 0.096875 0.15546875 0.0546875 0.11328125
1 0.13515625 0.153125 0.04765625 0.071875
10 0.16875 0.33359375 0.1046875 0.18125
10 0.27578125 0.35546875 0.11328125 0.15546875
10 0.25 0.253125 0.0734375 0.1109375
1 0.31640625 0.30859375 0.08203125 0.14453125
10 0.34140625 0.2515625 0.065625 0.13671875
10 0.30625 0.18125 0.04296875 0.08046875
10 0.378125 0.1359375 0.04453125 0.06875
10 0.3984375 0.21640625 0.06328125 0.10390625
10 0.4234375 0.15625 0.046875 0.084375
10 0.4453125 0.13046875 0.02890625 0.08046875
10 0.4765625 0.1640625 0.03984375 0.09921875
10 0.4625 0.21875 0.06875 0.12421875
1 0.44765625 0.26875 0.06953125 0.11328125
10 0.446875 0.35234375 0.08984375 0.1859375
10 0.5375 0.35625 0.090625 0.1734375
1 0.51640625 0.18671875 0.05234375 0.10625
10 0.54921875 0.16796875 0.0390625 0.0765625
10 0.559375 0.20625 0.0453125 0.08203125
10 0.63515625 0.22734375 0.06796875 0.103125
1 0.59609375 0.28671875 0.0640625 0.09453125
10 0.63828125 0.36875 0.13203125 0.16328125
0 0.64375 0.43046875 0.05390625 0.0390625
1 0.7328125 0.1921875 0.05703125 0.084375
10 0.79140625 0.178125 0.03828125 0.08828125
10 0.765625 0.21640625 0.0546875 0.09375
10 0.815625 0.21875 0.05390625 0.08671875
10 0.8859375 0.20234375 0.04921875 0.075
10 0.846875 0.24296875 0.08046875 0.09375
10 0.83359375 0.3 0.0765625 0.11875
10 0.8984375 0.34296875 0.08125 0.153125
10 0.953125 0.290625 0.03984375 0.11171875
2 0.26015625 0.421875 0.07109375 0.03125
2 0.515625 0.44375 0.0359375 0.03125
2 0.9796875 0.46875 0.03984375 0.03359375
6 0.06015625 0.20546875 0.03203125 0.06328125
3 0.084375 0.13125 0.0296875 0.06328125
3 0.12578125 0.14296875 0.02421875 0.05625
6 0.1875 0.2890625 0.03984375 0.084375
3 0.2671875 0.32578125 0.04375 0.08828125
3 0.26328125 0.23203125 0.034375 0.078125
3 0.30546875 0.17109375 0.0265625 0.05546875
3 0.34140625 0.21796875 0.02890625 0.0734375
3 0.30078125 0.29296875 0.04140625 0.08203125
3 0.3375 0.11796875 0.02109375 0.046875
10 0.340625 0.13125 0.03046875 0.075
9 0.37265625 0.128125 0.02109375 0.046875
9 0.403125 0.196875 0.0328125 0.06953125
3 0.42421875 0.14296875 0.0234375 0.05625
6 0.440625 0.11484375 0.01953125 0.04609375
3 0.46796875 0.140625 0.02109375 0.05
9 0.45625 0.19140625 0.03046875 0.0609375
6 0.45390625 0.30546875 0.03828125 0.08984375
9 0.53125 0.31875 0.0453125 0.0984375
3 0.52265625 0.165625 0.02578125 0.05703125
6 0.54296875 0.15234375 0.0203125 0.03984375
3 0.5625 0.19140625 0.0234375 0.0515625
3 0.64296875 0.2140625 0.02734375 0.06484375
3 0.64375 0.340625 0.0453125 0.09921875
3 0.74453125 0.1765625 0.02578125 0.0515625
3 0.771875 0.19296875 0.02265625 0.04921875
3 0.7875 0.1609375 0.02421875 0.05625
3 0.821875 0.203125 0.02421875 0.04921875
3 0.8546875 0.2265625 0.02578125 0.0515625
3 0.8546875 0.275 0.02890625 0.06875
7 0.84375 0.34140625 0.0421875 0.02890625
3 0.896875 0.19296875 0.0265625 0.04921875
6 0.91875 0.30546875 0.0390625 0.078125
6 0.95078125 0.2625 0.028125 0.05625
10 0.9578125 0.36875 0.08359375 0.20390625
6 0.984375 0.31015625 0.03125 0.0953125