8 0.084375 0.759375 0.0765625 0.11875
5 0.04765625 0.90390625 0.05234375 0.0296875
6 0.2421875 0.63046875 0.04296875 0.06328125
6 0.2609375 0.69453125 0.053125 0.10390625
2 0.1859375 0.88828125 0.12265625 0.05703125
3 0.3453125 0.64140625 0.03984375 0.0796875
5 0.32578125 0.759375 0.02421875 0.02578125
2 0.35390625 0.7640625 0.034375 0.028125
6 0.47890625 0.62890625 0.03984375 0.0796875
6 0.59765625 0.609375 0.03984375 0.08515625
5 0.61328125 0.74609375 0.02421875 0.021875
6 0.5328125 0.7046875 0.05234375 0.10546875
0 0.53515625 0.85703125 0.04609375 0.059375
6 0.70078125 0.646875 0.05078125 0.10546875
5 0.6984375 0.86484375 0.028125 0.0484375
3 0.84453125 0.72109375 0.0625 0.109375
2 0.88828125 0.8640625 0.09140625 0.05
10 0.8578125 0.7640625 0.12734375 0.18046875
10 0.7109375 0.73125 0.12421875 0.26015625
10 0.59921875 0.6609375 0.08359375 0.16875
10 0.53203125 0.76796875 0.13828125 0.23203125
10 0.48828125 0.6703125 0.07265625 0.159375
10 0.34609375 0.6796875 0.08828125 0.15390625
10 0.25390625 0.75546875 0.13046875 0.22421875
10 0.23671875 0.67890625 0.0546875 0.14921875
1 0.1109375 0.78828125 0.15234375 0.2046875