6 0.18203125 0.590625 0.0625 0.11484375
5 0.1390625 0.76640625 0.0375 0.03671875
3 0.27890625 0.56875 0.03984375 0.0890625
0 0.2734375 0.64296875 0.02890625 0.03359375
6 0.32265625 0.5796875 0.06015625 0.11875
0 0.28828125 0.75703125 0.05625 0.06640625
3 0.40234375 0.55703125 0.0421875 0.09296875
0 0.39453125 0.65078125 0.0375 0.04453125
3 0.57578125 0.56640625 0.03515625 0.07421875
3 0.603125 0.6046875 0.0515625 0.11640625
9 0.78515625 0.578125 0.06328125 0.12578125
3 0.87890625 0.61875 0.06953125 0.13125
0 0.81640625 0.75546875 0.05390625 0.04296875
2 0.921875 0.80390625 0.140625 0.0515625
0 0.5953125 0.76875 0.0625 0.06328125
10 0.875 0.67109375 0.11796875 0.23515625
10 0.75703125 0.653125 0.1265625 0.2734375
10 0.59296875 0.67578125 0.13984375 0.25703125
1 0.559375 0.60078125 0.07734375 0.14375
1 0.40859375 0.59375 0.0890625 0.16171875
10 0.178125 0.6515625 0.1375 0.228125
10 0.3203125 0.65625 0.134375 0.25703125
10 0.271875 0.59609375 0.06953125 0.12578125