10 0.0734375 0.24296875 0.07578125 0.1265625
10 0.09375 0.165625 0.0546875 0.1140625
1 0.13359375 0.14375 0.05703125 0.06953125
10 0.38359375 0.134375 0.0453125 0.08046875
10 0.30625 0.1734375 0.0390625 0.09375
10 0.259375 0.24375 0.0765625 0.13515625
10 0.33984375 0.24375 0.0578125 0.13671875
1 0.3171875 0.3109375 0.090625 0.13046875
1 0.26328125 0.36796875 0.12734375 0.13828125
10 0.15625 0.33125 0.10703125 0.1859375
10 0.41953125 0.15625 0.05546875 0.0859375
1 0.396875 0.21875 0.0609375 0.09375
10 0.4421875 0.2515625 0.08359375 0.140625
10 0.46015625 0.36796875 0.115625 0.13984375
2 0.51484375 0.44296875 0.03984375 0.03828125
10 0.5234375 0.19140625 0.04609375 0.09296875
10 0.56875 0.20390625 0.0484375 0.08203125
10 0.52578125 0.25546875 0.065625 0.140625
10 0.54140625 0.35625 0.09453125 0.175
10 0.646875 0.23046875 0.0578125 0.11484375
10 0.6359375 0.36796875 0.1 0.15859375
1 0.71015625 0.17734375 0.03515625 0.0546875
1 0.73359375 0.19296875 0.05703125 0.08125
10 0.79453125 0.18125 0.04296875 0.08125
10 0.76328125 0.21875 0.05234375 0.09296875
10 0.81640625 0.21796875 0.05625 0.08984375
10 0.88515625 0.18984375 0.04375 0.090625
10 0.865625 0.24296875 0.0421875 0.09921875
10 0.83671875 0.29296875 0.0640625 0.1234375
10 0.90390625 0.34296875 0.08203125 0.15703125
10 0.9625 0.390625 0.075 0.19140625
10 0.54375 0.14609375 0.0328125 0.06953125
6 0.01328125 0.23125 0.025 0.06953125
10 0.0296875 0.28125 0.05859375 0.165625
6 0.05 0.14453125 0.02734375 0.05625
3 0.06328125 0.2171875 0.034375 0.0765625
3 0.08125 0.1390625 0.03046875 0.065625
3 0.1296875 0.134375 0.02890625 0.05625
3 0.33828125 0.11796875 0.01875 0.04921875
10 0.3453125 0.13046875 0.03359375 0.07421875
9 0.3875 0.125 0.02109375 0.05
3 0.421875 0.14296875 0.02265625 0.05625
6 0.453125 0.128125 0.01953125 0.04921875
6 0.3015625 0.15625 0.02578125 0.0546875
3 0.325 0.14296875 0.02109375 0.05078125
6 0.3375 0.20546875 0.02890625 0.05546875
3 0.3859375 0.21015625 0.03203125 0.06875
6 0.46953125 0.13046875 0.02265625 0.040625
3 0.53828125 0.134375 0.01875 0.04453125
3 0.52890625 0.16796875 0.025 0.053125
3 0.56640625 0.1921875 0.02421875 0.053125
3 0.52578125 0.22734375 0.03125 0.0765625
6 0.65 0.20625 0.02890625 0.065625
9 0.62890625 0.3359375 0.05 0.09375
3 0.54375 0.31875 0.0421875 0.10390625
9 0.4875 0.34921875 0.05703125 0.08828125
9 0.453125 0.21875 0.0359375 0.07578125
3 0.31875 0.31015625 0.04140625 0.08125
3 0.246875 0.346875 0.04921875 0.09453125
6 0.2671875 0.21875 0.0375 0.07421875
3 0.203125 0.30546875 0.0390625 0.08359375
6 0.15390625 0.2921875 0.04140625 0.09921875
3 0.71875 0.16796875 0.01953125 0.04140625
3 0.746875 0.18046875 0.02578125 0.053125
3 0.80078125 0.16953125 0.02578125 0.05546875
3 0.82421875 0.20234375 0.0234375 0.0546875
3 0.8921875 0.16796875 0.025 0.05078125
3 0.8625 0.23046875 0.0265625 0.05859375
6 0.76953125 0.19375 0.02265625 0.0484375
6 0.8375 0.26640625 0.0296875 0.06171875
6 0.91328125 0.3015625 0.040625 0.07578125
3 0.9875 0.28515625 0.025 0.06875
1 0.96875 0.29375 0.0625 0.09375