3 0.01015625 0.38125 0.01875 0.04921875
1 0.021875 0.3859375 0.0421875 0.06953125
3 0.1125 0.428125 0.02890625 0.06171875
1 0.10859375 0.4390625 0.08203125 0.090625
6 0.1625 0.34296875 0.01953125 0.03984375
10 0.1765625 0.3796875 0.05234375 0.1109375
3 0.07109375 0.35625 0.021875 0.04453125
10 0.07578125 0.35625 0.034375 0.053125
3 0.11171875 0.35234375 0.02109375 0.0453125
10 0.1171875 0.35546875 0.04609375 0.05546875
3 0.18125 0.3234375 0.01953125 0.04140625
10 0.19375 0.33046875 0.04140625 0.06328125
2 0.171875 0.43046875 0.02421875 0.01640625
3 0.2140625 0.309375 0.01640625 0.04140625
10 0.21953125 0.31640625 0.03671875 0.05390625
9 0.146875 0.321875 0.0203125 0.04375
6 0.30390625 0.421875 0.02890625 0.0609375
10 0.30703125 0.45625 0.07421875 0.125
3 0.27265625 0.41171875 0.02578125 0.06640625
10 0.2578125 0.43125 0.05859375 0.10078125
3 0.30859375 0.346875 0.01875 0.04453125
10 0.30703125 0.35625 0.04921875 0.06953125
3 0.36015625 0.4125 0.02890625 0.06015625
10 0.36640625 0.4296875 0.07578125 0.09609375
7 0.4265625 0.50078125 0.03203125 0.0453125
0 0.41640625 0.31796875 0.01171875 0.02890625
6 0.43828125 0.421875 0.02578125 0.05625
10 0.43203125 0.45703125 0.075 0.13125
3 0.3484375 0.35859375 0.01875 0.04453125
10 0.34140625 0.38046875 0.04453125 0.0984375
3 0.33203125 0.31796875 0.01640625 0.04375
3 0.4 0.36171875 0.0203125 0.04609375
1 0.40390625 0.36796875 0.04765625 0.05625
9 0.34921875 0.30625 0.01796875 0.03671875
10 0.35390625 0.31640625 0.03828125 0.05859375
3 0.3921875 0.2984375 0.0140625 0.03359375
10 0.38984375 0.3046875 0.0328125 0.0484375
6 0.41640625 0.29375 0.01484375 0.03359375
10 0.41640625 0.30546875 0.040625 0.06640625
6 0.43984375 0.371875 0.01953125 0.04375
10 0.44140625 0.39375 0.05546875 0.0890625
6 0.44453125 0.3140625 0.01875 0.0390625
10 0.44765625 0.33125 0.04765625 0.0859375
6 0.4875 0.31640625 0.01796875 0.03359375
10 0.4890625 0.33046875 0.03828125 0.071875
6 0.49921875 0.41953125 0.03125 0.0609375
10 0.50390625 0.45625 0.071875 0.134375
6 0.57265625 0.41875 0.02734375 0.05703125
10 0.57265625 0.45546875 0.06640625 0.1296875
3 0.553125 0.38515625 0.02421875 0.05546875
10 0.5421875 0.39921875 0.04453125 0.08125
6 0.578125 0.34375 0.0171875 0.04453125
10 0.578125 0.3609375 0.03671875 0.08125
3 0.525 0.33046875 0.0140625 0.03125
10 0.525 0.34296875 0.03828125 0.0546875
3 0.5390625 0.2921875 0.0140625 0.03203125
10 0.54140625 0.303125 0.03515625 0.05390625
9 0.5171875 0.30390625 0.01640625 0.03984375
10 0.51328125 0.3125 0.03203125 0.06953125
7 0.81640625 0.51796875 0.06171875 0.05
6 0.96640625 0.45703125 0.03828125 0.08828125
10 0.9546875 0.503125 0.08203125 0.16953125
10 0.8875 0.50859375 0.08515625 0.14453125
6 0.89609375 0.475 0.03828125 0.078125
9 0.828125 0.421875 0.03125 0.0734375
10 0.8125 0.45625 0.08046875 0.146875
3 0.87265625 0.453125 0.02890625 0.06484375
6 0.76953125 0.40546875 0.02265625 0.04609375
10 0.7625 0.43125 0.0546875 0.10546875
6 0.80390625 0.371875 0.01953125 0.04453125
10 0.79765625 0.39375 0.03828125 0.08359375
7 0.70703125 0.44375 0.02578125 0.01640625
3 0.73046875 0.396875 0.02265625 0.04453125
10 0.7140625 0.415625 0.05546875 0.08046875
3 0.70625 0.34296875 0.01953125 0.03984375
1 0.70546875 0.353125 0.03359375 0.0546875
6 0.6671875 0.32890625 0.01328125 0.02890625
10 0.6671875 0.34375 0.046875 0.06953125
3 0.746875 0.321875 0.01484375 0.03828125
10 0.73984375 0.33125 0.03046875 0.05625
6 0.640625 0.30859375 0.01640625 0.0359375
10 0.63515625 0.31875 0.03671875 0.05625
3 0.67890625 0.321875 0.0140625 0.03671875
7 0.8953125 0.571875 0.05703125 0.04375