10 0.06640625 0.24296875 0.08984375 0.1203125
10 0.103125 0.15859375 0.06015625 0.10546875
1 0.1390625 0.1515625 0.04453125 0.071875
10 0.1609375 0.3359375 0.09921875 0.16875
10 0.27734375 0.3546875 0.11640625 0.159375
1 0.2109375 0.3140625 0.08515625 0.12890625
1 0.315625 0.309375 0.08671875 0.14375
1 0.24921875 0.25625 0.0703125 0.10625
10 0.34453125 0.25078125 0.059375 0.13828125
10 0.30625 0.18125 0.04453125 0.08203125
10 0.3984375 0.209375 0.0625 0.11875
10 0.334375 0.153125 0.04140625 0.07421875
10 0.38125 0.1421875 0.0421875 0.065625
10 0.4234375 0.15625 0.04765625 0.084375
10 0.47421875 0.1609375 0.0421875 0.10625
10 0.45078125 0.25859375 0.078125 0.13125
1 0.51328125 0.19609375 0.05078125 0.08046875
10 0.63125 0.22890625 0.06484375 0.10546875
1 0.56640625 0.17890625 0.05625 0.0734375
10 0.56875 0.21328125 0.05078125 0.07421875
10 0.44453125 0.34609375 0.090625 0.1859375
10 0.53515625 0.35625 0.08671875 0.1640625
10 0.646875 0.36875 0.13828125 0.171875
10 0.60625 0.334375 0.07109375 0.13125
10 0.52578125 0.27890625 0.06875 0.09609375
2 0.259375 0.4265625 0.06953125 0.03515625
2 0.51328125 0.44296875 0.0375 0.03203125
1 0.71015625 0.17734375 0.03671875 0.053125
1 0.73203125 0.19375 0.05859375 0.07421875
10 0.76875 0.21484375 0.0484375 0.0890625
10 0.81640625 0.21796875 0.05234375 0.08671875
10 0.87265625 0.18125 0.05546875 0.09453125
10 0.83203125 0.30234375 0.07578125 0.1234375
10 0.8921875 0.35546875 0.090625 0.13125
10 0.95703125 0.36875 0.084375 0.2
1 0.59765625 0.28515625 0.06640625 0.09453125
2 0.9796875 0.46875 0.040625 0.03359375
0 0.65390625 0.428125 0.053125 0.04140625
3 0.71640625 0.17109375 0.02109375 0.04375
10 0.4421875 0.13046875 0.03125 0.0890625
3 0.0625 0.22109375 0.0359375 0.075
9 0.08984375 0.13984375 0.02890625 0.06328125
3 0.1296875 0.14296875 0.025 0.0546875
6 0.34375 0.1390625 0.02265625 0.04453125
3 0.30703125 0.1703125 0.02578125 0.059375
3 0.3796875 0.13203125 0.01953125 0.05078125
3 0.42265625 0.14375 0.02421875 0.0609375
3 0.39375 0.19140625 0.0296875 0.06796875
6 0.33828125 0.215625 0.03203125 0.06328125
3 0.26640625 0.24296875 0.03359375 0.0765625
3 0.3015625 0.30546875 0.03828125 0.08203125
3 0.26953125 0.31875 0.04296875 0.08984375
3 0.15078125 0.30625 0.04453125 0.09921875
6 0.45390625 0.296875 0.03828125 0.08125
6 0.43828125 0.10703125 0.02109375 0.04609375
6 0.52578125 0.32890625 0.04296875 0.09375
9 0.45 0.23125 0.0359375 0.0703125
3 0.4734375 0.14140625 0.02265625 0.0546875
7 0.390625 0.2484375 0.02890625 0.034375
3 0.51640625 0.1859375 0.025 0.05546875
3 0.525 0.26328125 0.0296875 0.06328125
3 0.578125 0.16875 0.025 0.05
3 0.54375 0.1515625 0.02109375 0.0484375
3 0.57109375 0.20390625 0.0234375 0.0515625
6 0.63203125 0.20625 0.02578125 0.06171875
3 0.6140625 0.275 0.03046875 0.06875
3 0.625 0.30703125 0.03359375 0.07578125
3 0.653125 0.3359375 0.04609375 0.10546875
3 0.746875 0.18125 0.02421875 0.05390625
9 0.77890625 0.19296875 0.02265625 0.05078125
3 0.79453125 0.1828125 0.02421875 0.05078125
3 0.81953125 0.20078125 0.02421875 0.05
6 0.8765625 0.16328125 0.02421875 0.05
3 0.853125 0.278125 0.0296875 0.06640625
7 0.84375 0.33515625 0.0421875 0.03125
3 0.9125 0.2734375 0.0359375 0.06953125
3 0.9171875 0.33046875 0.04140625 0.0796875
3 0.9828125 0.31875 0.03359375 0.0984375