3 0.21015625 0.43515625 0.028125 0.05703125
10 0.20703125 0.45703125 0.075 0.103125
3 0.1140625 0.41171875 0.02421875 0.04921875
1 0.11875 0.4171875 0.0515625 0.06796875
3 0.1609375 0.39296875 0.021875 0.04296875
1 0.16640625 0.39375 0.04765625 0.05
6 0.26015625 0.39765625 0.02265625 0.04375
10 0.26875 0.42265625 0.05 0.09375
3 0.2375 0.3515625 0.01796875 0.03828125
10 0.2390625 0.35625 0.0375 0.053125
3 0.27265625 0.35390625 0.01875 0.03984375
3 0.27890625 0.36640625 0.03203125 0.06328125
3 0.30859375 0.35078125 0.0171875 0.03359375
1 0.31328125 0.35546875 0.03359375 0.04296875
3 0.3328125 0.44765625 0.028125 0.05625
10 0.31953125 0.48125 0.08984375 0.1265625
6 0.40859375 0.453125 0.02890625 0.05625
10 0.4078125 0.48203125 0.06640625 0.11875
8 0.51328125 0.49296875 0.03046875 0.06796875
6 0.59375 0.46328125 0.0296875 0.075
10 0.59140625 0.4859375 0.06640625 0.13125
6 0.66015625 0.44921875 0.03125 0.06953125
10 0.67578125 0.48828125 0.10546875 0.14296875
3 0.36015625 0.45546875 0.02578125 0.053125
1 0.36875 0.4671875 0.04921875 0.07890625
3 0.42890625 0.42265625 0.025 0.05625
10 0.43515625 0.45234375 0.04140625 0.11171875
6 0.39375 0.39375 0.02265625 0.04453125
10 0.390625 0.41484375 0.04453125 0.0890625
6 0.453125 0.39140625 0.0203125 0.0390625
10 0.45625 0.41796875 0.02890625 0.09296875
9 0.52578125 0.4046875 0.021875 0.05
10 0.5234375 0.41875 0.05078125 0.08828125
3 0.58125 0.4140625 0.02265625 0.05
10 0.57890625 0.4296875 0.05390625 0.08125
3 0.63203125 0.421875 0.021875 0.05546875
10 0.62578125 0.43125 0.03828125 0.075
6 0.65625 0.37421875 0.01796875 0.04453125
10 0.66015625 0.39296875 0.040625 0.075
6 0.53671875 0.365625 0.01796875 0.03828125
10 0.53984375 0.38515625 0.0484375 0.08125
6 0.484375 0.378125 0.0203125 0.03671875
10 0.48828125 0.39375 0.03984375 0.0703125
3 0.41953125 0.35546875 0.01640625 0.03671875
10 0.425 0.36796875 0.0296875 0.06328125
3 0.4375 0.34296875 0.0140625 0.03046875
3 0.475 0.33125 0.01171875 0.03203125
10 0.47578125 0.3359375 0.03125 0.04453125
1 0.50625 0.340625 0.01640625 0.03671875
10 0.50390625 0.3484375 0.03671875 0.05625
6 0.5421875 0.340625 0.01875 0.03671875
3 0.57578125 0.35625 0.01796875 0.03984375
10 0.57578125 0.36796875 0.034375 0.0609375
3 0.60078125 0.33046875 0.01484375 0.03359375
10 0.59609375 0.34375 0.02578125 0.05390625
3 0.61796875 0.36796875 0.01640625 0.03203125
10 0.6125 0.37890625 0.04140625 0.04921875
3 0.7203125 0.34375 0.01328125 0.03046875
3 0.73203125 0.3546875 0.015625 0.03515625
10 0.73125 0.36875 0.0359375 0.06640625
3 0.78203125 0.359375 0.01796875 0.03671875
1 0.7765625 0.36171875 0.02890625 0.0484375
6 0.75625 0.36875 0.015625 0.03515625
3 0.7984375 0.36796875 0.01953125 0.03984375
3 0.8578125 0.34921875 0.01953125 0.03984375
10 0.853125 0.35625 0.03125 0.06015625
3 0.83359375 0.3890625 0.01953125 0.0390625
6 0.81875 0.41171875 0.0234375 0.04453125
10 0.815625 0.4359375 0.0484375 0.09375
6 0.9234375 0.41328125 0.0234375 0.046875
10 0.91171875 0.42734375 0.0484375 0.0765625
3 0.8765625 0.4421875 0.02734375 0.05859375
10 0.865625 0.465625 0.0578125 0.1109375
3 0.95625 0.41796875 0.0234375 0.0453125
3 0.940625 0.4640625 0.0359375 0.071875
10 0.91953125 0.49296875 0.08359375 0.13828125
3 0.984375 0.48515625 0.03125 0.0671875
1 0.51484375 0.503125 0.07265625 0.08828125
2 0.16328125 0.54296875 0.03828125 0.02421875
2 0.26953125 0.459375 0.02421875 0.025
10 0.79375 0.38046875 0.0390625 0.06171875
10 0.75234375 0.3828125 0.0328125 0.06796875