3 0.15625 0.6484375 0.0390625 0.08125
0 0.12578125 0.71875 0.04765625 0.04609375
3 0.21953125 0.63046875 0.04375 0.08984375
0 0.21640625 0.7234375 0.04453125 0.04453125
6 0.3 0.6109375 0.04140625 0.08046875
0 0.303125 0.73046875 0.03515625 0.03671875
3 0.40078125 0.61796875 0.03984375 0.084375
7 0.37109375 0.728125 0.07265625 0.04609375
6 0.57265625 0.63125 0.0375 0.07578125
3 0.76015625 0.63125 0.04140625 0.08046875
5 0.56953125 0.72109375 0.02578125 0.03046875
3 0.8515625 0.69453125 0.0640625 0.1234375
5 0.8609375 0.85625 0.05390625 0.03984375
9 0.665625 0.63984375 0.06328125 0.12578125
0 0.6171875 0.73671875 0.05078125 0.05546875
1 0.15078125 0.67890625 0.09296875 0.1234375
10 0.22578125 0.66640625 0.09453125 0.1515625
10 0.3125 0.6609375 0.08515625 0.16953125
10 0.403125 0.66328125 0.0859375 0.15625
10 0.56640625 0.715625 0.0875 0.234375
10 0.67578125 0.71484375 0.121875 0.2609375
10 0.759375 0.65625 0.09453125 0.14140625
1 0.86015625 0.74296875 0.13984375 0.225