10 0.06796875 0.24296875 0.08828125 0.12109375
10 0.115625 0.1609375 0.0546875 0.1046875
10 0.3765625 0.1390625 0.04296875 0.065625
10 0.30703125 0.171875 0.03984375 0.09453125
10 0.27734375 0.240625 0.0703125 0.11875
10 0.34453125 0.24921875 0.04921875 0.14375
10 0.275 0.34921875 0.109375 0.16875
10 0.16328125 0.3390625 0.096875 0.18515625
10 0.42265625 0.15546875 0.04765625 0.08515625
10 0.39765625 0.21796875 0.06328125 0.10859375
1 0.44921875 0.26875 0.0734375 0.12578125
10 0.446875 0.34453125 0.1015625 0.1859375
2 0.51484375 0.44296875 0.03984375 0.03828125
1 0.57109375 0.20703125 0.05078125 0.0703125
10 0.5421875 0.36171875 0.10390625 0.16796875
10 0.62890625 0.225 0.05546875 0.10546875
10 0.646875 0.36875 0.1328125 0.17109375
1 0.7109375 0.178125 0.0375 0.05390625
1 0.73203125 0.19296875 0.05546875 0.0734375
10 0.76328125 0.215625 0.04765625 0.09296875
10 0.815625 0.21875 0.05390625 0.0890625
10 0.884375 0.18984375 0.0421875 0.0890625
10 0.840625 0.3015625 0.07421875 0.11484375
10 0.89765625 0.33671875 0.07578125 0.15859375
10 0.034375 0.159375 0.04296875 0.08125
10 0.3359375 0.14296875 0.05 0.09453125
10 0.478125 0.22265625 0.0546875 0.125
10 0.21328125 0.303125 0.078125 0.146875
10 0.52421875 0.184375 0.04921875 0.1
2 0.25625 0.41875 0.0734375 0.03359375
10 0.32265625 0.30546875 0.08046875 0.14921875
10 0.96015625 0.36953125 0.07890625 0.203125
3 0.06328125 0.228125 0.03359375 0.07421875
9 0.040625 0.15078125 0.02578125 0.05546875
9 0.11484375 0.14140625 0.0296875 0.06328125
3 0.07109375 0.1328125 0.0265625 0.053125
1 0.078125 0.14453125 0.04609375 0.075
6 0.34140625 0.1234375 0.02265625 0.05546875
3 0.30078125 0.15625 0.02421875 0.06015625
9 0.3640625 0.1328125 0.01875 0.053125
6 0.3359375 0.20859375 0.028125 0.06015625
6 0.28828125 0.21953125 0.03515625 0.071875
3 0.31875 0.278125 0.0390625 0.0890625
3 0.265625 0.31796875 0.040625 0.09375
3 0.19453125 0.2796875 0.03828125 0.09296875
6 0.15703125 0.29375 0.04375 0.09296875
3 0.421875 0.14453125 0.0234375 0.059375
6 0.39765625 0.196875 0.02890625 0.0609375
6 0.46484375 0.128125 0.02265625 0.03984375
6 0.42890625 0.1078125 0.02109375 0.0453125
3 0.46328125 0.196875 0.02734375 0.06953125
6 0.44296875 0.24375 0.03203125 0.075
6 0.4546875 0.29375 0.03828125 0.08359375
3 0.52265625 0.16796875 0.02421875 0.06015625
3 0.5734375 0.2 0.02265625 0.05546875
3 0.55703125 0.14375 0.02109375 0.05390625
10 0.55703125 0.1640625 0.04453125 0.0890625
3 0.52890625 0.2796875 0.03203125 0.0796875
1 0.53125 0.284375 0.05703125 0.09453125
6 0.6265625 0.20546875 0.02578125 0.0609375
3 0.571875 0.33046875 0.0390625 0.10390625
3 0.6125 0.278125 0.0328125 0.06796875
3 0.62265625 0.3109375 0.034375 0.08125
3 0.65078125 0.33671875 0.046875 0.10625
0 0.65390625 0.43046875 0.05234375 0.04609375
3 0.7171875 0.1734375 0.01796875 0.04375
3 0.746875 0.18671875 0.02421875 0.053125
3 0.7953125 0.19140625 0.02578125 0.05546875
3 0.8921875 0.16953125 0.025 0.0515625
3 0.86171875 0.2796875 0.0296875 0.0703125
9 0.77265625 0.19375 0.021875 0.05078125
3 0.81953125 0.203125 0.02421875 0.05078125
9 0.9125 0.29453125 0.03984375 0.071875
3 0.98125 0.321875 0.0375 0.10625
7 0.846875 0.34296875 0.040625 0.028125