7 0.2328125 0.13359375 0.0296875 0.021875
3 0.24375 0.09609375 0.01328125 0.0296875
10 0.24453125 0.11015625 0.040625 0.0609375
3 0.39140625 0.05390625 0.0171875 0.0296875
1 0.38828125 0.0609375 0.04453125 0.0453125
2 0.42578125 0.078125 0.02265625 0.01328125
2 0.53671875 0.0328125 0.01328125 0.01015625
0 0.56796875 0.03203125 0.009375 0.0140625
2 0.66953125 0.30859375 0.02265625 0.03125
7 0.72109375 0.3171875 0.0390625 0.0265625
3 0.715625 0.25703125 0.02265625 0.046875
1 0.7109375 0.2640625 0.06328125 0.09140625
2 0.89921875 0.39140625 0.01953125 0.0265625