2 0.234375 0.1375 0.02890625 0.01171875
3 0.24140625 0.09453125 0.0140625 0.02890625
10 0.24453125 0.10859375 0.0390625 0.05703125
0 0.38984375 0.07578125 0.015625 0.01484375
3 0.3953125 0.046875 0.01484375 0.03046875
10 0.38828125 0.05703125 0.046875 0.053125
2 0.42578125 0.07734375 0.0234375 0.0140625
2 0.53671875 0.03203125 0.01328125 0.0109375
0 0.56640625 0.03046875 0.01015625 0.01328125
10 0.57265625 0.01875 0.0453125 0.03515625
2 0.675 0.3125 0.0328125 0.03984375
7 0.70703125 0.31015625 0.03984375 0.03359375
3 0.71640625 0.25078125 0.0234375 0.040625
10 0.70546875 0.26171875 0.06171875 0.09609375
2 0.89921875 0.390625 0.01953125 0.02578125