4 0.671875 0.49375 0.0859375 0.21015625
4 0.9703125 0.546875 0.05703125 0.09765625
4 0.9390625 0.5578125 0.04609375 0.07578125
4 0.759375 0.5859375 0.0625 0.16640625
4 0.6484375 0.59765625 0.05859375 0.09921875
4 0.56953125 0.59375 0.06953125 0.11796875
4 0.64609375 0.73046875 0.07734375 0.20078125
4 0.52109375 0.5859375 0.07109375 0.13984375
4 0.43203125 0.71875 0.075 0.24921875
4 0.4421875 0.55859375 0.07421875 0.10703125
4 0.03125 0.51328125 0.03671875 0.13828125
4 0.09921875 0.53046875 0.065625 0.0921875