2 0.234375 0.1375 0.0296875 0.0140625
3 0.2390625 0.1015625 0.0140625 0.028125
10 0.24453125 0.1109375 0.0375 0.05
3 0.39375 0.04609375 0.0140625 0.0296875
10 0.3953125 0.05546875 0.04609375 0.0484375
2 0.42578125 0.07734375 0.02265625 0.01171875
2 0.53671875 0.0328125 0.01328125 0.01015625
0 0.56796875 0.0328125 0.01015625 0.0140625
2 0.66953125 0.30703125 0.021875 0.03125
7 0.6984375 0.30625 0.04453125 0.03359375
2 0.72109375 0.31953125 0.03515625 0.0265625
3 0.709375 0.23125 0.02265625 0.04609375
10 0.6984375 0.25703125 0.06171875 0.1015625
2 0.89921875 0.39140625 0.01953125 0.0265625