4 0.0859375 0.3859375 0.11875 0.24921875
4 0.4921875 0.4109375 0.146875 0.3296875
4 0.36640625 0.39765625 0.15625 0.25859375
4 0.2828125 0.35703125 0.1265625 0.17734375
4 0.190625 0.321875 0.0828125 0.1796875
4 0.87265625 0.509375 0.1453125 0.53515625
4 0.809375 0.28203125 0.0921875 0.13359375
4 0.78203125 0.2375 0.0734375 0.159375
11 0.36015625 0.72890625 0.34609375 0.5328125
11 0.1890625 0.58828125 0.24140625 0.34296875
4 0.94453125 0.30390625 0.08671875 0.190625
7 0.790625 0.45078125 0.1296875 0.24453125