7 0.2328125 0.134375 0.02890625 0.0203125
3 0.2375 0.10390625 0.015625 0.02890625
1 0.24453125 0.11328125 0.040625 0.04609375
3 0.3921875 0.04921875 0.0171875 0.0265625
1 0.3921875 0.05859375 0.05234375 0.0484375
2 0.42578125 0.0765625 0.02265625 0.0109375
2 0.53671875 0.0328125 0.01328125 0.01171875
0 0.5671875 0.03359375 0.009375 0.01328125
2 0.66953125 0.3078125 0.021875 0.03046875
7 0.72109375 0.3125 0.04296875 0.03828125
3 0.70625 0.23125 0.02265625 0.05
10 0.70859375 0.2625 0.06953125 0.11171875
2 0.89921875 0.39140625 0.01953125 0.02578125