4 0.0421875 0.5046875 0.084375 0.36640625
4 0.11484375 0.478125 0.06328125 0.12265625
4 0.18203125 0.49375 0.075 0.2359375
4 0.26171875 0.5328125 0.134375 0.24140625
4 0.4515625 0.38515625 0.1265625 0.1609375
4 0.60078125 0.43828125 0.0625 0.14296875
4 0.79296875 0.41953125 0.06328125 0.221875
4 0.8453125 0.38515625 0.03984375 0.10703125
4 0.9375 0.38671875 0.03828125 0.08671875
4 0.88203125 0.74140625 0.2203125 0.5109375
4 0.30234375 0.45 0.06953125 0.115625
4 0.3359375 0.44921875 0.10234375 0.1140625