3 0.23984375 0.1046875 0.0140625 0.028125
1 0.24296875 0.1140625 0.04453125 0.05
0 0.39453125 0.0796875 0.02109375 0.01328125
3 0.3984375 0.04765625 0.0140625 0.02890625
1 0.39765625 0.05859375 0.05 0.053125
2 0.53671875 0.03203125 0.01328125 0.0109375
0 0.5703125 0.0296875 0.01015625 0.01484375
2 0.66953125 0.30703125 0.02109375 0.03203125
2 0.696875 0.30859375 0.03671875 0.03046875
2 0.72421875 0.31875 0.03984375 0.03359375
3 0.70625 0.23125 0.02265625 0.0453125
10 0.69375 0.2515625 0.05859375 0.090625
2 0.89921875 0.39140625 0.0203125 0.0265625