7 0.240625 0.13359375 0.01484375 0.021875
3 0.2453125 0.10078125 0.01328125 0.02890625
1 0.24765625 0.1109375 0.03828125 0.0515625
3 0.39140625 0.05625 0.0171875 0.0296875
1 0.38828125 0.06328125 0.04453125 0.04453125
2 0.42578125 0.078125 0.02265625 0.0140625
2 0.53671875 0.0328125 0.01328125 0.01015625
0 0.56953125 0.03046875 0.01171875 0.01328125
3 0.71484375 0.253125 0.0234375 0.040625
2 0.66953125 0.30859375 0.021875 0.03125
7 0.6953125 0.30546875 0.03828125 0.040625
2 0.72265625 0.315625 0.03828125 0.03359375
10 0.70078125 0.25703125 0.06171875 0.0859375
2 0.89921875 0.39140625 0.0203125 0.0265625