7 0.2328125 0.13359375 0.03046875 0.01953125
3 0.240625 0.10546875 0.01484375 0.02890625
1 0.2453125 0.11171875 0.04140625 0.0484375
3 0.39296875 0.05546875 0.015625 0.0296875
1 0.38828125 0.0609375 0.04375 0.04296875
2 0.42578125 0.078125 0.0234375 0.01328125
2 0.53671875 0.0328125 0.01328125 0.01171875
0 0.56796875 0.03203125 0.009375 0.01328125
2 0.66953125 0.3078125 0.021875 0.03203125
7 0.69453125 0.3015625 0.03984375 0.04296875
7 0.72734375 0.30625 0.02890625 0.04609375
3 0.71015625 0.24296875 0.02265625 0.04453125
10 0.696875 0.25859375 0.065625 0.10078125
2 0.89921875 0.39140625 0.0203125 0.02578125