7 0.2390625 0.13515625 0.01484375 0.021875
3 0.24375 0.09296875 0.0140625 0.03046875
10 0.24453125 0.10703125 0.04296875 0.059375
7 0.38671875 0.08203125 0.02265625 0.01796875
3 0.39921875 0.04765625 0.01484375 0.02890625
1 0.39765625 0.059375 0.04921875 0.0515625
2 0.42578125 0.078125 0.02265625 0.0140625
2 0.53671875 0.03203125 0.01328125 0.0109375
0 0.56953125 0.0296875 0.00859375 0.01484375
2 0.66953125 0.30703125 0.02265625 0.03125
7 0.72265625 0.3109375 0.040625 0.0453125
3 0.71484375 0.23359375 0.02265625 0.0453125
10 0.7015625 0.25703125 0.06171875 0.09921875
2 0.89921875 0.39140625 0.01953125 0.028125