4 0.19375 0.50859375 0.0671875 0.20234375
4 0.1484375 0.53359375 0.05703125 0.20390625
4 0.10625 0.51875 0.04453125 0.17890625
4 0.096875 0.5640625 0.040625 0.18046875
4 0.03359375 0.50859375 0.05 0.2359375
4 0.07109375 0.64296875 0.096875 0.36796875
4 0.5296875 0.69296875 0.17578125 0.425
4 0.2171875 0.67890625 0.14921875 0.309375
4 0.25703125 0.678125 0.06015625 0.24921875
4 0.346875 0.76796875 0.11171875 0.2296875
4 0.3296875 0.63515625 0.0890625 0.24296875
4 0.315625 0.54609375 0.06171875 0.1515625
4 0.37265625 0.54296875 0.0625 0.21015625
4 0.415625 0.58515625 0.0484375 0.11875
4 0.42109375 0.52109375 0.0421875 0.1203125
4 0.4328125 0.6640625 0.06328125 0.1953125
4 0.5015625 0.584375 0.05390625 0.1078125
4 0.5953125 0.64609375 0.04140625 0.21328125
4 0.53515625 0.58984375 0.0375 0.1546875
4 0.59765625 0.59609375 0.06171875 0.19375
4 0.584375 0.5125 0.0546875 0.1625
4 0.71171875 0.74140625 0.07578125 0.18203125
4 0.64453125 0.54921875 0.04609375 0.1984375
4 0.90859375 0.5625 0.05 0.196875