4 0.06640625 0.76328125 0.13203125 0.459375
4 0.15859375 0.503125 0.0984375 0.30078125
4 0.196875 0.40390625 0.0796875 0.31640625
4 0.30703125 0.88125 0.24765625 0.22734375
4 0.31796875 0.7234375 0.17578125 0.33125
4 0.33125 0.4453125 0.1109375 0.140625
4 0.30703125 0.55859375 0.1875 0.32890625
4 0.5828125 0.48203125 0.0765625 0.19453125
4 0.675 0.496875 0.125 0.353125
4 0.73203125 0.68671875 0.215625 0.60625
4 0.7578125 0.3953125 0.06484375 0.28984375
4 0.884375 0.3953125 0.10078125 0.16171875
4 0.96875 0.3921875 0.0578125 0.11484375
4 0.88515625 0.8078125 0.22421875 0.375