7 0.2390625 0.13359375 0.01640625 0.01953125
3 0.23984375 0.096875 0.01484375 0.028125
10 0.246875 0.11015625 0.0390625 0.05546875
3 0.38984375 0.05546875 0.01640625 0.03046875
1 0.38828125 0.06171875 0.04140625 0.04453125
2 0.425 0.07734375 0.0234375 0.01171875
2 0.53671875 0.0328125 0.01328125 0.01171875
0 0.56953125 0.03125 0.00859375 0.0140625
2 0.66953125 0.3078125 0.02109375 0.03046875
7 0.69765625 0.303125 0.034375 0.04296875
2 0.7234375 0.31640625 0.03984375 0.0359375
3 0.7140625 0.253125 0.025 0.04140625
1 0.70078125 0.259375 0.06953125 0.090625
2 0.89921875 0.390625 0.01953125 0.02578125