7 0.2390625 0.134375 0.01640625 0.0203125
3 0.24453125 0.1015625 0.01328125 0.02890625
1 0.2453125 0.11171875 0.04140625 0.053125
3 0.390625 0.05625 0.01640625 0.02890625
1 0.3890625 0.0609375 0.04453125 0.04453125
2 0.425 0.078125 0.02421875 0.01328125
2 0.53671875 0.03203125 0.01328125 0.0109375
0 0.56875 0.03046875 0.01171875 0.01484375
2 0.66953125 0.3078125 0.02265625 0.03203125
7 0.696875 0.30546875 0.03828125 0.04296875
2 0.7234375 0.31640625 0.03984375 0.034375
3 0.71484375 0.2515625 0.02421875 0.04140625
10 0.69921875 0.2578125 0.06328125 0.08984375
2 0.89921875 0.390625 0.01875 0.02578125