2 0.24140625 0.13984375 0.01640625 0.01328125
3 0.2421875 0.1015625 0.01484375 0.0296875
1 0.24453125 0.1109375 0.0390625 0.04921875
3 0.3984375 0.04375 0.01484375 0.03125
10 0.3953125 0.05390625 0.04140625 0.05078125
2 0.42578125 0.078125 0.02265625 0.01328125
2 0.38671875 0.084375 0.02265625 0.01171875
2 0.53671875 0.03359375 0.01328125 0.009375
0 0.56796875 0.03046875 0.009375 0.01328125
2 0.66640625 0.29921875 0.03984375 0.040625
2 0.70078125 0.303125 0.0390625 0.03203125
2 0.725 0.3140625 0.03671875 0.03125
3 0.6703125 0.2484375 0.0234375 0.04375
1 0.665625 0.25078125 0.07578125 0.08046875
2 0.89921875 0.39140625 0.01953125 0.0265625