2 0.24140625 0.1390625 0.01640625 0.01484375
3 0.240625 0.09453125 0.01328125 0.0296875
10 0.24453125 0.1078125 0.0390625 0.0546875
3 0.39375 0.03359375 0.01484375 0.03046875
2 0.42578125 0.078125 0.0234375 0.01328125
10 0.39765625 0.04921875 0.04609375 0.06171875
2 0.53671875 0.03203125 0.0140625 0.01171875
0 0.57109375 0.03046875 0.0109375 0.01328125
2 0.66640625 0.30078125 0.03984375 0.03828125
7 0.70234375 0.3 0.04140625 0.03671875
2 0.72578125 0.31484375 0.034375 0.03125
3 0.70390625 0.23125 0.021875 0.04609375
10 0.6953125 0.25234375 0.06015625 0.09140625
2 0.89921875 0.39140625 0.01953125 0.02578125