2 0.24140625 0.13984375 0.01640625 0.01484375
3 0.24375 0.09609375 0.0140625 0.03046875
10 0.24453125 0.1078125 0.03984375 0.05625
3 0.4078125 0.04921875 0.01484375 0.0265625
1 0.4 0.05703125 0.04609375 0.04375
2 0.42578125 0.078125 0.0234375 0.01328125
2 0.53671875 0.0328125 0.01328125 0.01015625
0 0.5703125 0.03046875 0.01328125 0.01328125
7 0.7015625 0.2984375 0.040625 0.04375
3 0.7015625 0.22578125 0.02109375 0.04609375
10 0.68984375 0.25078125 0.06015625 0.09375
2 0.89921875 0.39140625 0.0203125 0.02578125