2 0.24140625 0.13984375 0.0171875 0.01484375
3 0.2421875 0.10078125 0.01484375 0.028125
1 0.2453125 0.1109375 0.0390625 0.0484375
3 0.39765625 0.02578125 0.0140625 0.03125
10 0.39453125 0.04453125 0.04296875 0.06953125
2 0.42578125 0.078125 0.021875 0.01328125
2 0.53671875 0.03203125 0.01328125 0.0109375
0 0.56796875 0.02890625 0.01015625 0.0140625
2 0.665625 0.2984375 0.0390625 0.04140625
2 0.70078125 0.303125 0.03984375 0.03125
2 0.725 0.3140625 0.03515625 0.03203125
9 0.68046875 0.23828125 0.02421875 0.04375
10 0.66875 0.2484375 0.07578125 0.08359375
2 0.89921875 0.39140625 0.01953125 0.025