2 0.2421875 0.140625 0.01640625 0.0140625
3 0.24140625 0.0984375 0.01484375 0.02890625
1 0.24375 0.1109375 0.04140625 0.0546875
7 0.38515625 0.08125 0.02265625 0.01796875
3 0.3984375 0.04375 0.01484375 0.0296875
10 0.39609375 0.0546875 0.04375 0.05390625
2 0.42578125 0.078125 0.02265625 0.0140625
2 0.53671875 0.0328125 0.01328125 0.01015625
0 0.5703125 0.03125 0.01015625 0.01328125
7 0.70234375 0.29921875 0.04453125 0.04453125
3 0.7046875 0.221875 0.021875 0.0453125
10 0.69921875 0.25390625 0.06328125 0.109375
3 0.71796875 0.0203125 0.01328125 0.028125
10 0.7125 0.03359375 0.03359375 0.05703125
2 0.89921875 0.390625 0.0203125 0.02578125
2 0.86171875 0.38203125 0.02890625 0.03203125