2 0.24140625 0.1390625 0.015625 0.01484375
3 0.23984375 0.09375 0.01328125 0.03046875
10 0.2421875 0.1078125 0.0421875 0.05859375
7 0.3859375 0.08046875 0.02265625 0.0203125
3 0.39765625 0.04140625 0.015625 0.03125
10 0.39765625 0.05390625 0.04140625 0.05546875
2 0.42578125 0.07734375 0.02421875 0.015625
2 0.53671875 0.03203125 0.0125 0.0109375
0 0.5703125 0.03046875 0.01328125 0.01328125
7 0.7015625 0.29921875 0.04296875 0.04375
3 0.71875 0.2421875 0.02421875 0.04375
10 0.70234375 0.26484375 0.0609375 0.10546875
2 0.89921875 0.39140625 0.0203125 0.0265625