7 0.2328125 0.13671875 0.03359375 0.021875
3 0.2390625 0.08984375 0.01328125 0.0296875
10 0.2453125 0.10625 0.0421875 0.06171875
7 0.39453125 0.078125 0.0375 0.0234375
3 0.39375 0.028125 0.015625 0.03125
10 0.39609375 0.04765625 0.05234375 0.06953125
2 0.4265625 0.078125 0.021875 0.0109375
2 0.53671875 0.0328125 0.01328125 0.01015625
0 0.56953125 0.03125 0.01328125 0.01328125
7 0.7046875 0.3015625 0.0390625 0.03125
3 0.709375 0.25703125 0.0234375 0.04140625
1 0.7 0.2640625 0.07109375 0.09921875
0 0.72265625 0.0625 0.01171875 0.01171875
3 0.71875 0.028125 0.01328125 0.028125
10 0.71640625 0.040625 0.03515625 0.05546875
9 0.815625 0.1171875 0.0171875 0.0359375
10 0.80625 0.14921875 0.0484375 0.09921875
5 0.90234375 0.3953125 0.01015625 0.01484375
2 0.89921875 0.390625 0.01953125 0.0265625
2 0.86171875 0.38203125 0.028125 0.03125
3 0.89375 0.3125 0.01953125 0.04140625
10 0.8765625 0.33125 0.05390625 0.08359375