7 0.23359375 0.1359375 0.03203125 0.021875
3 0.240625 0.09453125 0.0140625 0.02890625
10 0.24765625 0.10859375 0.040625 0.05625
3 0.39375 0.03203125 0.01484375 0.03203125
10 0.39765625 0.05 0.04765625 0.06875
2 0.4265625 0.07734375 0.02265625 0.01171875
2 0.53671875 0.03203125 0.01328125 0.0109375
0 0.56953125 0.03046875 0.01171875 0.015625
7 0.70546875 0.30390625 0.03984375 0.03046875
3 0.70390625 0.2546875 0.021875 0.040625
1 0.69765625 0.2609375 0.0703125 0.08828125
3 0.89921875 0.32421875 0.01796875 0.04453125
10 0.88515625 0.34453125 0.0515625 0.09140625
2 0.86171875 0.38203125 0.02890625 0.03203125
6 0.8203125 0.1125 0.01640625 0.0359375
0 0.81953125 0.20703125 0.01015625 0.02109375
10 0.81328125 0.15546875 0.0375 0.1203125