5 0.9015625 0.3953125 0.01015625 0.01484375
2 0.8609375 0.38203125 0.02890625 0.03203125
2 0.8984375 0.3890625 0.01953125 0.02578125
3 0.89453125 0.31171875 0.01953125 0.04375
10 0.87734375 0.33125 0.05546875 0.0890625
10 0.72265625 0.0625 0.01171875 0.01171875
3 0.71796875 0.0265625 0.0125 0.028125
10 0.71640625 0.040625 0.034375 0.0546875
2 0.53671875 0.03203125 0.01328125 0.0109375
0 0.56953125 0.03125 0.01015625 0.0109375
7 0.39453125 0.0765625 0.0359375 0.01484375
3 0.39765625 0.03359375 0.01484375 0.03203125
2 0.4265625 0.0765625 0.02265625 0.0109375
10 0.3984375 0.05 0.04765625 0.06640625
7 0.23203125 0.13828125 0.034375 0.01953125
3 0.2453125 0.0859375 0.01328125 0.0296875
10 0.2453125 0.10390625 0.0390625 0.0640625
7 0.70390625 0.30234375 0.03984375 0.03046875
3 0.70625 0.240625 0.02109375 0.046875
10 0.696875 0.26171875 0.06328125 0.103125