2 0.24140625 0.13984375 0.01640625 0.01484375
3 0.23984375 0.09921875 0.01484375 0.0296875
1 0.24296875 0.11171875 0.040625 0.05703125
7 0.3859375 0.08203125 0.02265625 0.01953125
3 0.39765625 0.04453125 0.01484375 0.02890625
10 0.39609375 0.05625 0.04375 0.0546875
2 0.42578125 0.078125 0.02421875 0.01484375
2 0.53671875 0.03203125 0.01328125 0.0109375
0 0.56875 0.03203125 0.01015625 0.01171875
0 0.7234375 0.0625 0.01171875 0.01171875
3 0.71875 0.0265625 0.01328125 0.028125
10 0.71640625 0.03984375 0.03515625 0.05546875
7 0.7046875 0.3 0.0390625 0.03671875
3 0.70390625 0.24453125 0.02265625 0.046875
10 0.6953125 0.25859375 0.07265625 0.090625
2 0.86171875 0.38203125 0.0296875 0.03203125
0 0.9015625 0.38359375 0.01640625 0.01796875
3 0.89921875 0.32265625 0.01875 0.0453125
10 0.8859375 0.34453125 0.04921875 0.09375