7 0.23359375 0.13671875 0.03359375 0.0203125
3 0.23828125 0.09453125 0.01484375 0.028125
10 0.24296875 0.10859375 0.04609375 0.05859375
7 0.39453125 0.08046875 0.03828125 0.0203125
3 0.39296875 0.03125 0.01484375 0.03046875
3 0.396875 0.04921875 0.04765625 0.06796875
2 0.4265625 0.078125 0.02265625 0.0109375
2 0.53671875 0.03203125 0.01328125 0.0109375
0 0.56875 0.0328125 0.01328125 0.01171875
7 0.7046875 0.303125 0.0421875 0.03125
3 0.7078125 0.26015625 0.021875 0.04453125
1 0.696875 0.26328125 0.07265625 0.0890625
3 0.81953125 0.11640625 0.01640625 0.03515625
0 0.81328125 0.16328125 0.0140625 0.01953125
10 0.81328125 0.14921875 0.0390625 0.0984375
0 0.9 0.384375 0.0171875 0.01796875
3 0.89921875 0.325 0.0171875 0.04609375
2 0.86171875 0.3828125 0.02890625 0.03203125
10 0.884375 0.34453125 0.04921875 0.09140625