2 0.2421875 0.1390625 0.015625 0.0140625
3 0.2390625 0.0984375 0.01484375 0.03046875
1 0.24375 0.109375 0.0390625 0.0515625
7 0.3859375 0.08125 0.02265625 0.01640625
3 0.39609375 0.04609375 0.0140625 0.0296875
10 0.39609375 0.05703125 0.04296875 0.05390625
2 0.42578125 0.078125 0.0234375 0.01328125
2 0.53671875 0.03203125 0.01328125 0.0109375
0 0.5703125 0.03046875 0.0140625 0.01328125
0 0.7234375 0.0609375 0.01328125 0.01484375
3 0.71953125 0.02578125 0.0140625 0.02890625
10 0.7171875 0.03828125 0.03671875 0.05625
2 0.89921875 0.390625 0.0203125 0.02578125
7 0.70234375 0.30625 0.04375 0.034375
3 0.71328125 0.246875 0.02421875 0.03984375
10 0.7 0.265625 0.0625 0.11484375