2 0.24140625 0.140625 0.015625 0.0140625
3 0.24140625 0.09921875 0.0125 0.0296875
10 0.24453125 0.109375 0.03828125 0.05
3 0.39765625 0.04296875 0.01484375 0.03046875
10 0.3984375 0.05390625 0.0421875 0.05390625
2 0.3859375 0.084375 0.02265625 0.0140625
2 0.42578125 0.07734375 0.02265625 0.0140625
2 0.53671875 0.0328125 0.01328125 0.01015625
0 0.57109375 0.03046875 0.01171875 0.01171875
7 0.70234375 0.30390625 0.03828125 0.03203125
3 0.71171875 0.25234375 0.02109375 0.04140625
10 0.6984375 0.2640625 0.0625 0.10546875
2 0.89921875 0.39140625 0.01953125 0.02578125