7 0.23671875 0.13828125 0.02890625 0.01875
3 0.24296875 0.096875 0.01328125 0.02890625
10 0.24765625 0.1109375 0.04296875 0.05859375
7 0.38671875 0.08203125 0.0234375 0.01875
3 0.3921875 0.034375 0.01484375 0.03125
2 0.42578125 0.078125 0.02265625 0.01171875
10 0.396875 0.05078125 0.04375 0.0640625
2 0.53671875 0.03203125 0.01328125 0.0109375
0 0.72421875 0.0640625 0.01484375 0.0109375
3 0.7203125 0.02734375 0.01328125 0.02890625
10 0.71875 0.040625 0.0359375 0.05625
7 0.7046875 0.30234375 0.0375 0.034375
3 0.70546875 0.246875 0.01953125 0.0453125
1 0.69609375 0.26171875 0.06953125 0.096875
7 0.88984375 0.36953125 0.02734375 0.02421875
3 0.89921875 0.31640625 0.01796875 0.0453125
10 0.8875 0.3390625 0.0515625 0.09140625
2 0.8609375 0.38125 0.02890625 0.034375