7 0.23828125 0.134375 0.02265625 0.021875
3 0.24296875 0.09921875 0.0140625 0.02890625
10 0.24765625 0.11015625 0.040625 0.05546875
3 0.396875 0.04375 0.01484375 0.03125
7 0.38984375 0.08046875 0.015625 0.0234375
10 0.39921875 0.05390625 0.0484375 0.05390625
2 0.42578125 0.0765625 0.02265625 0.0109375
2 0.53671875 0.03125 0.0140625 0.0109375
0 0.56953125 0.03125 0.01328125 0.01328125
7 0.70546875 0.30390625 0.03828125 0.03359375
3 0.709375 0.25390625 0.0234375 0.04375
1 0.696875 0.26015625 0.0703125 0.09296875
7 0.88984375 0.3765625 0.0296875 0.040625
3 0.896875 0.3140625 0.01953125 0.046875
10 0.8828125 0.33828125 0.05859375 0.0953125
0 0.72421875 0.06328125 0.0140625 0.009375
3 0.7203125 0.028125 0.0125 0.028125
10 0.71796875 0.040625 0.0328125 0.05390625
2 0.8609375 0.38046875 0.02734375 0.034375