7 0.2421875 0.13359375 0.01640625 0.021875
3 0.2453125 0.1015625 0.0140625 0.02890625
1 0.2484375 0.1109375 0.03984375 0.05
7 0.3890625 0.08046875 0.0171875 0.021875
3 0.39921875 0.05 0.01484375 0.0296875
1 0.39921875 0.059375 0.04921875 0.05
2 0.42578125 0.078125 0.021875 0.01328125
2 0.53671875 0.03203125 0.01328125 0.0109375
0 0.56953125 0.03203125 0.01328125 0.01171875
7 0.7046875 0.30390625 0.03984375 0.03359375
3 0.703125 0.2453125 0.02265625 0.04609375
1 0.69609375 0.2640625 0.071875 0.0984375
3 0.796875 0.0984375 0.01796875 0.034375
10 0.79921875 0.1390625 0.04375 0.11484375
0 0.72421875 0.0625 0.0140625 0.01171875
3 0.71953125 0.025 0.01328125 0.028125
10 0.7171875 0.0390625 0.0359375 0.05703125
3 0.896875 0.32578125 0.01796875 0.04609375
10 0.884375 0.3484375 0.04921875 0.096875
2 0.86171875 0.38125 0.02890625 0.034375