2 0.23515625 0.1390625 0.028125 0.01484375
3 0.23984375 0.09453125 0.0140625 0.025
10 0.246875 0.10703125 0.03828125 0.05078125
7 0.3859375 0.08125 0.02265625 0.01953125
3 0.40390625 0.0421875 0.01640625 0.03046875
10 0.3984375 0.0546875 0.04765625 0.05546875
2 0.42578125 0.07734375 0.02265625 0.01171875
2 0.53671875 0.03203125 0.0140625 0.01015625
0 0.56953125 0.03125 0.0125 0.01171875
0 0.7234375 0.0640625 0.01484375 0.0109375
3 0.7203125 0.02734375 0.01171875 0.02890625
10 0.71796875 0.040625 0.0359375 0.05703125
6 0.75078125 0.07421875 0.01875 0.034375
10 0.74921875 0.15078125 0.04140625 0.19375
2 0.7046875 0.3078125 0.04296875 0.02890625
8 0.70625 0.2796875 0.02421875 0.04609375
1 0.696875 0.26171875 0.0546875 0.07890625
7 0.89375 0.38359375 0.0296875 0.03359375
3 0.89765625 0.33515625 0.01875 0.04453125
10 0.88671875 0.346875 0.05390625 0.08515625
2 0.8609375 0.38046875 0.02890625 0.03515625