7 0.24140625 0.13203125 0.01640625 0.0203125
7 0.38984375 0.0765625 0.0140625 0.02578125
3 0.4 0.04375 0.01484375 0.0296875
2 0.42578125 0.078125 0.02265625 0.0109375
10 0.4 0.05546875 0.05078125 0.0515625
3 0.24375 0.0984375 0.01328125 0.03046875
1 0.24765625 0.1109375 0.04296875 0.0546875
2 0.53671875 0.03125 0.0140625 0.01171875
0 0.56953125 0.03046875 0.01328125 0.0140625
0 0.72421875 0.06328125 0.01484375 0.009375
3 0.7203125 0.028125 0.0125 0.02890625
10 0.71875 0.04140625 0.0359375 0.05546875
7 0.70390625 0.30546875 0.03984375 0.03046875
3 0.709375 0.2515625 0.0234375 0.04375
1 0.696875 0.26484375 0.06796875 0.10390625
7 0.89296875 0.38125 0.0296875 0.0359375
3 0.89765625 0.31953125 0.01875 0.04453125
10 0.88515625 0.34140625 0.059375 0.090625
2 0.8609375 0.38046875 0.02734375 0.034375