7 0.23515625 0.13828125 0.03203125 0.01796875
3 0.24609375 0.0875 0.01484375 0.03046875
10 0.24453125 0.10625 0.04609375 0.06875
7 0.3984375 0.078125 0.0328125 0.0234375
3 0.39609375 0.040625 0.015625 0.03046875
10 0.4 0.053125 0.0484375 0.0546875
2 0.4265625 0.078125 0.021875 0.0109375
2 0.53671875 0.03203125 0.01328125 0.0109375
0 0.56953125 0.03125 0.01171875 0.0109375
7 0.70625 0.30625 0.0390625 0.034375
3 0.70546875 0.24921875 0.02265625 0.04453125
10 0.696875 0.26484375 0.07109375 0.0984375
0 0.725 0.0640625 0.01484375 0.01015625
3 0.7203125 0.028125 0.01328125 0.028125
10 0.71796875 0.04140625 0.03515625 0.05546875
6 0.7625 0.0859375 0.01796875 0.034375
10 0.75703125 0.1578125 0.040625 0.1765625
2 0.86171875 0.38203125 0.028125 0.03359375
3 0.89921875 0.32890625 0.02109375 0.04375
7 0.8921875 0.38203125 0.02890625 0.03359375
10 0.8859375 0.34609375 0.05703125 0.08671875