7 0.23515625 0.13671875 0.02578125 0.01875
3 0.24375 0.09375 0.0140625 0.0296875
10 0.24375 0.10703125 0.0390625 0.059375
7 0.38515625 0.08359375 0.02578125 0.01875
3 0.38515625 0.05859375 0.015625 0.03125
1 0.38984375 0.065625 0.0484375 0.04140625
2 0.4265625 0.078125 0.02421875 0.01328125
2 0.53671875 0.03046875 0.0140625 0.0109375
0 0.57109375 0.02890625 0.01015625 0.01171875
0 0.7234375 0.06484375 0.015625 0.0109375
3 0.71875 0.028125 0.01328125 0.02890625
10 0.7171875 0.040625 0.03515625 0.0546875
3 0.8984375 0.34375 0.01953125 0.04296875
7 0.88828125 0.3796875 0.02265625 0.03125
1 0.8875 0.35078125 0.05234375 0.08046875
2 0.8609375 0.38125 0.028125 0.034375
7 0.7046875 0.3015625 0.040625 0.04375
3 0.70390625 0.24609375 0.02265625 0.0484375
1 0.696875 0.25625 0.07109375 0.08984375