3 0.2375 0.10859375 0.01484375 0.028125
1 0.24140625 0.1125 0.04140625 0.04921875
7 0.3859375 0.0859375 0.028125 0.01875
3 0.3859375 0.0609375 0.015625 0.0296875
1 0.3890625 0.06640625 0.04921875 0.04140625
2 0.4265625 0.078125 0.0234375 0.01171875
2 0.53671875 0.03203125 0.0140625 0.01328125
0 0.56796875 0.03046875 0.01015625 0.01171875
0 0.72265625 0.0640625 0.01640625 0.0109375
3 0.7203125 0.0265625 0.0140625 0.028125
10 0.7171875 0.040625 0.03515625 0.05625
2 0.70625 0.309375 0.04296875 0.03125
3 0.70546875 0.24296875 0.021875 0.04375
10 0.69296875 0.2546875 0.059375 0.08359375
7 0.890625 0.38515625 0.0203125 0.028125
3 0.903125 0.3390625 0.0203125 0.04140625
10 0.8875 0.34921875 0.05546875 0.084375
2 0.86171875 0.38046875 0.02734375 0.03515625