7 0.2328125 0.1390625 0.0234375 0.01796875
3 0.240625 0.0953125 0.01484375 0.0296875
10 0.2421875 0.1109375 0.0421875 0.06328125
7 0.38515625 0.08515625 0.02734375 0.0203125
3 0.3890625 0.0578125 0.01484375 0.03046875
1 0.38828125 0.0625 0.05 0.04375
2 0.53671875 0.03203125 0.0140625 0.01328125
0 0.56875 0.03203125 0.0125 0.0109375
2 0.70546875 0.30859375 0.0421875 0.03046875
3 0.70859375 0.24609375 0.021875 0.0453125
10 0.69453125 0.25625 0.065625 0.0796875
0 0.7203125 0.0578125 0.01171875 0.01171875
3 0.71796875 0.01875 0.01328125 0.028125
10 0.71328125 0.03359375 0.03203125 0.05859375
7 0.88671875 0.38359375 0.01796875 0.02578125
3 0.8953125 0.34140625 0.0203125 0.04609375
1 0.88359375 0.34609375 0.0515625 0.0765625
2 0.86171875 0.38125 0.02890625 0.0359375