4 0.5484375 0.61328125 0.225 0.7609375
4 0.71328125 0.56328125 0.1109375 0.54296875
4 0.39140625 0.59765625 0.1734375 0.65
4 0.05703125 0.38125 0.10625 0.1875
4 0.128125 0.28125 0.09609375 0.14453125
4 0.78203125 0.26484375 0.09765625 0.1640625
4 0.57734375 0.26328125 0.09375 0.1609375
4 0.48828125 0.203125 0.05234375 0.11796875
4 0.57734375 0.24375 0.09140625 0.1546875
4 0.67421875 0.33515625 0.09140625 0.16015625
4 0.21875 0.35625 0.13515625 0.16328125
4 0.30078125 0.2890625 0.08125 0.10859375
4 0.32265625 0.2703125 0.06328125 0.08515625
4 0.54375 0.35234375 0.1203125 0.1484375
7 0.30390625 0.37890625 0.16640625 0.1921875
7 0.83046875 0.47421875 0.12890625 0.49140625
7 0.9359375 0.3140625 0.0890625 0.1859375
7 0.1234375 0.5484375 0.228125 0.44609375