4 0.2359375 0.63984375 0.12578125 0.2203125
4 0.45 0.65546875 0.10390625 0.58046875
4 0.63671875 0.58203125 0.09375 0.55703125
4 0.2984375 0.46953125 0.07578125 0.23515625
4 0.196875 0.4015625 0.06875 0.23359375
4 0.34453125 0.30625 0.03203125 0.1390625
4 0.40625 0.328125 0.03984375 0.13359375
4 0.134375 0.52890625 0.10234375 0.1796875
4 0.1234375 0.38359375 0.0625 0.17421875
4 0.06875 0.47421875 0.07734375 0.14375
4 0.4546875 0.3109375 0.03125 0.11953125
4 0.3734375 0.4171875 0.06484375 0.11640625
4 0.48046875 0.44609375 0.05859375 0.1515625
4 0.8984375 0.390625 0.075 0.16484375
4 0.540625 0.34921875 0.03984375 0.08125
4 0.584375 0.36953125 0.03671875 0.11328125
4 0.44375 0.403125 0.040625 0.109375