2 0.23515625 0.140625 0.028125 0.0140625
3 0.23984375 0.1015625 0.0140625 0.028125
10 0.24453125 0.109375 0.03515625 0.046875
7 0.38515625 0.08515625 0.02734375 0.01875
3 0.38515625 0.06171875 0.01484375 0.03046875
1 0.38828125 0.06640625 0.04921875 0.03984375
2 0.42578125 0.078125 0.02265625 0.01328125
2 0.5375 0.03125 0.0140625 0.01171875
0 0.571875 0.0296875 0.01015625 0.01328125
2 0.70625 0.3078125 0.0421875 0.03046875
3 0.7046875 0.24375 0.021875 0.04453125
10 0.69296875 0.25546875 0.0609375 0.08125
7 0.890625 0.3859375 0.01796875 0.0296875
3 0.90390625 0.33984375 0.02109375 0.040625
10 0.88671875 0.34921875 0.05625 0.08359375
0 0.72421875 0.0640625 0.01484375 0.0109375
3 0.71953125 0.028125 0.01328125 0.0296875
10 0.71640625 0.040625 0.034375 0.05703125