4 0.41015625 0.37890625 0.05390625 0.11875
4 0.28515625 0.6796875 0.13046875 0.52578125
4 0.7109375 0.340625 0.04453125 0.1765625
4 0.7625 0.35390625 0.05234375 0.1203125
4 0.896875 0.3671875 0.08359375 0.15546875
4 0.3859375 0.27734375 0.03203125 0.12109375
4 0.0640625 0.4859375 0.046875 0.3
4 0.17421875 0.37265625 0.05234375 0.109375
4 0.13046875 0.5390625 0.065625 0.36796875
4 0.2078125 0.315625 0.04765625 0.10078125
4 0.3359375 0.3484375 0.05234375 0.1015625
4 0.66171875 0.340625 0.04453125 0.09609375
4 0.0328125 0.3515625 0.03515625 0.0984375