4 0.47109375 0.7203125 0.096875 0.44453125
4 0.28671875 0.65703125 0.10390625 0.21484375
4 0.76640625 0.61640625 0.07890625 0.41484375
4 0.34453125 0.4765625 0.078125 0.25
4 0.19375 0.55078125 0.09140625 0.18671875
4 0.59765625 0.43984375 0.059375 0.1796875
4 0.69296875 0.421875 0.046875 0.16640625
4 0.65859375 0.40625 0.03359375 0.13125
4 0.44375 0.37578125 0.0375 0.12578125
4 0.24453125 0.44609375 0.06796875 0.20390625
4 0.76484375 0.41640625 0.05546875 0.1484375
4 0.38671875 0.35703125 0.03359375 0.103125
4 0.10390625 0.36328125 0.02890625 0.13828125
4 0.13359375 0.5 0.05390625 0.13671875
4 0.86171875 0.4828125 0.06015625 0.1109375
4 0.034375 0.41796875 0.04609375 0.14296875
4 0.175 0.453125 0.05859375 0.11484375
4 0.409375 0.45703125 0.0640625 0.10625
4 0.55859375 0.3859375 0.0234375 0.0890625
4 0.4765625 0.44140625 0.04453125 0.103125
4 0.5 0.39375 0.0359375 0.08046875
4 0.92265625 0.57109375 0.13984375 0.74296875