4 0.64921875 0.51328125 0.27890625 0.53125
4 0.8765625 0.43671875 0.228125 0.36484375
4 0.4375 0.50390625 0.2421875 0.38359375
4 0.125 0.34140625 0.09453125 0.1328125
4 0.20703125 0.35078125 0.07578125 0.1234375
4 0.39140625 0.35390625 0.1015625 0.27578125
4 0.81484375 0.3953125 0.121875 0.2109375
4 0.68984375 0.31328125 0.12421875 0.19140625
4 0.93828125 0.334375 0.1078125 0.36171875
4 0.2546875 0.3046875 0.1078125 0.15546875
4 0.3515625 0.32265625 0.109375 0.12734375
4 0.3734375 0.2515625 0.10078125 0.11953125