7 0.23125 0.13828125 0.02890625 0.01640625
3 0.23046875 0.115625 0.01484375 0.028125
1 0.23828125 0.12109375 0.04453125 0.040625
7 0.38515625 0.0859375 0.028125 0.01640625
3 0.38984375 0.05859375 0.01484375 0.0296875
1 0.3875 0.06640625 0.053125 0.04453125
2 0.42578125 0.078125 0.02421875 0.0140625
2 0.53671875 0.0328125 0.0140625 0.01171875
0 0.56875 0.03203125 0.0125 0.0140625
2 0.70546875 0.30859375 0.04375 0.03046875
3 0.70625 0.24609375 0.02109375 0.04453125
10 0.6953125 0.25625 0.06484375 0.0796875
7 0.8921875 0.38515625 0.02890625 0.03359375
3 0.89609375 0.34296875 0.0203125 0.04296875
1 0.8828125 0.34453125 0.05390625 0.0765625
2 0.86171875 0.38125 0.02890625 0.0359375
0 0.73125 0.0609375 0.01328125 0.01328125
3 0.7265625 0.03046875 0.01328125 0.028125
10 0.71953125 0.04140625 0.0359375 0.053125