7 0.23125 0.13828125 0.0296875 0.01875
3 0.23828125 0.0984375 0.01328125 0.03046875
10 0.23984375 0.1109375 0.0421875 0.05625
2 0.3859375 0.08671875 0.02890625 0.015625
3 0.38671875 0.0421875 0.01484375 0.02890625
10 0.39140625 0.05390625 0.04375 0.0546875
2 0.42578125 0.078125 0.02421875 0.01328125
2 0.53671875 0.03046875 0.0140625 0.01328125
0 0.56875 0.03125 0.01171875 0.01171875
0 0.73203125 0.059375 0.01328125 0.01328125
3 0.728125 0.03125 0.01328125 0.02890625
1 0.71953125 0.04140625 0.03828125 0.0515625
2 0.70625 0.30703125 0.0421875 0.03046875
3 0.70625 0.2453125 0.02109375 0.04296875
10 0.69453125 0.25625 0.06328125 0.08203125
2 0.8609375 0.38046875 0.02890625 0.03515625
3 0.89609375 0.33984375 0.01953125 0.04609375
7 0.896875 0.3890625 0.03203125 0.03125
1 0.884375 0.34375 0.05 0.08046875