7 0.23203125 0.13828125 0.02890625 0.01796875
3 0.23515625 0.09375 0.01328125 0.02890625
10 0.240625 0.11015625 0.04140625 0.0609375
7 0.384375 0.084375 0.02734375 0.01953125
3 0.3890625 0.05625 0.01484375 0.03046875
1 0.38828125 0.065625 0.05078125 0.04609375
2 0.4265625 0.07890625 0.02265625 0.01171875
2 0.53671875 0.03125 0.0140625 0.01328125
0 0.56875 0.03125 0.0125 0.01171875
9 0.7109375 0.0140625 0.01484375 0.021875
10 0.71015625 0.09609375 0.04296875 0.1890625
2 0.70625 0.30859375 0.04296875 0.03125
3 0.70703125 0.24453125 0.021875 0.04375
10 0.69453125 0.25546875 0.06328125 0.08125
7 0.8921875 0.384375 0.03046875 0.03046875
3 0.89375 0.3390625 0.0234375 0.04375
1 0.8828125 0.34375 0.05390625 0.08203125
2 0.86171875 0.38046875 0.0296875 0.03671875