7 0.2296875 0.140625 0.02734375 0.01796875
3 0.23828125 0.09453125 0.01484375 0.02890625
10 0.2421875 0.11015625 0.04140625 0.0609375
7 0.3859375 0.08515625 0.02890625 0.021875
3 0.3875 0.05625 0.015625 0.0296875
1 0.3921875 0.0640625 0.0515625 0.04609375
2 0.4265625 0.078125 0.021875 0.01328125
2 0.53671875 0.0328125 0.0140625 0.01171875
0 0.56875 0.03203125 0.0125 0.01328125
0 0.72109375 0.06171875 0.01484375 0.01328125
3 0.71875 0.02890625 0.01328125 0.028125
10 0.715625 0.03984375 0.0359375 0.05390625
2 0.70625 0.30859375 0.04375 0.03046875
3 0.70859375 0.24453125 0.021875 0.0453125
10 0.69453125 0.25625 0.06484375 0.08046875
7 0.89296875 0.384375 0.028125 0.0296875
3 0.9 0.32734375 0.01875 0.04375
10 0.88359375 0.34296875 0.053125 0.08671875
2 0.86171875 0.38125 0.02890625 0.03515625