2 0.23125 0.13984375 0.0296875 0.01328125
3 0.2328125 0.10390625 0.01328125 0.02578125
3 0.23671875 0.11484375 0.04453125 0.05
7 0.38515625 0.084375 0.02734375 0.01875
3 0.38671875 0.05703125 0.01484375 0.0296875
1 0.390625 0.065625 0.0484375 0.0453125
2 0.42578125 0.07734375 0.02265625 0.01171875
2 0.53671875 0.03046875 0.0140625 0.0109375
0 0.56875 0.03125 0.0125 0.01171875
2 0.70625 0.30703125 0.0421875 0.03046875
3 0.71015625 0.24296875 0.021875 0.0453125
10 0.69453125 0.25625 0.06484375 0.08203125
7 0.8921875 0.38359375 0.03046875 0.03125
3 0.89375 0.33828125 0.021875 0.04296875
1 0.8828125 0.34296875 0.05234375 0.07890625
2 0.8609375 0.38125 0.028125 0.034375
0 0.73125 0.059375 0.0140625 0.01328125
3 0.72578125 0.03046875 0.01328125 0.028125
1 0.71953125 0.040625 0.03828125 0.0515625