7 0.23203125 0.140625 0.02734375 0.0140625
3 0.2328125 0.10234375 0.01328125 0.02890625
10 0.23671875 0.11796875 0.04453125 0.059375
7 0.38515625 0.0859375 0.028125 0.01953125
3 0.38828125 0.05625 0.01484375 0.03046875
1 0.38828125 0.06640625 0.053125 0.04453125
2 0.53671875 0.03125 0.0140625 0.01171875
0 0.56875 0.03125 0.01328125 0.0140625
0 0.7296875 0.05859375 0.01328125 0.01328125
3 0.72578125 0.03046875 0.01484375 0.0296875
1 0.71875 0.04140625 0.0359375 0.053125
7 0.70546875 0.303125 0.0421875 0.04140625
3 0.70703125 0.24921875 0.02265625 0.04453125
10 0.69609375 0.25546875 0.0609375 0.08515625
7 0.89140625 0.38359375 0.02890625 0.03125
3 0.89453125 0.34375 0.02109375 0.04296875
1 0.884375 0.3421875 0.0515625 0.08046875
2 0.86171875 0.38125 0.02890625 0.034375