7 0.2359375 0.13671875 0.02734375 0.01796875
3 0.23984375 0.0953125 0.0140625 0.0296875
10 0.240625 0.11328125 0.04296875 0.06171875
7 0.38515625 0.0828125 0.02734375 0.01796875
3 0.38828125 0.05625 0.01484375 0.0296875
1 0.38828125 0.0640625 0.05078125 0.04375
2 0.4265625 0.07890625 0.02265625 0.01328125
2 0.53671875 0.03125 0.0140625 0.01328125
0 0.56640625 0.02734375 0.01015625 0.015625
2 0.659375 0.29921875 0.03359375 0.03125
7 0.709375 0.31328125 0.0421875 0.04453125
3 0.71015625 0.246875 0.02109375 0.0453125
10 0.703125 0.265625 0.06796875 0.096875
7 0.896875 0.38046875 0.0234375 0.03984375
3 0.9015625 0.33203125 0.01875 0.04140625
10 0.88203125 0.34296875 0.05859375 0.09140625
2 0.8609375 0.38046875 0.028125 0.03515625
7 0.79296875 0.20234375 0.0265625 0.025
3 0.7875 0.1390625 0.01640625 0.034375
10 0.77890625 0.159375 0.04140625 0.08046875
0 0.7296875 0.06328125 0.0125 0.01328125
3 0.72578125 0.03203125 0.0125 0.02890625
1 0.71796875 0.04375 0.03515625 0.0515625