7 0.23515625 0.1359375 0.028125 0.0203125
3 0.24140625 0.09296875 0.01328125 0.02890625
10 0.24375 0.10625 0.0390625 0.05859375
7 0.3859375 0.0828125 0.02890625 0.01796875
3 0.38984375 0.0578125 0.01484375 0.02890625
1 0.38828125 0.06796875 0.05078125 0.04453125
2 0.42734375 0.07890625 0.0234375 0.01484375
2 0.53515625 0.03046875 0.01328125 0.01328125
0 0.565625 0.028125 0.00859375 0.015625
0 0.73046875 0.0640625 0.01171875 0.01328125
3 0.72578125 0.03203125 0.0125 0.0296875
1 0.71796875 0.04296875 0.03515625 0.05078125
2 0.659375 0.29921875 0.03359375 0.03125
7 0.7109375 0.3125 0.03828125 0.0453125
3 0.71328125 0.24765625 0.021875 0.0453125
10 0.70078125 0.265625 0.06796875 0.09609375
2 0.79375 0.20390625 0.02578125 0.021875
3 0.78828125 0.14296875 0.015625 0.034375
10 0.778125 0.16328125 0.04140625 0.07421875
7 0.896875 0.38125 0.02421875 0.0359375
3 0.9 0.33046875 0.01953125 0.04296875
10 0.87890625 0.34296875 0.05859375 0.0953125
2 0.8609375 0.38125 0.028125 0.034375