7 0.23828125 0.13671875 0.02578125 0.02109375
3 0.24375 0.09140625 0.01328125 0.028125
10 0.2453125 0.10546875 0.03515625 0.059375
7 0.38515625 0.084375 0.02734375 0.01953125
3 0.38984375 0.0578125 0.0140625 0.03046875
1 0.3890625 0.0640625 0.05078125 0.04375
2 0.4265625 0.078125 0.02265625 0.0140625
2 0.53671875 0.03125 0.0140625 0.01328125
0 0.56875 0.03046875 0.0109375 0.01328125
5 0.73046875 0.06796875 0.01015625 0.0109375
3 0.72109375 0.02421875 0.0140625 0.028125
10 0.71171875 0.034375 0.0328125 0.05390625
2 0.79375 0.20859375 0.02578125 0.01796875
3 0.79921875 0.16875 0.015625 0.034375
10 0.78828125 0.171875 0.0375 0.06484375
2 0.66015625 0.29921875 0.03359375 0.03046875
7 0.71171875 0.3140625 0.0390625 0.04375
3 0.71171875 0.2515625 0.02109375 0.04375
10 0.70234375 0.2640625 0.06953125 0.09453125
7 0.896875 0.38046875 0.02578125 0.03671875
3 0.8984375 0.33125 0.01953125 0.04140625
10 0.8796875 0.34375 0.05703125 0.0953125
2 0.86171875 0.38046875 0.028125 0.03515625