7 0.2359375 0.13828125 0.03046875 0.01796875
6 0.2390625 0.09140625 0.01328125 0.03046875
10 0.2421875 0.10625 0.04140625 0.0640625
7 0.3859375 0.08515625 0.02890625 0.01875
3 0.39140625 0.05546875 0.015625 0.0296875
1 0.38984375 0.0640625 0.05234375 0.046875
2 0.42734375 0.07890625 0.02265625 0.01484375
2 0.53671875 0.0328125 0.01328125 0.01171875
0 0.56875 0.0296875 0.0125 0.01484375
3 0.71796875 0.01640625 0.01328125 0.02578125
10 0.70859375 0.0328125 0.03515625 0.05859375
2 0.66015625 0.30078125 0.03359375 0.03046875
2 0.71171875 0.321875 0.03984375 0.0296875
7 0.69921875 0.30078125 0.028125 0.0203125
3 0.7125 0.25859375 0.02578125 0.03984375
1 0.70078125 0.2640625 0.06953125 0.090625
7 0.79453125 0.20625 0.03046875 0.0296875
3 0.78828125 0.14765625 0.015625 0.034375
10 0.78125 0.16640625 0.0390625 0.07578125
7 0.8953125 0.38203125 0.0265625 0.03515625
3 0.90078125 0.3328125 0.01953125 0.04140625
10 0.88046875 0.3453125 0.0578125 0.09453125
2 0.86171875 0.38125 0.02890625 0.0359375