11 0.36875 0.83046875 0.225 0.33359375
11 0.26015625 0.63828125 0.178125 0.2875
11 0.43515625 0.56328125 0.175 0.2859375
11 0.73515625 0.4265625 0.1515625 0.19765625
11 0.60390625 0.325 0.12265625 0.20234375
11 0.17734375 0.43828125 0.16640625 0.2453125
11 0.334375 0.41171875 0.125 0.225
11 0.49921875 0.2296875 0.11015625 0.184375
11 0.07734375 0.31171875 0.134375 0.25390625
11 0.921875 0.36484375 0.1546875 0.21640625
11 0.79921875 0.26953125 0.11796875 0.16171875
11 0.69296875 0.19140625 0.128125 0.14921875
11 0.09609375 0.1359375 0.11015625 0.13203125
7 0.26328125 0.05078125 0.0703125 0.1015625
7 0.621875 0.1296875 0.08984375 0.125
7 0.0359375 0.2359375 0.07109375 0.18125
11 0.75234375 0.61328125 0.159375 0.25078125
7 0.603125 0.6640625 0.1796875 0.39609375