11 0.578125 0.83359375 0.1484375 0.32734375
11 0.72734375 0.73359375 0.11875 0.26015625
11 0.47734375 0.7109375 0.128125 0.23671875
11 0.6125 0.64296875 0.1046875 0.23984375
11 0.69375 0.57578125 0.12109375 0.19453125
11 0.440625 0.565625 0.09609375 0.2046875
11 0.5421875 0.5359375 0.08984375 0.18203125
11 0.14375 0.63046875 0.11015625 0.26640625
11 0.10859375 0.8578125 0.190625 0.27421875
11 0.115625 0.521875 0.1140625 0.1953125
11 0.48125 0.45859375 0.0703125 0.146875
11 0.659375 0.39921875 0.05625 0.1515625
11 0.72265625 0.47421875 0.07734375 0.14453125
7 0.86171875 0.40703125 0.09375 0.1875
11 0.521875 0.3703125 0.07265625 0.12421875
11 0.79296875 0.37578125 0.05703125 0.1140625
11 0.2734375 0.34453125 0.06484375 0.16484375
11 0.93984375 0.5203125 0.115625 0.1578125
7 0.03984375 0.47109375 0.0796875 0.1421875
11 0.07109375 0.40546875 0.07734375 0.11484375
11 0.46640625 0.31484375 0.053125 0.10390625
7 0.6609375 0.28125 0.05078125 0.11484375
7 0.60078125 0.24765625 0.046875 0.08515625
7 0.7046875 0.26875 0.04296875 0.11953125