4 0.509375 0.6359375 0.17578125 0.61953125
7 0.6171875 0.7703125 0.221875 0.45625
4 0.73671875 0.6140625 0.1578125 0.61953125
7 0.87890625 0.27734375 0.0859375 0.21484375
11 0.53515625 0.23046875 0.08125 0.17734375
7 0.075 0.6765625 0.14921875 0.40390625
7 0.0640625 0.490625 0.1265625 0.34921875
11 0.478125 0.15859375 0.07890625 0.16796875
11 0.3953125 0.32109375 0.0828125 0.24609375
4 0.6484375 0.346875 0.0953125 0.3
7 0.43515625 0.39609375 0.09609375 0.31015625
7 0.203125 0.6609375 0.17890625 0.39140625