2 0.23828125 0.1390625 0.02421875 0.01875
3 0.23984375 0.096875 0.0140625 0.02890625
10 0.24140625 0.10859375 0.03984375 0.0515625
10 0.38515625 0.08203125 0.028125 0.021875
3 0.40078125 0.053125 0.01328125 0.02890625
10 0.39375 0.06015625 0.0484375 0.0484375
2 0.42734375 0.078125 0.0234375 0.0140625
2 0.53671875 0.03125 0.0140625 0.01328125
0 0.56875 0.03046875 0.0109375 0.01328125
0 0.73046875 0.0640625 0.0109375 0.01328125
3 0.72421875 0.0328125 0.0125 0.02890625
1 0.71875 0.04296875 0.0359375 0.053125
2 0.66015625 0.29921875 0.03359375 0.0296875
2 0.71328125 0.32421875 0.03984375 0.02890625
7 0.7 0.29921875 0.02890625 0.028125
3 0.70859375 0.25546875 0.021875 0.040625
10 0.69453125 0.2578125 0.065625 0.0859375
2 0.79453125 0.20625 0.02578125 0.0234375
7 0.89765625 0.38359375 0.03046875 0.03359375
3 0.896875 0.32890625 0.0203125 0.04140625
10 0.8796875 0.3390625 0.05546875 0.09375
2 0.86171875 0.38046875 0.0296875 0.03671875