2 0.23828125 0.1390625 0.021875 0.0140625
3 0.23671875 0.10390625 0.0140625 0.02890625
10 0.24140625 0.1140625 0.04375 0.04921875
7 0.38515625 0.08515625 0.02578125 0.01875
2 0.42734375 0.078125 0.02265625 0.01328125
3 0.39453125 0.0359375 0.01484375 0.03046875
10 0.390625 0.053125 0.0484375 0.065625
2 0.53671875 0.03203125 0.0140625 0.01171875
0 0.56875 0.03125 0.0109375 0.01171875
0 0.73203125 0.0640625 0.01328125 0.01328125
3 0.725 0.03125 0.01328125 0.02890625
10 0.71875 0.04296875 0.03671875 0.053125
2 0.66015625 0.29921875 0.03359375 0.0296875
7 0.69921875 0.29609375 0.028125 0.028125
2 0.7125 0.32421875 0.03984375 0.0296875
3 0.7078125 0.24140625 0.02265625 0.04375
10 0.69453125 0.25546875 0.065625 0.090625
7 0.7953125 0.20546875 0.02421875 0.021875
3 0.78828125 0.15390625 0.015625 0.03515625
10 0.78671875 0.17265625 0.0390625 0.08046875
7 0.8953125 0.38203125 0.02734375 0.03515625
3 0.896875 0.32265625 0.01953125 0.04375
10 0.87890625 0.33828125 0.05546875 0.09296875
2 0.86171875 0.38046875 0.02890625 0.03515625