11 0.11328125 0.4765625 0.096875 0.2046875
11 0.57890625 0.8234375 0.15 0.34921875
11 0.59921875 0.60703125 0.103125 0.246875
11 0.42109375 0.54140625 0.090625 0.184375
11 0.4484375 0.278125 0.0609375 0.125
7 0.7015625 0.52421875 0.1203125 0.2421875
11 0.4828125 0.6578125 0.11015625 0.2734375
7 0.52421875 0.484375 0.09453125 0.228125
7 0.36875 0.440625 0.0796875 0.20390625
11 0.7203125 0.29453125 0.0609375 0.10625
7 0.41875 0.35234375 0.08125 0.1203125
11 0.165625 0.6265625 0.1046875 0.2015625
7 0.31640625 0.378125 0.05546875 0.1484375
7 0.37421875 0.3046875 0.06328125 0.1171875
7 0.55546875 0.37265625 0.08828125 0.178125
7 0.778125 0.34453125 0.06171875 0.1203125