7 0.23671875 0.13828125 0.028125 0.01875
3 0.24296875 0.09453125 0.0140625 0.02890625
10 0.23984375 0.1140625 0.04140625 0.06484375
7 0.38515625 0.084375 0.02890625 0.01953125
3 0.40234375 0.05546875 0.01484375 0.0296875
1 0.39453125 0.059375 0.04765625 0.04609375
2 0.42734375 0.078125 0.02265625 0.0140625
2 0.5359375 0.03125 0.01328125 0.01171875
0 0.56875 0.03046875 0.0109375 0.0109375
0 0.73046875 0.0640625 0.0125 0.01484375
3 0.72578125 0.0328125 0.01328125 0.02890625
10 0.71953125 0.04296875 0.03515625 0.053125
2 0.66015625 0.29765625 0.03359375 0.0265625
2 0.7140625 0.32421875 0.040625 0.03046875
7 0.7 0.296875 0.0296875 0.02421875
3 0.71640625 0.24609375 0.02421875 0.03984375
10 0.7 0.25859375 0.06640625 0.08984375
7 0.896875 0.3828125 0.02890625 0.034375
3 0.89765625 0.3265625 0.02109375 0.040625
10 0.8796875 0.33828125 0.05546875 0.09296875
2 0.86171875 0.38046875 0.02890625 0.03515625
2 0.79453125 0.20625 0.02734375 0.0234375