7 0.23515625 0.13828125 0.028125 0.01875
3 0.2390625 0.0953125 0.01328125 0.028125
10 0.24140625 0.11484375 0.04296875 0.06484375
0 0.40078125 0.08046875 0.015625 0.01484375
2 0.38515625 0.084375 0.02734375 0.01484375
3 0.3984375 0.0453125 0.01484375 0.0296875
1 0.4 0.05625 0.0515625 0.05078125
2 0.4265625 0.078125 0.02265625 0.0140625
2 0.53671875 0.03125 0.0140625 0.01171875
0 0.56875 0.03125 0.0109375 0.01171875
0 0.73203125 0.0640625 0.01328125 0.01328125
3 0.72578125 0.03125 0.01328125 0.02890625
1 0.71875 0.04296875 0.0390625 0.0546875
7 0.79375 0.20546875 0.02421875 0.021875
3 0.8 0.15859375 0.01640625 0.03359375
10 0.78828125 0.178125 0.040625 0.075
7 0.89453125 0.38125 0.028125 0.034375
3 0.89765625 0.32578125 0.02109375 0.04453125
10 0.87890625 0.340625 0.05625 0.09296875
2 0.86171875 0.38125 0.02890625 0.0359375
2 0.66015625 0.2984375 0.03359375 0.03046875
7 0.71015625 0.3140625 0.04140625 0.046875
3 0.71015625 0.2390625 0.021875 0.0484375
10 0.69765625 0.265625 0.06484375 0.103125