7 0.23828125 0.1390625 0.02421875 0.01875
3 0.240625 0.10078125 0.0140625 0.0296875
10 0.2421875 0.1140625 0.04375 0.05546875
7 0.3859375 0.08359375 0.028125 0.0203125
3 0.40078125 0.053125 0.01640625 0.0296875
1 0.40078125 0.059375 0.053125 0.04609375
2 0.4265625 0.078125 0.02421875 0.0140625
2 0.53671875 0.03125 0.0140625 0.01171875
0 0.56875 0.03125 0.0109375 0.01171875
0 0.73125 0.0640625 0.01171875 0.0140625
3 0.72578125 0.03203125 0.01328125 0.028125
10 0.71875 0.04296875 0.03671875 0.053125
2 0.79375 0.20546875 0.0265625 0.0234375
3 0.78828125 0.14453125 0.01484375 0.034375
10 0.78203125 0.1609375 0.03671875 0.0703125
7 0.89453125 0.38203125 0.03046875 0.034375
3 0.896875 0.3234375 0.0203125 0.04296875
10 0.87890625 0.3390625 0.05625 0.09375
2 0.86171875 0.38046875 0.02890625 0.03515625
2 0.659375 0.29921875 0.03359375 0.03046875
7 0.709375 0.31484375 0.0453125 0.04609375
3 0.71328125 0.25546875 0.02421875 0.03984375
10 0.696875 0.26484375 0.0640625 0.1