2 0.23828125 0.140625 0.02421875 0.01640625
3 0.23671875 0.0953125 0.0140625 0.028125
10 0.24140625 0.1078125 0.03828125 0.0546875
7 0.3859375 0.08359375 0.028125 0.0234375
3 0.40078125 0.05390625 0.01484375 0.02890625
1 0.39375 0.059375 0.0484375 0.046875
2 0.42734375 0.078125 0.0234375 0.0140625
2 0.53671875 0.03125 0.0140625 0.01171875
0 0.56875 0.03125 0.0109375 0.01171875
2 0.66015625 0.29765625 0.03359375 0.0265625
2 0.7140625 0.3234375 0.03984375 0.03046875
7 0.7 0.3015625 0.0265625 0.01875
3 0.7046875 0.2359375 0.021875 0.0453125
10 0.696875 0.26015625 0.0671875 0.1
7 0.896875 0.38046875 0.02890625 0.03515625
3 0.89765625 0.32734375 0.01953125 0.04140625
10 0.8796875 0.3375 0.05546875 0.08984375
2 0.86171875 0.38046875 0.02890625 0.03515625
2 0.79453125 0.20625 0.02578125 0.0234375
2 0.73125 0.06171875 0.01484375 0.015625
3 0.72578125 0.03359375 0.01328125 0.028125
1 0.7203125 0.04375 0.03828125 0.0515625