2 0.2375 0.13984375 0.02265625 0.01484375
3 0.23515625 0.1078125 0.01328125 0.0265625
1 0.23984375 0.11484375 0.0421875 0.04609375
2 0.38515625 0.0859375 0.02734375 0.01875
2 0.4265625 0.07890625 0.02421875 0.01328125
9 0.39140625 0.02265625 0.015625 0.03046875
10 0.3921875 0.04296875 0.05234375 0.0703125
2 0.53671875 0.03125 0.0140625 0.0109375
0 0.57109375 0.034375 0.00859375 0.0109375
3 0.56875 0.0140625 0.01171875 0.02578125
1 0.571875 0.0203125 0.04453125 0.0390625
0 0.73203125 0.06328125 0.015625 0.01328125
3 0.72578125 0.03125 0.0125 0.028125
1 0.71953125 0.04296875 0.0375 0.0515625
9 0.796875 0.134375 0.01640625 0.03515625
7 0.79375 0.20546875 0.0265625 0.025
10 0.7875 0.159375 0.03984375 0.08671875
2 0.659375 0.2984375 0.03359375 0.03046875
2 0.7140625 0.32421875 0.040625 0.03046875
2 0.70078125 0.30078125 0.03046875 0.01875
3 0.69765625 0.19140625 0.02109375 0.0484375
10 0.6828125 0.23125 0.078125 0.12890625
7 0.89765625 0.3828125 0.02890625 0.0359375
3 0.89609375 0.3234375 0.02109375 0.04296875
10 0.87890625 0.34140625 0.053125 0.1015625
2 0.86171875 0.38125 0.02890625 0.0359375