2 0.23515625 0.1375 0.02734375 0.01953125
2 0.24140625 0.09375 0.01328125 0.028125
10 0.240625 0.11171875 0.0421875 0.06640625
7 0.38515625 0.084375 0.02734375 0.01953125
3 0.3984375 0.0546875 0.015625 0.0296875
1 0.39375 0.0609375 0.05078125 0.0453125
1 0.4265625 0.07890625 0.02421875 0.0140625
2 0.53671875 0.03046875 0.0140625 0.01328125
0 0.56875 0.03125 0.0109375 0.01171875
0 0.73125 0.0640625 0.01328125 0.01328125
3 0.72578125 0.03125 0.01328125 0.02890625
10 0.71875 0.04296875 0.0359375 0.05390625
2 0.659375 0.2984375 0.03359375 0.03046875
2 0.7140625 0.32421875 0.03984375 0.03125
7 0.70078125 0.3046875 0.028125 0.02421875
3 0.7125 0.25390625 0.02421875 0.040625
10 0.69765625 0.2640625 0.06796875 0.096875
7 0.8953125 0.38125 0.028125 0.03828125
3 0.89765625 0.328125 0.02109375 0.040625
10 0.87890625 0.33671875 0.05546875 0.090625
2 0.86171875 0.38046875 0.0296875 0.03671875
2 0.79453125 0.20625 0.02734375 0.0234375