11 0.48125 0.6921875 0.11171875 0.21484375
11 0.6078125 0.62578125 0.1234375 0.23828125
11 0.8109375 0.534375 0.0875 0.14140625
11 0.9375 0.50234375 0.1140625 0.171875
11 0.85546875 0.41953125 0.0796875 0.121875
11 0.77734375 0.38203125 0.0890625 0.15078125
7 0.64921875 0.384375 0.0828125 0.15859375
11 0.09765625 0.85078125 0.19296875 0.2921875
11 0.140625 0.6140625 0.13125 0.25859375
11 0.1109375 0.5171875 0.12265625 0.175
11 0.71171875 0.46953125 0.0859375 0.1375
7 0.03125 0.46484375 0.06171875 0.13046875