11 0.57734375 0.8609375 0.1671875 0.27578125
11 0.46875 0.6875 0.13203125 0.24609375
11 0.59609375 0.6296875 0.13125 0.24296875
11 0.79921875 0.54921875 0.0859375 0.140625
11 0.934375 0.5234375 0.1125 0.1515625
11 0.8609375 0.43046875 0.0765625 0.13828125
11 0.7828125 0.38359375 0.0796875 0.10078125
11 0.71015625 0.47890625 0.0859375 0.1375
11 0.64140625 0.41328125 0.0765625 0.13046875
11 0.36484375 0.471875 0.090625 0.1875
11 0.31953125 0.409375 0.07265625 0.1484375
11 0.1484375 0.65 0.11953125 0.2109375
11 0.11015625 0.528125 0.11953125 0.1875
11 0.6625 0.29140625 0.06875 0.10078125
11 0.45859375 0.32421875 0.07265625 0.10078125
11 0.375 0.3328125 0.06953125 0.12734375
11 0.2703125 0.321875 0.04765625 0.0890625
7 0.484375 0.265625 0.05546875 0.11875
11 0.59296875 0.259375 0.05234375 0.0953125
7 0.69921875 0.278125 0.04609375 0.1171875
11 0.428125 0.55625 0.0875 0.2078125
11 0.69375 0.5875 0.115625 0.1515625
7 0.721875 0.72265625 0.115625 0.23828125
7 0.153125 0.38671875 0.0609375 0.10078125
11 0.05625 0.41640625 0.090625 0.1
7 0.0328125 0.484375 0.0640625 0.11953125
7 0.0265625 0.671875 0.053125 0.20625