7 0.2375 0.13828125 0.0234375 0.01796875
3 0.23828125 0.10859375 0.01328125 0.028125
1 0.24375 0.11875 0.0453125 0.0484375
7 0.38515625 0.08359375 0.02734375 0.02109375
3 0.4 0.05625 0.01484375 0.03046875
1 0.39375 0.059375 0.0484375 0.04921875
2 0.4265625 0.07890625 0.02421875 0.01484375
2 0.5359375 0.03125 0.01328125 0.01171875
0 0.56875 0.03125 0.0109375 0.01171875
0 0.73125 0.0640625 0.01171875 0.01484375
3 0.72578125 0.03203125 0.01328125 0.028125
10 0.71875 0.04375 0.0359375 0.0515625
2 0.66015625 0.2984375 0.03359375 0.02890625
7 0.7125 0.3140625 0.0390625 0.04921875
3 0.7203125 0.25546875 0.02421875 0.0453125
10 0.70625 0.26875 0.06796875 0.0984375
7 0.89765625 0.38125 0.02734375 0.03984375
3 0.89765625 0.32421875 0.01953125 0.04140625
10 0.8796875 0.34140625 0.05546875 0.09140625
2 0.86171875 0.38125 0.028125 0.0359375
2 0.79375 0.20625 0.0265625 0.0234375