7 0.23828125 0.13671875 0.02421875 0.01875
3 0.2390625 0.0953125 0.01484375 0.0296875
10 0.240625 0.109375 0.04453125 0.05625
7 0.38671875 0.08125 0.02734375 0.0203125
5 0.3984375 0.08203125 0.0125 0.009375
3 0.40078125 0.053125 0.015625 0.03046875
1 0.4 0.0578125 0.05234375 0.0453125
2 0.53671875 0.03125 0.0140625 0.01171875
0 0.56875 0.03125 0.0109375 0.0140625
0 0.73203125 0.0640625 0.01484375 0.01328125
3 0.7265625 0.03125 0.01328125 0.02890625
1 0.71953125 0.04296875 0.0375 0.053125
7 0.790625 0.20625 0.0296875 0.025
3 0.796875 0.14453125 0.01640625 0.0359375
10 0.7875 0.1671875 0.03984375 0.07890625
7 0.8953125 0.38046875 0.02890625 0.03515625
3 0.89765625 0.32421875 0.01953125 0.04453125
10 0.87890625 0.340625 0.05625 0.09140625
2 0.8609375 0.38046875 0.02890625 0.03515625
2 0.659375 0.2984375 0.03359375 0.03046875
7 0.7109375 0.3140625 0.04140625 0.05
3 0.709375 0.25234375 0.02265625 0.0453125
10 0.70078125 0.26640625 0.07109375 0.096875