2 0.23828125 0.1390625 0.02421875 0.01484375
3 0.23984375 0.0984375 0.0140625 0.03125
10 0.2421875 0.11015625 0.04140625 0.05546875
7 0.38515625 0.0828125 0.02734375 0.0234375
3 0.40390625 0.053125 0.01484375 0.0296875
1 0.39765625 0.059375 0.04453125 0.04375
2 0.4265625 0.078125 0.02265625 0.01328125
2 0.53671875 0.03125 0.0140625 0.01171875
0 0.56640625 0.03046875 0.01328125 0.01171875
0 0.73125 0.059375 0.0140625 0.01328125
3 0.72578125 0.03203125 0.01328125 0.03046875
1 0.71953125 0.04140625 0.03671875 0.05390625
2 0.79453125 0.20546875 0.028125 0.021875
3 0.78828125 0.15625 0.01484375 0.03671875
10 0.784375 0.16796875 0.03515625 0.065625
2 0.659375 0.2984375 0.03359375 0.03125
7 0.7140625 0.3140625 0.03984375 0.053125
3 0.7203125 0.2484375 0.021875 0.04375
10 0.70703125 0.26640625 0.06328125 0.1
7 0.8984375 0.38046875 0.02734375 0.03671875
3 0.89609375 0.321875 0.01953125 0.04453125
10 0.87890625 0.34140625 0.05078125 0.09921875
2 0.86171875 0.38125 0.02890625 0.0359375