7 0.2375 0.140625 0.0234375 0.015625
3 0.23515625 0.09375 0.01484375 0.0265625
10 0.24140625 0.11171875 0.04375 0.06015625
7 0.38671875 0.0828125 0.0296875 0.0234375
2 0.4265625 0.07890625 0.02265625 0.01328125
3 0.403125 0.05234375 0.01484375 0.02890625
1 0.39765625 0.059375 0.04609375 0.04375
2 0.53671875 0.03046875 0.0140625 0.0109375
0 0.56640625 0.03046875 0.01484375 0.01171875
0 0.73125 0.06328125 0.01484375 0.01171875
3 0.725 0.03046875 0.01328125 0.02890625
10 0.71953125 0.0421875 0.03828125 0.0546875
2 0.659375 0.2984375 0.03359375 0.0296875
7 0.7140625 0.3140625 0.03984375 0.046875
3 0.721875 0.24609375 0.021875 0.0453125
10 0.70703125 0.26796875 0.06640625 0.1046875
7 0.796875 0.20703125 0.02421875 0.0234375
3 0.790625 0.15625 0.01640625 0.03515625
10 0.78828125 0.1765625 0.03828125 0.07421875
7 0.8984375 0.38125 0.02734375 0.0359375
3 0.896875 0.325 0.01953125 0.04453125
10 0.8796875 0.3390625 0.05234375 0.09453125
2 0.8609375 0.38125 0.02890625 0.0359375