2 0.2375 0.140625 0.0234375 0.015625
3 0.23828125 0.0984375 0.01328125 0.03125
10 0.240625 0.11015625 0.0421875 0.05546875
7 0.3859375 0.08515625 0.03125 0.0203125
2 0.42734375 0.078125 0.02265625 0.0140625
3 0.39609375 0.05546875 0.01484375 0.02890625
1 0.3953125 0.0609375 0.05078125 0.04375
2 0.53671875 0.03046875 0.0140625 0.01328125
0 0.56640625 0.0296875 0.01328125 0.01328125
0 0.73125 0.0640625 0.0140625 0.01328125
3 0.72265625 0.03046875 0.0125 0.028125
1 0.71875 0.04296875 0.0359375 0.05390625
7 0.79375 0.20625 0.02578125 0.0234375
3 0.7921875 0.171875 0.01640625 0.0359375
1 0.7875 0.18046875 0.0421875 0.0765625
7 0.896875 0.38203125 0.02890625 0.0359375
3 0.89453125 0.321875 0.01953125 0.04375
10 0.87890625 0.340625 0.05078125 0.0953125
2 0.86171875 0.38125 0.0296875 0.0359375
2 0.66015625 0.2984375 0.03359375 0.03046875
7 0.7125 0.31875 0.03984375 0.04453125
3 0.71640625 0.25078125 0.02265625 0.04453125
10 0.70625 0.26796875 0.06640625 0.10078125