2 0.23828125 0.1390625 0.02265625 0.015625
3 0.2390625 0.09609375 0.01328125 0.02890625
10 0.2421875 0.10859375 0.040625 0.0546875
7 0.38671875 0.084375 0.02890625 0.02421875
3 0.40390625 0.0515625 0.0140625 0.0296875
10 0.396875 0.059375 0.04453125 0.04453125
2 0.42734375 0.07890625 0.02421875 0.01328125
2 0.53671875 0.03203125 0.01484375 0.0109375
0 0.5671875 0.03046875 0.0140625 0.01328125
0 0.73125 0.06328125 0.01328125 0.01328125
3 0.725 0.03125 0.01328125 0.02890625
10 0.71953125 0.04140625 0.03671875 0.05390625
2 0.7953125 0.20859375 0.02734375 0.0234375
3 0.790625 0.14921875 0.01640625 0.03671875
10 0.78515625 0.165625 0.03515625 0.0734375
7 0.8984375 0.3828125 0.02734375 0.034375
3 0.89453125 0.31953125 0.01875 0.04296875
10 0.88125 0.3390625 0.05546875 0.096875
2 0.86171875 0.38125 0.028125 0.0359375
2 0.66015625 0.29921875 0.0328125 0.02890625
7 0.715625 0.31484375 0.0390625 0.04609375
3 0.7171875 0.22421875 0.02109375 0.046875
10 0.70390625 0.25859375 0.05625 0.11328125