2 0.2375 0.140625 0.0234375 0.015625
3 0.23828125 0.09375 0.01328125 0.03125
10 0.24140625 0.10625 0.040625 0.05703125
7 0.38671875 0.0859375 0.0296875 0.01953125
3 0.3984375 0.05625 0.01640625 0.03046875
1 0.3953125 0.0609375 0.04921875 0.04453125
2 0.4265625 0.078125 0.02265625 0.0140625
2 0.5375 0.03125 0.0140625 0.01171875
0 0.5671875 0.0296875 0.01328125 0.01328125
0 0.73125 0.06328125 0.0140625 0.01328125
3 0.72265625 0.03125 0.0125 0.02890625
1 0.71875 0.0421875 0.03671875 0.053125
7 0.796875 0.20859375 0.0265625 0.0234375
3 0.7921875 0.1578125 0.01640625 0.0359375
10 0.78984375 0.17734375 0.0421875 0.0765625
2 0.66015625 0.2984375 0.034375 0.03046875
7 0.71328125 0.31796875 0.040625 0.03984375
3 0.72265625 0.2671875 0.02265625 0.0453125
1 0.70859375 0.271875 0.0671875 0.09453125
7 0.8984375 0.38046875 0.02734375 0.03671875
3 0.89609375 0.32578125 0.01953125 0.04375
10 0.87890625 0.340625 0.05078125 0.0953125
2 0.86171875 0.38046875 0.02890625 0.03515625