2 0.2375 0.14140625 0.0234375 0.015625
3 0.23515625 0.0953125 0.01484375 0.0296875
10 0.24140625 0.109375 0.04296875 0.05546875
7 0.3859375 0.0859375 0.02890625 0.0203125
3 0.39765625 0.05625 0.01484375 0.02890625
1 0.39453125 0.06328125 0.04921875 0.0453125
2 0.42734375 0.078125 0.0234375 0.0140625
2 0.53671875 0.03203125 0.0140625 0.01171875
0 0.5671875 0.0296875 0.01328125 0.01328125
2 0.66015625 0.29921875 0.034375 0.03046875
2 0.715625 0.32421875 0.0390625 0.034375
7 0.703125 0.3 0.02890625 0.03125
3 0.7140625 0.246875 0.02265625 0.04375
10 0.70390625 0.26328125 0.06953125 0.09453125
7 0.896875 0.38125 0.02890625 0.0359375
3 0.89453125 0.325 0.01953125 0.04296875
10 0.87890625 0.340625 0.05078125 0.0953125
2 0.86171875 0.38046875 0.0296875 0.03671875
7 0.79453125 0.20625 0.025 0.0265625
3 0.7921875 0.15859375 0.01640625 0.0359375
10 0.78828125 0.17890625 0.03828125 0.0796875
0 0.73203125 0.0625 0.015625 0.01015625
3 0.7234375 0.02890625 0.01328125 0.028125
10 0.71796875 0.040625 0.03515625 0.05390625