10 0.24140625 0.10859375 0.04296875 0.06171875
10 0.39453125 0.05 0.046875 0.071875
10 0.71328125 0.03359375 0.04140625 0.06484375
10 0.784375 0.15859375 0.0359375 0.084375
10 0.69453125 0.24453125 0.07109375 0.103125
10 0.88203125 0.346875 0.06015625 0.09140625
3 0.2390625 0.096875 0.01640625 0.03515625
7 0.23515625 0.1328125 0.01640625 0.025
6 0.4 0.03125 0.01953125 0.03515625
7 0.384375 0.084375 0.02578125 0.025
2 0.42734375 0.078125 0.025 0.01796875
2 0.5375 0.03125 0.01640625 0.01640625
0 0.56875 0.0296875 0.0140625 0.01640625
6 0.71171875 0.0140625 0.0140625 0.0265625
0 0.7296875 0.0625 0.01015625 0.01953125
2 0.79375 0.2046875 0.0296875 0.02421875
3 0.7859375 0.13828125 0.01953125 0.04375
2 0.66015625 0.3 0.034375 0.03359375
2 0.70703125 0.32421875 0.03984375 0.03125
2 0.703125 0.30078125 0.03046875 0.025
3 0.71328125 0.22265625 0.02578125 0.0546875
3 0.9015625 0.3390625 0.02109375 0.0515625
2 0.86171875 0.38046875 0.0296875 0.03671875
7 0.89609375 0.384375 0.028125 0.03046875