10 0.24375 0.11328125 0.03984375 0.05546875
1 0.39375 0.06171875 0.0484375 0.05078125
10 0.71015625 0.03203125 0.04453125 0.06328125
10 0.79296875 0.175 0.04453125 0.0984375
10 0.70234375 0.26953125 0.0734375 0.109375
10 0.8796875 0.34375 0.05390625 0.10390625
2 0.23984375 0.140625 0.02421875 0.01796875
2 0.2203125 0.14453125 0.01953125 0.01875
3 0.2421875 0.10234375 0.01484375 0.03046875
3 0.40234375 0.05703125 0.0171875 0.034375
7 0.38515625 0.084375 0.02578125 0.025
2 0.42734375 0.078125 0.025 0.015625
2 0.53671875 0.03203125 0.01484375 0.01484375
9 0.7109375 0.01328125 0.0140625 0.02421875
2 0.73046875 0.06875 0.01796875 0.01953125
3 0.79296875 0.14921875 0.01875 0.04375
3 0.796875 0.20859375 0.03203125 0.025
2 0.66015625 0.29921875 0.03515625 0.03203125
7 0.7078125 0.3140625 0.04140625 0.0515625
3 0.7125 0.24375 0.02421875 0.0546875
3 0.89609375 0.321875 0.0203125 0.05
2 0.86171875 0.38125 0.03125 0.0390625
7 0.89609375 0.38359375 0.02734375 0.03359375