7 0.684375 0.77890625 0.2984375 0.43828125
7 0.834375 0.7359375 0.27890625 0.415625
7 0.353125 0.66015625 0.16640625 0.27734375
7 0.50234375 0.61328125 0.16328125 0.26640625
7 0.146875 0.71484375 0.215625 0.3328125
7 0.05703125 0.6140625 0.1140625 0.2296875
7 0.859375 0.56953125 0.1453125 0.24140625
7 0.9171875 0.55 0.14765625 0.21484375
7 0.51796875 0.4796875 0.07734375 0.13359375
7 0.621875 0.54921875 0.159375 0.240625
7 0.68984375 0.51328125 0.12578125 0.153125
11 0.18125 0.4328125 0.065625 0.103125
7 0.10703125 0.51796875 0.10546875 0.21015625
7 0.2484375 0.43359375 0.0734375 0.09609375