10 0.2421875 0.11171875 0.03984375 0.05625
1 0.39375 0.0578125 0.04921875 0.05625
1 0.7234375 0.04375 0.03671875 0.0609375
10 0.78828125 0.16796875 0.04296875 0.1
10 0.70078125 0.26875 0.07734375 0.1
10 0.87734375 0.33125 0.05859375 0.08984375
2 0.2390625 0.1390625 0.02421875 0.01953125
2 0.21875 0.14375 0.01953125 0.01875
7 0.38515625 0.084375 0.028125 0.02578125
2 0.42734375 0.078125 0.02421875 0.01640625
3 0.40078125 0.0484375 0.01640625 0.03203125
2 0.5375 0.03125 0.01640625 0.01640625
0 0.5671875 0.028125 0.015625 0.015625
3 0.72421875 0.03359375 0.0171875 0.03125
0 0.7296875 0.065625 0.015625 0.0140625
6 0.790625 0.14296875 0.0171875 0.04453125
7 0.796875 0.20859375 0.0234375 0.02109375
2 0.659375 0.29921875 0.03515625 0.03046875
7 0.70546875 0.31328125 0.04140625 0.0453125
3 0.709375 0.25390625 0.0234375 0.0515625
3 0.89375 0.31796875 0.0203125 0.05
7 0.9 0.37890625 0.03203125 0.04453125
2 0.8609375 0.38046875 0.02890625 0.03671875