10 0.24453125 0.10859375 0.0375 0.065625
1 0.3953125 0.059375 0.0515625 0.0515625
10 0.71328125 0.03359375 0.07109375 0.06484375
10 0.790625 0.1765625 0.0421875 0.0859375
10 0.70078125 0.265625 0.07578125 0.10546875
10 0.87890625 0.33671875 0.05625 0.0953125
2 0.23984375 0.13984375 0.025 0.0203125
2 0.2203125 0.14296875 0.02109375 0.0203125
3 0.2375 0.0953125 0.01640625 0.03125
7 0.38515625 0.08359375 0.0265625 0.0234375
3 0.39921875 0.05234375 0.01640625 0.034375
2 0.42734375 0.078125 0.02421875 0.01796875
2 0.53671875 0.03203125 0.015625 0.01640625
0 0.5671875 0.02890625 0.01484375 0.015625
2 0.73125 0.0703125 0.01640625 0.01640625
3 0.79375 0.16328125 0.01875 0.040625
7 0.7984375 0.2078125 0.0234375 0.0234375
2 0.659375 0.3 0.03359375 0.03125
7 0.70859375 0.315625 0.04140625 0.05
3 0.7109375 0.246875 0.02421875 0.05078125
3 0.89609375 0.3140625 0.01953125 0.0453125
7 0.89609375 0.38203125 0.02890625 0.03515625
2 0.86171875 0.38125 0.03046875 0.03828125