1 0.24140625 0.11640625 0.04609375 0.053125
7 0.234375 0.13671875 0.01796875 0.01875
3 0.2390625 0.10703125 0.015625 0.03125
1 0.39375 0.06171875 0.04765625 0.0515625
7 0.38515625 0.084375 0.02578125 0.025
3 0.4 0.05625 0.01875 0.034375
2 0.42734375 0.078125 0.025 0.0203125
2 0.53671875 0.03203125 0.01640625 0.01640625
0 0.56953125 0.0296875 0.015625 0.01484375
10 0.709375 0.03203125 0.03828125 0.06171875
6 0.7125 0.0140625 0.01484375 0.0265625
0 0.7140625 0.0515625 0.01484375 0.01484375
2 0.73203125 0.06875 0.0171875 0.015625
10 0.7796875 0.15859375 0.04296875 0.08203125
2 0.79453125 0.20390625 0.02734375 0.021875
3 0.7859375 0.140625 0.01796875 0.03984375
2 0.659375 0.3 0.03515625 0.03359375
2 0.70859375 0.325 0.03984375 0.03125
1 0.69609375 0.26875 0.06796875 0.07578125
3 0.70625 0.27421875 0.025 0.053125
10 0.8859375 0.346875 0.059375 0.09609375
2 0.86171875 0.38125 0.0296875 0.03828125
7 0.89609375 0.38359375 0.02890625 0.03203125
3 0.9015625 0.33125 0.02109375 0.04609375