7 0.23515625 0.1359375 0.01640625 0.0203125
3 0.2421875 0.1 0.0140625 0.03125
10 0.24296875 0.11328125 0.04453125 0.05703125
1 0.38984375 0.06328125 0.04765625 0.0546875
3 0.39765625 0.05703125 0.01875 0.0359375
7 0.38515625 0.08828125 0.0265625 0.025
2 0.42734375 0.07890625 0.025 0.01640625
2 0.53671875 0.03203125 0.01640625 0.01640625
5 0.56953125 0.03515625 0.00859375 0.01328125
10 0.709375 0.03203125 0.03828125 0.06328125
3 0.7140625 0.01640625 0.0140625 0.02890625
0 0.7140625 0.05234375 0.01328125 0.0140625
2 0.73125 0.06796875 0.01640625 0.015625
1 0.79140625 0.18125 0.0421875 0.07578125
3 0.79921875 0.1765625 0.01875 0.03828125
7 0.7953125 0.209375 0.03125 0.0234375
2 0.66015625 0.29921875 0.034375 0.03125
10 0.69375 0.24609375 0.065625 0.1046875
3 0.70625 0.21796875 0.025 0.046875
0 0.71171875 0.28125 0.01640625 0.02109375
2 0.703125 0.3015625 0.03125 0.0234375
2 0.7078125 0.32421875 0.04140625 0.034375
10 0.8796875 0.34765625 0.04921875 0.11015625
3 0.89296875 0.32109375 0.02109375 0.0484375
2 0.86171875 0.38125 0.0296875 0.03828125
7 0.89609375 0.3828125 0.02734375 0.03203125