11 0.03515625 0.85859375 0.06796875 0.26875
7 0.15625 0.7578125 0.078125 0.21875
11 0.0875 0.721875 0.08046875 0.15234375
7 0.92421875 0.8796875 0.1484375 0.23671875
11 0.44921875 0.859375 0.10234375 0.27421875
11 0.3296875 0.8078125 0.09140625 0.2375
11 0.16953125 0.8921875 0.13359375 0.21328125
11 0.77421875 0.875 0.12890625 0.25
11 0.5265625 0.7984375 0.10078125 0.3109375
11 0.86171875 0.5796875 0.05703125 0.08671875
11 0.94921875 0.5828125 0.0609375 0.109375
11 0.8109375 0.76328125 0.08828125 0.15546875