10 0.24140625 0.11171875 0.04453125 0.05625
1 0.39375 0.0609375 0.04765625 0.05078125
10 0.71015625 0.03203125 0.0375 0.06328125
10 0.784375 0.159375 0.0359375 0.08203125
10 0.70390625 0.25390625 0.059375 0.0984375
10 0.8828125 0.34609375 0.06015625 0.09296875
7 0.23515625 0.13359375 0.015625 0.028125
3 0.23515625 0.10390625 0.01640625 0.03359375
7 0.38515625 0.08359375 0.02578125 0.025
3 0.4015625 0.053125 0.01796875 0.03515625
2 0.42734375 0.078125 0.02421875 0.01796875
2 0.53671875 0.03203125 0.015625 0.01640625
0 0.56875 0.0296875 0.0171875 0.01484375
3 0.7140625 0.015625 0.01484375 0.02890625
2 0.73203125 0.06953125 0.0171875 0.01640625
3 0.78359375 0.13984375 0.01796875 0.040625
3 0.79453125 0.2046875 0.02890625 0.02578125
2 0.659375 0.30078125 0.03515625 0.034375
2 0.7078125 0.32421875 0.04140625 0.03046875
2 0.703125 0.3015625 0.03125 0.0234375
3 0.71171875 0.23203125 0.02265625 0.05
3 0.9015625 0.33671875 0.02109375 0.0453125
7 0.89609375 0.384375 0.02890625 0.03359375
2 0.86171875 0.38203125 0.0296875 0.03828125