1 0.24140625 0.11328125 0.04375 0.05546875
7 0.23515625 0.1359375 0.01640625 0.0234375
3 0.24140625 0.10390625 0.015625 0.03359375
10 0.3953125 0.046875 0.04296875 0.06015625
3 0.39453125 0.0359375 0.015625 0.03515625
2 0.38984375 0.084375 0.01953125 0.01796875
2 0.42734375 0.07890625 0.02421875 0.01640625
2 0.53671875 0.03203125 0.01484375 0.01484375
0 0.56875 0.03046875 0.01640625 0.01484375
10 0.71015625 0.03203125 0.0390625 0.06328125
0 0.71484375 0.05390625 0.01484375 0.01640625
3 0.7140625 0.01640625 0.01484375 0.0296875
2 0.73203125 0.06796875 0.01640625 0.01640625
10 0.78046875 0.15859375 0.0421875 0.08046875
3 0.78828125 0.1390625 0.01796875 0.03984375
2 0.7953125 0.20390625 0.02890625 0.02421875
10 0.69296875 0.25 0.06015625 0.09453125
2 0.66015625 0.3 0.034375 0.03125
2 0.7078125 0.325 0.03984375 0.03359375
2 0.70234375 0.3015625 0.03046875 0.02109375
3 0.709375 0.23125 0.02421875 0.05
10 0.88359375 0.3484375 0.05703125 0.09921875
2 0.86171875 0.38046875 0.02890625 0.0390625
7 0.8953125 0.38359375 0.0296875 0.03828125
3 0.90234375 0.33359375 0.0203125 0.04609375