1 0.134375 0.34453125 0.0640625 0.08203125
7 0.121875 0.38203125 0.03046875 0.04375
2 0.1328125 0.38984375 0.0265625 0.03671875
3 0.12890625 0.34296875 0.02578125 0.04453125
10 0.24375 0.109375 0.04296875 0.059375
3 0.23984375 0.09921875 0.01640625 0.03125
1 0.38984375 0.06328125 0.05546875 0.05546875
3 0.39375 0.053125 0.01875 0.034375
2 0.38984375 0.0953125 0.02890625 0.021875
2 0.4296875 0.07890625 0.02421875 0.01875
2 0.53671875 0.03203125 0.01484375 0.01640625
2 0.54921875 0.03125 0.01484375 0.01640625
2 0.5765625 0.03359375 0.02265625 0.01484375
10 0.71875 0.040625 0.03828125 0.0546875
3 0.7234375 0.03046875 0.0140625 0.03046875
0 0.73203125 0.0609375 0.01328125 0.01328125
10 0.78046875 0.16328125 0.04296875 0.0984375
6 0.79140625 0.13515625 0.01796875 0.040625
7 0.80234375 0.21015625 0.02734375 0.0296875
2 0.65859375 0.3 0.03515625 0.03671875
2 0.703125 0.30625 0.0421875 0.03515625
10 0.7078125 0.26875 0.06796875 0.103125
3 0.71640625 0.2546875 0.02578125 0.04609375
10 0.88046875 0.3390625 0.05390625 0.0890625
3 0.896875 0.33203125 0.02109375 0.046875
2 0.86875 0.3859375 0.02265625 0.03671875
7 0.89296875 0.3890625 0.02734375 0.046875
2 0.92734375 0.67890625 0.02734375 0.046875