1 0.13359375 0.34609375 0.065625 0.08046875
7 0.121875 0.38203125 0.03203125 0.0453125
2 0.1328125 0.3890625 0.02578125 0.03984375
10 0.24453125 0.109375 0.04296875 0.05859375
1 0.3890625 0.06328125 0.05390625 0.05390625
2 0.4296875 0.07890625 0.0234375 0.01875
2 0.3890625 0.09453125 0.03046875 0.02109375
2 0.53671875 0.0328125 0.01484375 0.015625
2 0.54921875 0.03125 0.0140625 0.01640625
10 0.71953125 0.040625 0.03828125 0.05625
10 0.78125 0.16953125 0.0421875 0.07890625
10 0.875 0.33359375 0.046875 0.0859375
2 0.86875 0.3859375 0.02421875 0.0359375
2 0.6578125 0.3 0.0359375 0.03515625
10 0.7078125 0.271875 0.0671875 0.11015625
2 0.928125 0.678125 0.0265625 0.04921875
3 0.8875 0.31953125 0.0203125 0.0484375
2 0.89296875 0.39453125 0.02578125 0.03984375
2 0.796875 0.20078125 0.02109375 0.03125
3 0.79296875 0.153125 0.01875 0.04296875
7 0.70546875 0.30859375 0.03984375 0.0359375
3 0.71640625 0.25234375 0.025 0.04921875
3 0.72265625 0.02890625 0.01484375 0.03046875
0 0.73203125 0.06171875 0.01328125 0.01484375
7 0.57578125 0.03359375 0.01953125 0.015625
3 0.39296875 0.05625 0.01796875 0.03359375
3 0.23984375 0.09921875 0.015625 0.03203125
3 0.128125 0.34296875 0.02109375 0.04375