7 0.4140625 0.54453125 0.05546875 0.10078125
7 0.67265625 0.59921875 0.0546875 0.09375
7 0.85390625 0.60546875 0.04765625 0.09921875
7 0.92890625 0.61328125 0.04375 0.096875
7 0.91875 0.659375 0.06875 0.1109375
7 0.82421875 0.71328125 0.0921875 0.12890625
7 0.9328125 0.83203125 0.125 0.178125
7 0.8125 0.80859375 0.1015625 0.14140625
7 0.590625 0.7578125 0.08046875 0.27890625
7 0.43046875 0.721875 0.08203125 0.14609375
7 0.5234375 0.8234375 0.09765625 0.3125
7 0.3578125 0.5921875 0.053125 0.08828125
7 0.41640625 0.6015625 0.059375 0.1125
7 0.35 0.69609375 0.06875 0.2328125
7 0.1890625 0.68671875 0.06953125 0.153125
7 0.25 0.73515625 0.0953125 0.19921875
7 0.146875 0.7875 0.103125 0.2453125
7 0.328125 0.84453125 0.10234375 0.2453125
7 0.496875 0.6625 0.08203125 0.1515625
7 0.92109375 0.92890625 0.09921875 0.140625
7 0.4359375 0.86796875 0.11328125 0.2609375
7 0.0296875 0.8890625 0.0578125 0.215625