7 0.89921875 0.4046875 0.0765625 0.1546875
11 0.84921875 0.43125 0.0765625 0.13671875
11 0.778125 0.353125 0.07265625 0.11953125
11 0.82578125 0.33984375 0.05625 0.10390625
11 0.70390625 0.31484375 0.07890625 0.175
11 0.746875 0.26484375 0.046875 0.13984375
11 0.58671875 0.18671875 0.0625 0.11953125
11 0.62734375 0.16875 0.046875 0.1265625
11 0.790625 0.50859375 0.0859375 0.1546875
11 0.7015625 0.64375 0.1 0.41640625
11 0.625 0.471875 0.0921875 0.3328125
11 0.7046875 0.42265625 0.065625 0.12421875
11 0.54453125 0.4125 0.07734375 0.28203125
11 0.55859375 0.6625 0.11796875 0.44921875
11 0.44609375 0.6890625 0.13046875 0.51796875
11 0.365625 0.57109375 0.09609375 0.44140625
11 0.315625 0.47578125 0.08515625 0.41640625
11 0.40546875 0.3390625 0.08203125 0.11953125
11 0.28046875 0.359375 0.0671875 0.35546875
11 0.3625 0.2546875 0.07734375 0.1421875
11 0.33203125 0.2078125 0.05390625 0.09609375
11 0.47109375 0.440625 0.0859375 0.1625
11 0.16953125 0.74609375 0.1359375 0.45703125
11 0.04765625 0.7359375 0.0921875 0.50234375
11 0.14609375 0.440625 0.1 0.19765625
11 0.04609375 0.459375 0.08828125 0.1875
11 0.05390625 0.353125 0.0828125 0.1421875
11 0.134375 0.32890625 0.0921875 0.17265625
11 0.05234375 0.2640625 0.0828125 0.12421875