1 0.1328125 0.3453125 0.065625 0.08125
7 0.12265625 0.384375 0.03046875 0.03984375
2 0.1328125 0.38984375 0.025 0.03359375
10 0.2421875 0.11171875 0.04453125 0.06640625
10 0.38828125 0.059375 0.04921875 0.06015625
2 0.3890625 0.09296875 0.03046875 0.02109375
2 0.428125 0.078125 0.02421875 0.01796875
2 0.5359375 0.03125 0.01484375 0.015625
2 0.54921875 0.03046875 0.015625 0.01484375
7 0.57578125 0.03125 0.02109375 0.015625
10 0.71875 0.040625 0.0390625 0.0609375
10 0.7859375 0.18046875 0.03828125 0.08671875
2 0.6578125 0.29921875 0.03515625 0.0359375
10 0.70859375 0.26953125 0.06875 0.10546875
10 0.88828125 0.346875 0.059375 0.08828125
2 0.928125 0.678125 0.0265625 0.05
3 0.12578125 0.33671875 0.025 0.0515625
3 0.2421875 0.0953125 0.01796875 0.03125
3 0.396875 0.046875 0.0171875 0.03515625
7 0.3875 0.08125 0.01796875 0.01484375
7 0.72109375 0.028125 0.01484375 0.03046875
0 0.72421875 0.0640625 0.01875 0.01875
7 0.80078125 0.21171875 0.025 0.0234375
3 0.79609375 0.1625 0.01875 0.04140625
3 0.71640625 0.2546875 0.02421875 0.05
7 0.7046875 0.3078125 0.040625 0.034375
3 0.90625 0.3421875 0.02109375 0.046875
2 0.86875 0.3859375 0.02265625 0.0359375
7 0.8953125 0.39296875 0.03359375 0.04609375
2 0.75390625 0.0609375 0.02109375 0.01953125