10 0.13203125 0.33828125 0.05546875 0.09453125
7 0.125 0.384375 0.0296875 0.040625
2 0.13203125 0.38984375 0.025 0.03359375
10 0.24765625 0.1109375 0.04375 0.05390625
1 0.39375 0.06328125 0.0484375 0.05546875
7 0.3890625 0.09140625 0.03046875 0.02890625
2 0.428125 0.078125 0.02421875 0.01796875
2 0.53515625 0.03125 0.01484375 0.015625
2 0.5484375 0.03046875 0.015625 0.01484375
7 0.57578125 0.03125 0.02109375 0.015625
10 0.7125 0.03125 0.03515625 0.06015625
10 0.78203125 0.165625 0.046875 0.07890625
2 0.6578125 0.29921875 0.03515625 0.03515625
10 0.70859375 0.26640625 0.06875 0.1015625
10 0.88203125 0.340625 0.05390625 0.0984375
2 0.928125 0.678125 0.0265625 0.05
2 0.128125 0.33359375 0.0265625 0.0484375
3 0.24140625 0.10234375 0.01796875 0.03046875
3 0.403125 0.05390625 0.01953125 0.034375
6 0.71640625 0.01875 0.015625 0.03359375
5 0.72109375 0.065625 0.0140625 0.01015625
2 0.725 0.06328125 0.03203125 0.01796875
2 0.75390625 0.06015625 0.021875 0.01875
3 0.79609375 0.146875 0.0203125 0.04453125
2 0.8 0.2078125 0.02421875 0.0234375
7 0.70390625 0.309375 0.03984375 0.028125
2 0.734375 0.315625 0.0328125 0.0296875
3 0.71640625 0.25625 0.02265625 0.04921875
3 0.89609375 0.32265625 0.02265625 0.05078125
2 0.86796875 0.38515625 0.0234375 0.03671875
7 0.89609375 0.3890625 0.03125 0.0359375