10 0.1375 0.33046875 0.0515625 0.10703125
7 0.121875 0.3828125 0.03046875 0.03984375
2 0.13203125 0.38984375 0.025 0.03359375
10 0.246875 0.1078125 0.0453125 0.06171875
1 0.3875 0.06328125 0.04921875 0.05546875
2 0.38828125 0.09296875 0.03046875 0.02109375
2 0.428125 0.078125 0.02421875 0.01796875
2 0.53515625 0.03125 0.01484375 0.015625
2 0.5484375 0.03046875 0.015625 0.01484375
7 0.57578125 0.03125 0.02109375 0.015625
10 0.71875 0.040625 0.0390625 0.0609375
1 0.78671875 0.1765625 0.0453125 0.06015625
2 0.6578125 0.2984375 0.03515625 0.034375
10 0.70859375 0.26953125 0.06796875 0.109375
10 0.88828125 0.34453125 0.059375 0.08828125
2 0.928125 0.678125 0.0265625 0.05
3 0.128125 0.30390625 0.02109375 0.0484375
3 0.24140625 0.0953125 0.01796875 0.03671875
3 0.396875 0.05546875 0.0171875 0.03671875
3 0.7203125 0.0265625 0.01640625 0.03125
0 0.72421875 0.0640625 0.01796875 0.01875
2 0.80078125 0.20625 0.02734375 0.021875
3 0.79921875 0.18125 0.0203125 0.03828125
7 0.70390625 0.30703125 0.04140625 0.034375
2 0.734375 0.31640625 0.03046875 0.0265625
3 0.71953125 0.25546875 0.02578125 0.05
3 0.9046875 0.340625 0.02421875 0.0484375
2 0.86953125 0.38515625 0.021875 0.03671875
7 0.896875 0.39375 0.03359375 0.04296875
2 0.753125 0.059375 0.0234375 0.01953125