10 0.134375 0.34140625 0.0546875 0.08515625
10 0.24296875 0.1109375 0.0453125 0.06875
1 0.38984375 0.0640625 0.04921875 0.05
2 0.42890625 0.078125 0.02578125 0.01796875
2 0.5359375 0.03046875 0.01484375 0.01640625
2 0.5484375 0.03125 0.01484375 0.015625
0 0.571875 0.02890625 0.01328125 0.01328125
10 0.71640625 0.0390625 0.03828125 0.06171875
2 0.75390625 0.06015625 0.02109375 0.01875
10 0.78828125 0.16875 0.046875 0.07421875
2 0.6578125 0.29921875 0.03515625 0.03359375
10 0.709375 0.2671875 0.06484375 0.103125
7 0.71328125 0.3109375 0.05390625 0.03203125
10 0.88203125 0.33515625 0.053125 0.08515625
2 0.86875 0.3859375 0.0234375 0.03671875
2 0.928125 0.678125 0.0265625 0.046875
3 0.1296875 0.33203125 0.02265625 0.04609375
7 0.12421875 0.38203125 0.02890625 0.0453125
2 0.13203125 0.390625 0.02578125 0.03515625
3 0.2421875 0.09375 0.01796875 0.03359375
3 0.38515625 0.05703125 0.01796875 0.03671875
7 0.3875 0.084375 0.02890625 0.01953125
3 0.71875 0.025 0.01484375 0.03125
0 0.72265625 0.0640625 0.01796875 0.01484375
3 0.7953125 0.1546875 0.01953125 0.04296875
2 0.80078125 0.2109375 0.02578125 0.021875
3 0.7125 0.25859375 0.02421875 0.046875
3 0.896875 0.31953125 0.02109375 0.04921875
2 0.896875 0.39140625 0.0328125 0.03515625