10 0.13203125 0.340625 0.05625 0.09296875
10 0.2484375 0.1109375 0.03984375 0.05546875
1 0.39140625 0.04375 0.04453125 0.08515625
2 0.42890625 0.078125 0.02578125 0.01796875
2 0.5359375 0.03046875 0.01484375 0.01640625
2 0.5484375 0.03125 0.01484375 0.015625
0 0.571875 0.02890625 0.0140625 0.0140625
10 0.71640625 0.04140625 0.03828125 0.06171875
2 0.75390625 0.05703125 0.02109375 0.01953125
10 0.78828125 0.16875 0.046875 0.06953125
2 0.6578125 0.2984375 0.03515625 0.03125
10 0.709375 0.2734375 0.0671875 0.10625
7 0.7046875 0.31015625 0.04921875 0.03125
10 0.88359375 0.346875 0.05390625 0.09375
2 0.86875 0.38125 0.0234375 0.03671875
2 0.928125 0.678125 0.0265625 0.046875
3 0.125 0.31796875 0.0234375 0.046875
7 0.1234375 0.38125 0.02890625 0.046875
2 0.13203125 0.390625 0.025 0.0359375
3 0.24375 0.10078125 0.0171875 0.03046875
3 0.39140625 0.01875 0.01640625 0.03515625
2 0.38984375 0.09375 0.0296875 0.0203125
7 0.39375 0.08046875 0.01796875 0.01796875
3 0.71875 0.02421875 0.0171875 0.03046875
0 0.721875 0.06171875 0.01796875 0.01796875
3 0.796875 0.15546875 0.01953125 0.040625
2 0.80078125 0.20859375 0.02734375 0.02421875
3 0.71875 0.25625 0.0234375 0.04921875
3 0.8984375 0.34140625 0.02265625 0.046875
7 0.89921875 0.38671875 0.0296875 0.04453125
2 0.58125 0.03359375 0.01171875 0.01171875