10 0.134375 0.3421875 0.0546875 0.084375
10 0.24453125 0.109375 0.04296875 0.06953125
1 0.390625 0.06328125 0.04921875 0.04921875
2 0.42890625 0.078125 0.02578125 0.01796875
2 0.5359375 0.03046875 0.01484375 0.01640625
2 0.5484375 0.03125 0.01484375 0.015625
0 0.571875 0.028125 0.0140625 0.0140625
10 0.71640625 0.040625 0.03828125 0.06171875
2 0.75390625 0.0578125 0.02109375 0.01953125
10 0.78828125 0.17109375 0.046875 0.06953125
2 0.6578125 0.2984375 0.03515625 0.03203125
10 0.709375 0.271875 0.0671875 0.1140625
7 0.70390625 0.3109375 0.04921875 0.03203125
10 0.88203125 0.3484375 0.05859375 0.09453125
2 0.86875 0.38203125 0.0234375 0.03671875
2 0.928125 0.678125 0.0265625 0.046875
3 0.13125 0.33046875 0.0234375 0.04453125
7 0.12421875 0.38046875 0.02890625 0.04453125
2 0.13203125 0.390625 0.02734375 0.0359375
3 0.24375 0.09375 0.0171875 0.03359375
3 0.38515625 0.05703125 0.01796875 0.0359375
7 0.38671875 0.084375 0.028125 0.01953125
3 0.71796875 0.02734375 0.015625 0.03046875
0 0.7234375 0.0625 0.01796875 0.015625
3 0.79765625 0.1640625 0.01953125 0.04453125
2 0.8 0.209375 0.025 0.0234375
3 0.71484375 0.24375 0.0234375 0.05
3 0.89765625 0.340625 0.02265625 0.0484375
7 0.89765625 0.39140625 0.03359375 0.0390625