10 0.134375 0.34140625 0.0546875 0.08515625
10 0.246875 0.10546875 0.0375 0.06640625
10 0.390625 0.04296875 0.04453125 0.08046875
2 0.42890625 0.078125 0.02578125 0.01796875
2 0.5359375 0.03046875 0.01484375 0.01640625
2 0.5484375 0.03125 0.01484375 0.015625
0 0.571875 0.02890625 0.0140625 0.01171875
10 0.71640625 0.040625 0.03828125 0.06171875
2 0.75390625 0.059375 0.02109375 0.01953125
10 0.78828125 0.16953125 0.046875 0.06953125
2 0.6578125 0.2984375 0.03515625 0.03203125
10 0.70859375 0.2734375 0.0671875 0.10703125
7 0.7046875 0.3109375 0.04921875 0.03203125
10 0.88359375 0.34765625 0.0546875 0.09375
2 0.86875 0.38203125 0.0234375 0.03671875
2 0.928125 0.678125 0.0265625 0.046875
3 0.12890625 0.3359375 0.021875 0.0453125
7 0.12421875 0.38125 0.0296875 0.04375
2 0.13203125 0.390625 0.02578125 0.03515625
3 0.240625 0.09296875 0.01640625 0.03359375
3 0.390625 0.021875 0.0171875 0.0359375
2 0.38671875 0.08515625 0.0296875 0.01875
3 0.71875 0.02578125 0.01484375 0.03125
0 0.72265625 0.0640625 0.01875 0.01484375
3 0.79765625 0.15546875 0.01953125 0.040625
2 0.8 0.209375 0.0265625 0.021875
3 0.721875 0.25546875 0.02421875 0.0484375
3 0.8984375 0.3421875 0.02109375 0.046875
7 0.9 0.39140625 0.0296875 0.03828125
2 0.5828125 0.034375 0.01171875 0.01171875