10 0.134375 0.33515625 0.05703125 0.1
10 0.246875 0.109375 0.03984375 0.059375
10 0.390625 0.059375 0.0453125 0.06640625
2 0.42890625 0.078125 0.02578125 0.01796875
2 0.5359375 0.03046875 0.01484375 0.01640625
2 0.5484375 0.03125 0.01484375 0.015625
0 0.57109375 0.0296875 0.01171875 0.01328125
10 0.71640625 0.0390625 0.03828125 0.06171875
2 0.75390625 0.06015625 0.01953125 0.01875
10 0.78828125 0.17109375 0.046875 0.06953125
2 0.6578125 0.29921875 0.03515625 0.03359375
10 0.709375 0.2734375 0.0671875 0.10859375
7 0.7046875 0.3109375 0.04921875 0.03359375
10 0.88359375 0.3484375 0.0546875 0.09453125
2 0.86875 0.38359375 0.0234375 0.03671875
2 0.928125 0.678125 0.0265625 0.046875
3 0.12890625 0.31328125 0.02265625 0.05078125
7 0.12421875 0.38125 0.0296875 0.04453125
2 0.13203125 0.390625 0.02578125 0.03359375
3 0.24375 0.0984375 0.01640625 0.034375
2 0.3890625 0.09296875 0.03046875 0.0234375
3 0.4 0.0453125 0.01953125 0.03515625
3 0.71875 0.02421875 0.01640625 0.03125
3 0.72265625 0.06328125 0.01640625 0.01640625
3 0.79609375 0.15703125 0.01875 0.040625
2 0.80078125 0.2109375 0.02578125 0.0203125
3 0.72109375 0.2609375 0.025 0.04609375
3 0.89921875 0.340625 0.0234375 0.0484375
7 0.9 0.39140625 0.02734375 0.0390625
2 0.58203125 0.0328125 0.0125 0.01796875