10 0.1328125 0.340625 0.05625 0.09296875
10 0.24765625 0.10703125 0.03984375 0.0640625
1 0.39375 0.06328125 0.0484375 0.0546875
2 0.42890625 0.078125 0.02578125 0.01796875
2 0.5359375 0.03125 0.01484375 0.01640625
2 0.5484375 0.03125 0.01484375 0.015625
7 0.575 0.03203125 0.02109375 0.01796875
10 0.71640625 0.0390625 0.03828125 0.06171875
2 0.75390625 0.06015625 0.02109375 0.01875
10 0.78828125 0.171875 0.046875 0.06875
2 0.65703125 0.29921875 0.03515625 0.0359375
1 0.703125 0.27109375 0.07734375 0.0859375
7 0.7046875 0.31171875 0.04921875 0.03515625
10 0.87890625 0.334375 0.05625 0.08671875
2 0.86875 0.38515625 0.0234375 0.03671875
7 0.89296875 0.3859375 0.0296875 0.040625
2 0.928125 0.678125 0.0265625 0.046875
3 0.1171875 0.32421875 0.02109375 0.04375
7 0.12421875 0.38203125 0.02890625 0.04609375
2 0.13203125 0.390625 0.02421875 0.03203125
3 0.24140625 0.09375 0.01640625 0.03125
3 0.40234375 0.05546875 0.0171875 0.03359375
7 0.38984375 0.09140625 0.02890625 0.02578125
3 0.71796875 0.0234375 0.015625 0.03046875
0 0.7234375 0.0625 0.0203125 0.0140625
3 0.796875 0.159375 0.01875 0.03984375
2 0.8 0.21171875 0.0265625 0.0234375
3 0.7125 0.26953125 0.02421875 0.046875
3 0.896875 0.31953125 0.02109375 0.04921875