10 0.134375 0.34296875 0.0546875 0.08046875
10 0.2484375 0.1046875 0.04296875 0.071875
10 0.39453125 0.04453125 0.04921875 0.0765625
2 0.42890625 0.078125 0.02578125 0.01796875
2 0.5359375 0.03046875 0.01484375 0.01640625
2 0.5484375 0.03125 0.01484375 0.015625
0 0.5734375 0.02890625 0.01640625 0.01328125
10 0.71640625 0.0390625 0.03828125 0.06171875
2 0.75390625 0.05859375 0.02109375 0.01953125
10 0.78828125 0.17109375 0.046875 0.06953125
2 0.6578125 0.29921875 0.03515625 0.03359375
10 0.709375 0.2703125 0.0671875 0.109375
7 0.7171875 0.315625 0.05546875 0.03671875
10 0.8828125 0.3375 0.05234375 0.084375
2 0.86875 0.38515625 0.0234375 0.03671875
2 0.928125 0.678125 0.0265625 0.046875
7 0.12421875 0.38359375 0.02890625 0.03984375
2 0.1328125 0.38984375 0.02578125 0.03671875
3 0.121875 0.33046875 0.02578125 0.04609375
3 0.24375 0.0875 0.01640625 0.03203125
3 0.39375 0.025 0.01796875 0.03359375
2 0.38359375 0.0859375 0.025 0.01875
3 0.71875 0.02578125 0.01484375 0.03046875
0 0.72265625 0.06328125 0.01953125 0.0140625
3 0.79765625 0.15859375 0.01953125 0.04296875
2 0.8 0.2109375 0.02578125 0.021875
3 0.71796875 0.2484375 0.025 0.0484375
3 0.896875 0.325 0.02265625 0.05
2 0.89765625 0.3921875 0.03359375 0.034375