10 0.13203125 0.340625 0.05625 0.09296875
10 0.24765625 0.10859375 0.03984375 0.0640625
1 0.39375 0.065625 0.0484375 0.05546875
2 0.42890625 0.078125 0.02578125 0.01796875
2 0.5359375 0.03046875 0.01484375 0.01640625
2 0.5484375 0.03125 0.01484375 0.015625
7 0.57578125 0.0328125 0.02109375 0.01796875
10 0.71328125 0.03125 0.04140625 0.05703125
2 0.75390625 0.059375 0.02109375 0.01953125
10 0.78828125 0.171875 0.046875 0.06953125
2 0.6578125 0.29921875 0.03515625 0.034375
10 0.709375 0.27109375 0.0671875 0.109375
7 0.7046875 0.31171875 0.04921875 0.034375
10 0.87890625 0.33515625 0.05546875 0.090625
2 0.86875 0.384375 0.0234375 0.03671875
2 0.928125 0.678125 0.0265625 0.046875
3 0.11875 0.32421875 0.02265625 0.04375
7 0.12421875 0.38359375 0.02890625 0.04375
2 0.13359375 0.390625 0.025 0.03359375
3 0.24375 0.09453125 0.01640625 0.03203125
3 0.40234375 0.05625 0.01796875 0.034375
7 0.3890625 0.09296875 0.0296875 0.02578125
3 0.71796875 0.01953125 0.01484375 0.03046875
5 0.72265625 0.06640625 0.01171875 0.0109375
2 0.72578125 0.06484375 0.03125 0.01640625
3 0.79765625 0.1609375 0.01953125 0.040625
2 0.80078125 0.21171875 0.02578125 0.02421875
3 0.71796875 0.25390625 0.02421875 0.0515625
3 0.89453125 0.31796875 0.02109375 0.04921875
2 0.90078125 0.39609375 0.0296875 0.0265625