10 0.13203125 0.33828125 0.05546875 0.09375
10 0.246875 0.10625 0.03984375 0.0640625
10 0.39375 0.05703125 0.0484375 0.06484375
2 0.42890625 0.078125 0.02578125 0.01796875
2 0.5359375 0.03046875 0.01484375 0.01640625
2 0.5484375 0.03125 0.01484375 0.015625
0 0.57109375 0.0296875 0.0140625 0.01328125
10 0.71640625 0.0390625 0.03828125 0.06171875
2 0.75390625 0.0578125 0.02109375 0.01953125
10 0.78828125 0.16953125 0.046875 0.06953125
2 0.6578125 0.2984375 0.03515625 0.03203125
10 0.70859375 0.2734375 0.0671875 0.10703125
7 0.7046875 0.3109375 0.04921875 0.03203125
10 0.88203125 0.3453125 0.05859375 0.09296875
2 0.86875 0.38203125 0.0234375 0.03671875
2 0.928125 0.678125 0.0265625 0.046875
3 0.125 0.31875 0.0234375 0.0484375
7 0.125 0.38125 0.02890625 0.04453125
2 0.13203125 0.390625 0.02578125 0.03671875
3 0.24375 0.09296875 0.01796875 0.034375
7 0.38828125 0.0921875 0.03046875 0.0265625
3 0.40078125 0.04453125 0.01796875 0.03515625
3 0.71875 0.02421875 0.0171875 0.03125
0 0.721875 0.06328125 0.01796875 0.01875
3 0.79609375 0.16015625 0.0203125 0.04453125
2 0.80078125 0.2109375 0.02734375 0.021875
3 0.7203125 0.259375 0.02734375 0.0484375
3 0.9 0.34140625 0.0234375 0.0515625
7 0.9 0.39140625 0.03203125 0.03828125
2 0.58125 0.0328125 0.01171875 0.015625