7 0.07890625 0.4828125 0.09453125 0.1640625
7 0.253125 0.7734375 0.1234375 0.3125
7 0.42734375 0.790625 0.16640625 0.27421875
7 0.596875 0.8109375 0.17109375 0.25234375
7 0.7796875 0.8125 0.190625 0.27265625
7 0.678125 0.4828125 0.08984375 0.2296875
7 0.5640625 0.496875 0.1046875 0.17421875
7 0.4578125 0.4796875 0.1 0.22578125
7 0.35625 0.49375 0.090625 0.178125
7 0.71015625 0.61875 0.14375 0.234375
7 0.5734375 0.61640625 0.13359375 0.21953125
7 0.43671875 0.6078125 0.13046875 0.2421875
7 0.29453125 0.59921875 0.14296875 0.234375
7 0.84375 0.42265625 0.09140625 0.140625
7 0.95859375 0.62734375 0.08046875 0.21015625