10 0.13203125 0.33984375 0.05703125 0.09453125
7 0.125 0.38359375 0.02890625 0.0390625
2 0.13203125 0.38984375 0.025 0.03359375
10 0.24765625 0.109375 0.04140625 0.05625
1 0.39375 0.0640625 0.0484375 0.05546875
7 0.3890625 0.0921875 0.02890625 0.0265625
2 0.428125 0.078125 0.02421875 0.01796875
2 0.53515625 0.03125 0.01484375 0.015625
2 0.5484375 0.03046875 0.015625 0.01484375
7 0.57578125 0.03125 0.02109375 0.015625
10 0.71328125 0.03203125 0.03515625 0.05546875
10 0.778125 0.1671875 0.0390625 0.08828125
2 0.6578125 0.29921875 0.03515625 0.03515625
10 0.703125 0.259375 0.0765625 0.10625
10 0.88125 0.3390625 0.0546875 0.09921875
2 0.928125 0.678125 0.0265625 0.05
3 0.11875 0.32421875 0.02421875 0.04453125
3 0.24375 0.0984375 0.0171875 0.034375
3 0.403125 0.05625 0.01796875 0.034375
3 0.71640625 0.02265625 0.01796875 0.03046875
5 0.7203125 0.065625 0.0125 0.01015625
2 0.72578125 0.06484375 0.03203125 0.01640625
2 0.75390625 0.059375 0.02109375 0.01953125
3 0.78125 0.14375 0.0203125 0.04375
7 0.80078125 0.20546875 0.025 0.028125
3 0.71484375 0.234375 0.0265625 0.0515625
7 0.70234375 0.30625 0.05234375 0.0484375
3 0.896875 0.31796875 0.02265625 0.04921875
2 0.86875 0.384375 0.0234375 0.0359375
7 0.89375 0.38671875 0.0296875 0.040625