11 0.7921875 0.82734375 0.19140625 0.26015625
11 0.61015625 0.803125 0.1765625 0.2296875
11 0.4390625 0.809375 0.1671875 0.2390625
11 0.2671875 0.7890625 0.17578125 0.2921875
11 0.44375 0.5953125 0.140625 0.2453125
11 0.73828125 0.6390625 0.16171875 0.18671875
11 0.58671875 0.6171875 0.14765625 0.21328125
11 0.34921875 0.48671875 0.12734375 0.1765625
11 0.10078125 0.45078125 0.09765625 0.21953125
11 0.57734375 0.47578125 0.11796875 0.21484375
11 0.909375 0.49921875 0.1140625 0.178125
7 0.20078125 0.33515625 0.08125 0.1671875
11 0.684375 0.40546875 0.1078125 0.14453125
4 0.96875 0.596875 0.05625 0.21015625