11 0.690625 0.60546875 0.34296875 0.4578125
11 0.88984375 0.41171875 0.21640625 0.42265625
11 0.68828125 0.39296875 0.23359375 0.27734375
11 0.55859375 0.240625 0.18671875 0.27265625
11 0.765625 0.2015625 0.17421875 0.2109375
11 0.43359375 0.246875 0.121875 0.2125
11 0.1859375 0.3 0.1765625 0.23828125
11 0.30546875 0.30859375 0.209375 0.29609375
11 0.41640625 0.5171875 0.24453125 0.3921875
11 0.275 0.7421875 0.34453125 0.50859375
11 0.0890625 0.465625 0.17734375 0.3546875
11 0.07578125 0.1921875 0.11015625 0.19140625