7 0.7703125 0.33203125 0.2 0.35390625
7 0.92578125 0.41875 0.14375 0.35546875
7 0.8609375 0.09609375 0.1109375 0.18828125
7 0.76875 0.08671875 0.12109375 0.15546875
7 0.4625 0.1875 0.13046875 0.25234375
7 0.3640625 0.15625 0.10703125 0.19765625
7 0.15390625 0.3234375 0.2109375 0.45625
7 0.1015625 0.2046875 0.16328125 0.26015625
7 0.36640625 0.50546875 0.2140625 0.55234375
7 0.48203125 0.60546875 0.4015625 0.78515625
7 0.6625 0.1390625 0.12109375 0.20546875
7 0.58671875 0.1265625 0.10703125 0.190625