11 0.56171875 0.740625 0.4140625 0.50546875
11 0.34453125 0.63515625 0.3484375 0.26640625
11 0.88515625 0.62421875 0.221875 0.25625
11 0.76875 0.5578125 0.228125 0.23046875
11 0.784375 0.3609375 0.09921875 0.11328125
7 0.83828125 0.39765625 0.13125 0.1359375
7 0.9359375 0.42734375 0.11953125 0.146875
11 0.69296875 0.45 0.14375 0.16015625
7 0.5859375 0.4109375 0.15703125 0.1328125
7 0.5484375 0.3453125 0.14296875 0.10234375
11 0.403125 0.3640625 0.109375 0.11875
11 0.3984375 0.45390625 0.18125 0.18828125
11 0.3046875 0.43046875 0.146875 0.14921875
11 0.92109375 0.35078125 0.0796875 0.10078125
7 0.2015625 0.39609375 0.1 0.1984375
7 0.10859375 0.62890625 0.21171875 0.578125