10 0.13515625 0.34296875 0.05859375 0.0859375
7 0.125 0.38046875 0.02890625 0.046875
2 0.13203125 0.390625 0.02578125 0.034375
10 0.24609375 0.10859375 0.040625 0.05703125
1 0.40234375 0.059375 0.05 0.05703125
2 0.384375 0.08671875 0.0234375 0.01640625
2 0.42890625 0.078125 0.02421875 0.01796875
2 0.5359375 0.03203125 0.015625 0.01796875
2 0.54921875 0.03046875 0.015625 0.01484375
0 0.571875 0.02890625 0.01328125 0.0140625
10 0.7171875 0.040625 0.03828125 0.0609375
2 0.75390625 0.0609375 0.02109375 0.01953125
10 0.7875 0.171875 0.04765625 0.06875
2 0.8 0.21171875 0.02578125 0.02109375
2 0.6578125 0.2984375 0.03671875 0.03671875
10 0.7125 0.2671875 0.0703125 0.10625
7 0.7171875 0.315625 0.05546875 0.03515625
10 0.884375 0.353125 0.0671875 0.0765625
2 0.86953125 0.3859375 0.02265625 0.03671875
2 0.928125 0.678125 0.02734375 0.04921875
3 0.12734375 0.328125 0.02265625 0.04921875
3 0.2421875 0.09921875 0.01640625 0.03359375
3 0.40390625 0.04921875 0.0171875 0.03359375
0 0.403125 0.08046875 0.01484375 0.015625
3 0.71796875 0.02578125 0.0171875 0.03125
0 0.72265625 0.06328125 0.0171875 0.01484375
3 0.79765625 0.15859375 0.01953125 0.040625
3 0.71953125 0.246875 0.0234375 0.0484375
3 0.9046875 0.34765625 0.02421875 0.0453125
7 0.9 0.39296875 0.03046875 0.03515625