10 0.134375 0.34296875 0.0578125 0.08203125
7 0.125 0.38203125 0.0296875 0.04296875
2 0.13203125 0.390625 0.02578125 0.034375
10 0.24765625 0.10859375 0.03984375 0.05703125
10 0.39296875 0.04453125 0.04453125 0.08125
2 0.384375 0.08671875 0.0234375 0.01640625
2 0.4296875 0.07890625 0.0234375 0.015625
2 0.5359375 0.03203125 0.015625 0.01796875
2 0.54921875 0.03046875 0.015625 0.01484375
0 0.571875 0.02890625 0.01328125 0.0140625
10 0.7171875 0.040625 0.03828125 0.0609375
2 0.75390625 0.0609375 0.02109375 0.01953125
10 0.790625 0.1734375 0.04765625 0.06875
2 0.80078125 0.21171875 0.02578125 0.02109375
2 0.6578125 0.3 0.03671875 0.03671875
10 0.70859375 0.24921875 0.08359375 0.0984375
2 0.7171875 0.315625 0.05546875 0.03515625
10 0.87734375 0.3359375 0.04765625 0.084375
2 0.86953125 0.3859375 0.02265625 0.03671875
2 0.928125 0.678125 0.02734375 0.04921875
3 0.1265625 0.328125 0.02265625 0.046875
3 0.2453125 0.096875 0.01640625 0.03125
3 0.38984375 0.02109375 0.01640625 0.03203125
5 0.40234375 0.084375 0.0140625 0.01171875
3 0.7171875 0.02578125 0.015625 0.0296875
0 0.72265625 0.06328125 0.01640625 0.0140625
3 0.796875 0.159375 0.01953125 0.03984375
3 0.70703125 0.23671875 0.0265625 0.05
3 0.88984375 0.3328125 0.02265625 0.0453125
2 0.9015625 0.39609375 0.02578125 0.028125