10 0.134375 0.34296875 0.05625 0.084375
7 0.125 0.38203125 0.0296875 0.04296875
2 0.13203125 0.390625 0.02578125 0.034375
10 0.24765625 0.10859375 0.040625 0.06171875
1 0.39375 0.0640625 0.05078125 0.05546875
7 0.38359375 0.08671875 0.02421875 0.0203125
2 0.42890625 0.078125 0.02421875 0.01796875
2 0.5359375 0.03203125 0.015625 0.01796875
2 0.54921875 0.03046875 0.015625 0.01484375
0 0.571875 0.02890625 0.01328125 0.0140625
10 0.7171875 0.040625 0.03828125 0.0609375
2 0.75390625 0.0609375 0.02109375 0.01953125
10 0.78828125 0.1671875 0.04609375 0.0734375
2 0.8 0.21171875 0.0265625 0.021875
2 0.6578125 0.2984375 0.03671875 0.03671875
10 0.70078125 0.2609375 0.053125 0.078125
2 0.7125 0.3078125 0.05078125 0.03203125
10 0.88203125 0.3390625 0.05 0.096875
2 0.86953125 0.3859375 0.02265625 0.03671875
2 0.928125 0.678125 0.02734375 0.04921875
3 0.1265625 0.328125 0.02265625 0.046875
3 0.2453125 0.09609375 0.0171875 0.034375
3 0.39765625 0.05703125 0.02109375 0.0359375
5 0.4015625 0.08359375 0.0125 0.01171875
3 0.71796875 0.02578125 0.015625 0.0296875
0 0.72265625 0.06328125 0.01640625 0.0140625
3 0.7984375 0.153125 0.01796875 0.04296875
3 0.70703125 0.26171875 0.025 0.05078125
3 0.8953125 0.3171875 0.02265625 0.04921875
7 0.89921875 0.3921875 0.028125 0.03828125