10 0.13515625 0.34296875 0.05859375 0.0859375
7 0.125 0.38203125 0.0296875 0.04296875
2 0.13203125 0.390625 0.02578125 0.034375
10 0.2453125 0.10703125 0.04140625 0.06796875
1 0.40078125 0.05859375 0.05 0.05703125
2 0.384375 0.08671875 0.0234375 0.01640625
2 0.42890625 0.078125 0.02421875 0.01796875
2 0.5359375 0.03203125 0.015625 0.01796875
2 0.54921875 0.03046875 0.015625 0.01484375
0 0.571875 0.02890625 0.01328125 0.0140625
10 0.7171875 0.040625 0.03828125 0.0609375
2 0.75390625 0.0609375 0.02109375 0.01953125
10 0.7875 0.171875 0.04765625 0.06875
2 0.8 0.21171875 0.02578125 0.02109375
2 0.6578125 0.3 0.03671875 0.03671875
10 0.7125 0.2671875 0.0703125 0.10625
7 0.7171875 0.315625 0.05546875 0.03515625
10 0.88671875 0.35625 0.0671875 0.0765625
2 0.86953125 0.3859375 0.02265625 0.03671875
2 0.928125 0.678125 0.02734375 0.04921875
3 0.1265625 0.3265625 0.021875 0.0484375
3 0.2421875 0.09296875 0.01640625 0.034375
0 0.4015625 0.078125 0.01796875 0.015625
3 0.4046875 0.05078125 0.0171875 0.034375
3 0.71953125 0.0265625 0.01640625 0.03046875
0 0.72265625 0.06328125 0.01796875 0.0140625
3 0.79765625 0.159375 0.01875 0.040625
3 0.71953125 0.253125 0.025 0.046875
3 0.9078125 0.3546875 0.0234375 0.04296875
7 0.89921875 0.39296875 0.03046875 0.03359375