10 0.13515625 0.34140625 0.05703125 0.08125
7 0.125 0.38125 0.0296875 0.04296875
2 0.13203125 0.390625 0.02578125 0.034375
10 0.24765625 0.10703125 0.03828125 0.059375
1 0.38984375 0.06640625 0.05390625 0.05390625
7 0.384375 0.08671875 0.02421875 0.01953125
2 0.42890625 0.078125 0.02421875 0.01796875
2 0.53515625 0.03125 0.015625 0.01796875
2 0.5484375 0.03046875 0.015625 0.01484375
0 0.571875 0.02890625 0.01328125 0.0140625
10 0.71640625 0.040625 0.03828125 0.0609375
2 0.75390625 0.06015625 0.02109375 0.01875
10 0.78828125 0.16875 0.04765625 0.07421875
2 0.8 0.21171875 0.0265625 0.021875
2 0.6578125 0.296875 0.03671875 0.03671875
10 0.7140625 0.259375 0.06484375 0.09375
2 0.71640625 0.315625 0.05546875 0.03515625
10 0.884375 0.3390625 0.05859375 0.078125
2 0.86953125 0.38515625 0.02265625 0.03671875
2 0.928125 0.678125 0.02734375 0.04921875
3 0.1265625 0.32890625 0.02421875 0.046875
3 0.24453125 0.09453125 0.01640625 0.03203125
3 0.3921875 0.059375 0.01796875 0.03515625
0 0.72265625 0.0640625 0.01640625 0.01484375
3 0.71796875 0.02578125 0.01484375 0.03046875
3 0.79609375 0.15390625 0.0203125 0.04140625
3 0.72421875 0.25390625 0.02421875 0.05
3 0.903125 0.33359375 0.02109375 0.04609375
2 0.90234375 0.39609375 0.0265625 0.02890625
5 0.40234375 0.084375 0.01484375 0.01328125