10 0.134375 0.34140625 0.05625 0.08125
7 0.125 0.38125 0.0296875 0.04296875
2 0.13203125 0.390625 0.02578125 0.034375
10 0.24765625 0.1078125 0.03828125 0.05859375
1 0.39375 0.065625 0.05234375 0.0515625
7 0.384375 0.08671875 0.0234375 0.01875
2 0.42890625 0.078125 0.02421875 0.01796875
2 0.53515625 0.03125 0.015625 0.01796875
2 0.5484375 0.03046875 0.015625 0.01484375
0 0.571875 0.02890625 0.01328125 0.0140625
10 0.71640625 0.040625 0.03828125 0.0609375
2 0.75390625 0.06015625 0.02109375 0.01875
10 0.78828125 0.16796875 0.04453125 0.071875
2 0.8 0.21171875 0.0265625 0.02109375
2 0.6578125 0.2984375 0.03671875 0.03671875
10 0.71328125 0.2515625 0.05859375 0.096875
2 0.7125 0.30625 0.0515625 0.03515625
10 0.8828125 0.3234375 0.04765625 0.1203125
2 0.86953125 0.38515625 0.02265625 0.03671875
2 0.928125 0.678125 0.02734375 0.04921875
3 0.12578125 0.32890625 0.02265625 0.046875
3 0.2453125 0.09609375 0.01640625 0.03203125
3 0.396875 0.05859375 0.01796875 0.03515625
3 0.71796875 0.02578125 0.01484375 0.03046875
0 0.721875 0.0625 0.01796875 0.015625
3 0.79609375 0.153125 0.0203125 0.04296875
3 0.72421875 0.23125 0.02421875 0.0484375
6 0.8953125 0.28828125 0.01953125 0.04921875
2 0.9 0.3953125 0.02734375 0.028125
5 0.4015625 0.08359375 0.01484375 0.01171875