7 0.85078125 0.5765625 0.25234375 0.303125
7 0.93359375 0.3875 0.13046875 0.1765625
7 0.8578125 0.3890625 0.115625 0.16015625
7 0.790625 0.33828125 0.065625 0.1390625
7 0.86015625 0.33515625 0.0875 0.125
7 0.75625 0.8265625 0.31796875 0.34375
7 0.62109375 0.69140625 0.20546875 0.26875
7 0.73828125 0.41015625 0.1203125 0.18125
7 0.6078125 0.49296875 0.1171875 0.3015625
7 0.57890625 0.36640625 0.053125 0.16875
7 0.49140625 0.36484375 0.08984375 0.15546875
7 0.1328125 0.61796875 0.21484375 0.440625
7 0.2265625 0.3953125 0.0921875 0.15078125
7 0.11953125 0.3890625 0.0921875 0.1703125
7 0.36796875 0.56640625 0.19921875 0.27265625