10 0.146875 0.3265625 0.05703125 0.08359375
2 0.12578125 0.3828125 0.03046875 0.04140625
2 0.1328125 0.3890625 0.02578125 0.0359375
10 0.2484375 0.10625 0.0375 0.05859375
1 0.39140625 0.0609375 0.0546875 0.05859375
2 0.42890625 0.07890625 0.02421875 0.01796875
2 0.53671875 0.03125 0.01484375 0.015625
2 0.55 0.03125 0.01484375 0.0140625
0 0.5734375 0.03125 0.01484375 0.0140625
10 0.71640625 0.03984375 0.03984375 0.0609375
2 0.75390625 0.06015625 0.02109375 0.01875
10 0.78828125 0.17421875 0.04609375 0.0640625
2 0.80078125 0.21171875 0.02578125 0.021875
2 0.6578125 0.3 0.03515625 0.03671875
2 0.71328125 0.315625 0.0453125 0.034375
10 0.7046875 0.25546875 0.06640625 0.0984375
10 0.88046875 0.34140625 0.053125 0.09375
2 0.86953125 0.38671875 0.021875 0.034375
2 0.92734375 0.67734375 0.02578125 0.05078125
3 0.13125 0.309375 0.0234375 0.04609375
3 0.24375 0.09453125 0.01640625 0.03203125
3 0.396875 0.053125 0.01796875 0.034375
7 0.38515625 0.0859375 0.02109375 0.0203125
5 0.40234375 0.084375 0.01484375 0.01328125
1 0.57578125 0.02109375 0.04609375 0.03984375
3 0.5765625 0.0109375 0.0125 0.0203125
3 0.71796875 0.0265625 0.015625 0.03046875
0 0.7234375 0.06484375 0.0171875 0.01484375
3 0.8 0.165625 0.0203125 0.03984375
3 0.71015625 0.23203125 0.025 0.04921875
3 0.8953125 0.3296875 0.02265625 0.04609375
7 0.8890625 0.38203125 0.01953125 0.02578125