10 0.146875 0.33046875 0.05703125 0.08359375
2 0.12578125 0.3828125 0.03046875 0.04140625
2 0.1328125 0.390625 0.025 0.034375
10 0.2484375 0.10625 0.0375 0.05859375
10 0.39609375 0.05234375 0.04765625 0.07109375
2 0.42890625 0.07890625 0.02421875 0.01796875
2 0.5359375 0.03203125 0.01484375 0.01796875
2 0.55 0.03125 0.01484375 0.0140625
10 0.71640625 0.03984375 0.03984375 0.0609375
2 0.75390625 0.06015625 0.02109375 0.01875
10 0.7875 0.175 0.04609375 0.06484375
2 0.80078125 0.21171875 0.02578125 0.021875
2 0.6578125 0.29921875 0.03515625 0.0359375
2 0.7140625 0.315625 0.0453125 0.03203125
10 0.7 0.2515625 0.0546875 0.09296875
10 0.878125 0.340625 0.05859375 0.07890625
2 0.86953125 0.38671875 0.021875 0.034375
2 0.92734375 0.67734375 0.02578125 0.05078125
3 0.13046875 0.31328125 0.0203125 0.046875
3 0.2453125 0.0953125 0.0171875 0.03125
7 0.3859375 0.0859375 0.0203125 0.01953125
3 0.39609375 0.034375 0.0171875 0.034375
5 0.40234375 0.084375 0.01328125 0.01171875
1 0.5765625 0.02109375 0.04453125 0.03984375
3 0.5765625 0.01171875 0.01328125 0.02109375
3 0.7171875 0.025 0.01484375 0.03125
0 0.7234375 0.06484375 0.0171875 0.01484375
3 0.79921875 0.1640625 0.01953125 0.040625
3 0.70625 0.24765625 0.0234375 0.0453125
3 0.8953125 0.34296875 0.02109375 0.046875
2 0.896875 0.3921875 0.0328125 0.034375