10 0.14609375 0.33359375 0.05546875 0.08515625
2 0.12578125 0.3828125 0.03046875 0.04140625
2 0.1328125 0.390625 0.02421875 0.034375
10 0.2484375 0.10625 0.0375 0.05859375
10 0.39609375 0.0515625 0.04765625 0.0703125
2 0.42890625 0.07890625 0.02421875 0.01796875
2 0.53671875 0.03125 0.01484375 0.015625
2 0.55 0.03125 0.01484375 0.0140625
10 0.71640625 0.03984375 0.03984375 0.0609375
2 0.75390625 0.06015625 0.02109375 0.01875
10 0.78671875 0.16875 0.04609375 0.07578125
2 0.80078125 0.2125 0.02578125 0.0234375
2 0.65703125 0.29921875 0.034375 0.0359375
2 0.71328125 0.315625 0.04453125 0.03203125
1 0.703125 0.26015625 0.06953125 0.0890625
10 0.8796875 0.340625 0.05546875 0.08046875
2 0.86953125 0.38671875 0.021875 0.034375
2 0.92734375 0.67734375 0.02578125 0.05078125
3 0.13046875 0.315625 0.0234375 0.0453125
3 0.2453125 0.09609375 0.01640625 0.034375
7 0.38515625 0.08515625 0.02265625 0.021875
3 0.39765625 0.0359375 0.01796875 0.03671875
5 0.403125 0.084375 0.015625 0.01328125
1 0.5765625 0.02109375 0.04453125 0.03984375
3 0.5765625 0.01171875 0.01328125 0.021875
3 0.7171875 0.025 0.0140625 0.0296875
0 0.7234375 0.0640625 0.01484375 0.015625
3 0.79375 0.153125 0.0203125 0.04453125
3 0.709375 0.259375 0.02578125 0.04921875
3 0.8953125 0.3390625 0.0234375 0.0484375
2 0.896875 0.39296875 0.03359375 0.03359375