10 0.14765625 0.3296875 0.05546875 0.08359375
2 0.12578125 0.3828125 0.03046875 0.04140625
2 0.13203125 0.39140625 0.02421875 0.03203125
10 0.2484375 0.10546875 0.03828125 0.06015625
1 0.3921875 0.06015625 0.0515625 0.059375
2 0.42890625 0.07890625 0.02421875 0.01796875
2 0.53671875 0.03125 0.01484375 0.015625
2 0.55 0.03125 0.01484375 0.0140625
10 0.71640625 0.03984375 0.03984375 0.0609375
2 0.75390625 0.06015625 0.02109375 0.01875
10 0.7875 0.1734375 0.04609375 0.065625
2 0.80078125 0.2125 0.0265625 0.0234375
2 0.6578125 0.2984375 0.03515625 0.034375
7 0.71328125 0.31640625 0.0453125 0.03203125
10 0.7015625 0.265625 0.065625 0.078125
10 0.87890625 0.34140625 0.0515625 0.08515625
2 0.86953125 0.38671875 0.021875 0.034375
2 0.92734375 0.67734375 0.02578125 0.05078125
3 0.13046875 0.31171875 0.02109375 0.04453125
3 0.24296875 0.09375 0.015625 0.03359375
3 0.39609375 0.05 0.01796875 0.03359375
7 0.3859375 0.08671875 0.02109375 0.01953125
5 0.40390625 0.08359375 0.015625 0.01171875
1 0.5765625 0.02109375 0.04453125 0.040625
3 0.5765625 0.01171875 0.01484375 0.02109375
3 0.71875 0.0265625 0.01484375 0.03046875
0 0.7234375 0.0640625 0.01640625 0.015625
3 0.7984375 0.16171875 0.0203125 0.0390625
3 0.709375 0.26640625 0.02265625 0.0453125
3 0.89375 0.3359375 0.02265625 0.04921875
7 0.890625 0.38046875 0.01640625 0.0296875