10 0.14765625 0.328125 0.05078125 0.0953125
2 0.12578125 0.38125 0.03046875 0.04453125
2 0.13203125 0.390625 0.02578125 0.034375
10 0.24921875 0.1078125 0.0375 0.06015625
1 0.39140625 0.06328125 0.05546875 0.05625
5 0.403125 0.0828125 0.01484375 0.01171875
2 0.4296875 0.078125 0.02265625 0.01796875
2 0.5359375 0.03203125 0.015625 0.015625
2 0.55 0.03125 0.015625 0.0140625
1 0.57578125 0.02109375 0.04609375 0.03984375
3 0.57578125 0.01171875 0.01328125 0.02109375
10 0.71640625 0.04140625 0.03984375 0.0640625
2 0.75390625 0.0609375 0.02109375 0.01875
10 0.7875 0.17265625 0.04296875 0.06796875
2 0.80078125 0.21171875 0.02578125 0.021875
2 0.6578125 0.29921875 0.03515625 0.03515625
2 0.7125 0.315625 0.04609375 0.03203125
10 0.703125 0.2609375 0.0671875 0.09140625
10 0.88046875 0.3453125 0.05859375 0.09296875
2 0.86875 0.3859375 0.02265625 0.03671875
7 0.896875 0.390625 0.03359375 0.03828125
2 0.928125 0.678125 0.02734375 0.05
3 0.13515625 0.30546875 0.02109375 0.04609375
3 0.24453125 0.09609375 0.01484375 0.03203125
3 0.39609375 0.05859375 0.01796875 0.03515625
7 0.3859375 0.0859375 0.0203125 0.01796875
3 0.71796875 0.02578125 0.015625 0.03125
0 0.7234375 0.0640625 0.0171875 0.015625
3 0.7984375 0.16328125 0.01953125 0.04140625
3 0.70625 0.25078125 0.02578125 0.05625
3 0.89765625 0.3375 0.02421875 0.04921875