10 0.14140625 0.32890625 0.05078125 0.0953125
7 0.1265625 0.3796875 0.03046875 0.04453125
2 0.13203125 0.390625 0.02578125 0.03515625
10 0.2484375 0.10390625 0.03671875 0.0640625
1 0.39140625 0.0625 0.05546875 0.05625
5 0.40234375 0.08203125 0.01484375 0.01484375
2 0.4296875 0.078125 0.02265625 0.01796875
2 0.53515625 0.03125 0.015625 0.015625
2 0.55 0.03125 0.015625 0.0140625
1 0.57578125 0.01953125 0.04609375 0.03828125
3 0.57578125 0.0109375 0.01328125 0.01953125
10 0.71640625 0.04140625 0.03984375 0.0640625
2 0.75390625 0.059375 0.0203125 0.01953125
10 0.7921875 0.17421875 0.04453125 0.07890625
2 0.6578125 0.30078125 0.03515625 0.03828125
2 0.71328125 0.315625 0.04609375 0.03203125
1 0.70390625 0.259375 0.06640625 0.09296875
10 0.8796875 0.34375 0.06015625 0.090625
2 0.86875 0.3859375 0.02265625 0.03671875
7 0.89765625 0.38984375 0.034375 0.03671875
2 0.928125 0.678125 0.02734375 0.05
3 0.1359375 0.309375 0.02109375 0.0484375
3 0.24453125 0.090625 0.01796875 0.034375
3 0.39453125 0.05859375 0.01875 0.03515625
7 0.38671875 0.0859375 0.02109375 0.01796875
3 0.7171875 0.02578125 0.01484375 0.0296875
0 0.7234375 0.0640625 0.0171875 0.01484375
3 0.71015625 0.25390625 0.02578125 0.05078125
3 0.7984375 0.15859375 0.021875 0.040625
0 0.79921875 0.2046875 0.01796875 0.021875
3 0.89765625 0.33828125 0.0234375 0.0484375