10 0.14140625 0.32890625 0.05078125 0.0953125
7 0.12578125 0.37890625 0.03046875 0.04453125
2 0.13203125 0.390625 0.02578125 0.034375
10 0.2484375 0.10703125 0.0375 0.06015625
1 0.39296875 0.0625 0.05546875 0.05625
5 0.403125 0.084375 0.01484375 0.01171875
2 0.4296875 0.078125 0.02265625 0.01796875
2 0.53515625 0.03125 0.015625 0.015625
2 0.55 0.03125 0.015625 0.0140625
1 0.57578125 0.01953125 0.04609375 0.03828125
3 0.57578125 0.0109375 0.01328125 0.01953125
10 0.71640625 0.04140625 0.03984375 0.0640625
2 0.75390625 0.059375 0.0203125 0.01953125
10 0.79140625 0.16953125 0.046875 0.08203125
2 0.6578125 0.3 0.03515625 0.03671875
2 0.71328125 0.315625 0.04609375 0.03203125
1 0.70390625 0.259375 0.06796875 0.09296875
10 0.8796875 0.34375 0.0609375 0.08828125
2 0.86875 0.38671875 0.02265625 0.03671875
7 0.89765625 0.390625 0.0359375 0.03828125
2 0.928125 0.678125 0.02734375 0.05
3 0.1375 0.30703125 0.021875 0.046875
3 0.2421875 0.09609375 0.0171875 0.034375
3 0.39765625 0.05546875 0.01875 0.034375
7 0.3859375 0.08671875 0.02109375 0.01953125
3 0.71875 0.02578125 0.01640625 0.03125
0 0.7234375 0.0640625 0.01640625 0.015625
3 0.7953125 0.153125 0.0203125 0.0453125
0 0.7953125 0.20234375 0.0140625 0.015625
2 0.80234375 0.21484375 0.025 0.0203125
3 0.709375 0.25078125 0.025 0.053125
3 0.8984375 0.34140625 0.02265625 0.0484375