10 0.1484375 0.3265625 0.05234375 0.09921875
2 0.12578125 0.38359375 0.03125 0.040625
2 0.13203125 0.390625 0.02578125 0.034375
10 0.2484375 0.10625 0.0375 0.06015625
1 0.39140625 0.06328125 0.05546875 0.05546875
5 0.403125 0.08359375 0.01484375 0.01171875
2 0.4296875 0.078125 0.02265625 0.01796875
2 0.53515625 0.03125 0.015625 0.015625
2 0.55 0.03125 0.015625 0.0140625
1 0.57578125 0.0203125 0.04609375 0.0390625
3 0.57578125 0.0109375 0.01328125 0.0203125
10 0.71640625 0.04140625 0.03984375 0.0640625
2 0.75390625 0.06015625 0.02109375 0.01875
10 0.79296875 0.175 0.04453125 0.078125
2 0.6578125 0.29921875 0.0359375 0.0359375
7 0.71328125 0.315625 0.04609375 0.03203125
1 0.70390625 0.27265625 0.07109375 0.0859375
10 0.8796875 0.34453125 0.0609375 0.08828125
2 0.86875 0.38515625 0.02265625 0.03671875
7 0.896875 0.390625 0.03515625 0.03828125
2 0.928125 0.678125 0.02734375 0.05
3 0.134375 0.3015625 0.01953125 0.0484375
3 0.24453125 0.0953125 0.01640625 0.03515625
3 0.39296875 0.05703125 0.01875 0.034375
7 0.3859375 0.0859375 0.02109375 0.01953125
3 0.71796875 0.02578125 0.01484375 0.03125
0 0.7234375 0.065625 0.01640625 0.015625
3 0.79921875 0.1578125 0.02109375 0.04140625
0 0.8 0.20546875 0.01640625 0.01875
3 0.71328125 0.271875 0.02578125 0.046875
3 0.89765625 0.34140625 0.02421875 0.05078125