10 0.14375 0.32734375 0.04609375 0.096875
7 0.12578125 0.37890625 0.03046875 0.04453125
2 0.1328125 0.390625 0.02578125 0.034375
10 0.2484375 0.10546875 0.03671875 0.06171875
1 0.39375 0.06171875 0.0515625 0.05703125
5 0.403125 0.08359375 0.01484375 0.01171875
2 0.4296875 0.078125 0.02265625 0.01796875
2 0.53671875 0.03203125 0.015625 0.015625
2 0.55 0.03125 0.015625 0.0140625
1 0.57578125 0.01953125 0.04609375 0.03828125
3 0.57578125 0.0109375 0.01328125 0.01953125
10 0.71640625 0.04140625 0.03984375 0.0640625
2 0.75390625 0.059375 0.0203125 0.01953125
10 0.7921875 0.17421875 0.04453125 0.07890625
2 0.6578125 0.29921875 0.03515625 0.0359375
2 0.71328125 0.315625 0.04609375 0.03203125
1 0.7046875 0.259375 0.0671875 0.09140625
10 0.8796875 0.34453125 0.06015625 0.0890625
2 0.86875 0.384375 0.02265625 0.03671875
7 0.89765625 0.390625 0.03359375 0.03984375
2 0.928125 0.678125 0.02734375 0.05
3 0.134375 0.30546875 0.02109375 0.04921875
3 0.240625 0.0890625 0.01640625 0.03046875
3 0.39609375 0.0515625 0.01875 0.03203125
7 0.3859375 0.0859375 0.02109375 0.02109375
0 0.72265625 0.0640625 0.01640625 0.015625
3 0.71796875 0.0265625 0.015625 0.03203125
3 0.80234375 0.15859375 0.02109375 0.040625
0 0.8015625 0.20546875 0.01953125 0.021875
3 0.71015625 0.25625 0.02734375 0.05078125
3 0.8984375 0.340625 0.02265625 0.04609375