2 0.12734375 0.38046875 0.03203125 0.040625
2 0.13203125 0.390625 0.02578125 0.03515625
10 0.146875 0.32578125 0.0515625 0.08125
10 0.25 0.10625 0.0375 0.06328125
1 0.3953125 0.06640625 0.05234375 0.04921875
5 0.40234375 0.0859375 0.01484375 0.01171875
7 0.3859375 0.0859375 0.02109375 0.01953125
2 0.4296875 0.078125 0.021875 0.01640625
2 0.5359375 0.03203125 0.01484375 0.01484375
2 0.54921875 0.03125 0.01484375 0.0140625
10 0.709375 0.03125 0.04453125 0.06015625
2 0.75390625 0.0609375 0.02109375 0.01953125
10 0.7921875 0.1765625 0.0453125 0.0765625
2 0.6578125 0.30078125 0.03515625 0.03671875
1 0.70078125 0.25703125 0.06015625 0.08515625
2 0.7140625 0.315625 0.04609375 0.03359375
10 0.878125 0.34375 0.05390625 0.09375
2 0.86875 0.3875 0.0234375 0.0359375
7 0.8984375 0.390625 0.03359375 0.03828125
2 0.92734375 0.67890625 0.02578125 0.04609375
3 0.13359375 0.30703125 0.02265625 0.04296875
3 0.2421875 0.09453125 0.01640625 0.03359375
3 0.39765625 0.059375 0.01796875 0.03515625
0 0.571875 0.03125 0.01640625 0.0140625
9 0.71640625 0.01640625 0.015625 0.03046875
2 0.7234375 0.065625 0.028125 0.0140625
3 0.8 0.1609375 0.01953125 0.03984375
0 0.8 0.20625 0.01640625 0.01796875
3 0.70859375 0.26328125 0.02265625 0.04453125
3 0.89296875 0.33671875 0.02265625 0.04609375