2 0.12734375 0.38046875 0.03203125 0.040625
2 0.13203125 0.390625 0.02578125 0.03515625
10 0.14609375 0.32578125 0.05 0.08203125
10 0.25234375 0.10390625 0.040625 0.0640625
10 0.39453125 0.05546875 0.05078125 0.0609375
5 0.40234375 0.0859375 0.01484375 0.01171875
2 0.3859375 0.08828125 0.02109375 0.01953125
2 0.4296875 0.078125 0.021875 0.01796875
2 0.5359375 0.03203125 0.01484375 0.01484375
2 0.54921875 0.03125 0.01484375 0.01328125
10 0.7125 0.03046875 0.03515625 0.059375
10 0.790625 0.16953125 0.04296875 0.08984375
2 0.6578125 0.3 0.0359375 0.03515625
10 0.7015625 0.25859375 0.0625 0.084375
2 0.7140625 0.315625 0.04609375 0.03359375
10 0.87734375 0.3421875 0.05546875 0.09140625
2 0.86875 0.3875 0.0234375 0.0359375
7 0.89765625 0.390625 0.03359375 0.03828125
2 0.92734375 0.67890625 0.02578125 0.04609375
3 0.1328125 0.30703125 0.02109375 0.040625
3 0.246875 0.0890625 0.01640625 0.03203125
3 0.39296875 0.04296875 0.01875 0.03359375
0 0.57265625 0.03125 0.015625 0.0140625
9 0.71953125 0.01640625 0.01640625 0.03046875
0 0.715625 0.053125 0.01171875 0.015625
2 0.7234375 0.0640625 0.02578125 0.0140625
3 0.79375 0.1484375 0.01953125 0.04140625
0 0.79765625 0.2078125 0.01640625 0.01953125
3 0.71015625 0.25078125 0.02421875 0.05
3 0.89296875 0.33671875 0.02265625 0.0484375