2 0.12734375 0.38046875 0.03203125 0.040625
2 0.13203125 0.390625 0.02578125 0.03515625
10 0.14765625 0.325 0.053125 0.08671875
10 0.25078125 0.103125 0.0375 0.065625
1 0.39453125 0.065625 0.053125 0.0484375
5 0.40234375 0.0859375 0.01484375 0.01171875
7 0.3859375 0.0859375 0.02109375 0.01953125
2 0.4296875 0.078125 0.021875 0.01640625
2 0.53671875 0.03203125 0.01484375 0.01484375
2 0.54921875 0.03125 0.015625 0.0140625
10 0.715625 0.03671875 0.03828125 0.0640625
2 0.75390625 0.0609375 0.02109375 0.01953125
10 0.7921875 0.17734375 0.04609375 0.075
2 0.6578125 0.30078125 0.03515625 0.03671875
1 0.70234375 0.2625 0.06015625 0.07890625
2 0.7140625 0.315625 0.04609375 0.03359375
10 0.878125 0.34375 0.0546875 0.09453125
2 0.86875 0.38671875 0.0234375 0.0359375
7 0.89765625 0.3890625 0.03359375 0.03984375
2 0.92734375 0.67890625 0.02578125 0.04609375
3 0.13359375 0.30546875 0.021875 0.04375
3 0.24453125 0.0890625 0.01640625 0.034375
3 0.396875 0.059375 0.0171875 0.03359375
0 0.57265625 0.03125 0.01640625 0.01328125
3 0.71796875 0.021875 0.01484375 0.03046875
0 0.7203125 0.0609375 0.015625 0.01640625
3 0.79921875 0.159375 0.01953125 0.03984375
0 0.8 0.20546875 0.01796875 0.01875
3 0.89375 0.3359375 0.021875 0.04921875