2 0.12734375 0.38046875 0.03203125 0.040625
2 0.13203125 0.390625 0.02578125 0.03515625
10 0.1484375 0.31875 0.0515625 0.096875
1 0.39609375 0.0640625 0.053125 0.05
5 0.40234375 0.0859375 0.01484375 0.01171875
7 0.3859375 0.08671875 0.02109375 0.01953125
2 0.43046875 0.07890625 0.0234375 0.01875
2 0.53671875 0.03203125 0.01484375 0.01484375
2 0.54921875 0.03125 0.01640625 0.01484375
10 0.715625 0.0375 0.03828125 0.0640625
2 0.75390625 0.0609375 0.02109375 0.01953125
10 0.79140625 0.178125 0.04609375 0.075
2 0.6578125 0.30078125 0.03515625 0.03671875
10 0.7015625 0.2578125 0.06171875 0.084375
2 0.7140625 0.315625 0.04609375 0.03359375
10 0.87890625 0.34375 0.05546875 0.09609375
2 0.86875 0.3875 0.0234375 0.0359375
7 0.89765625 0.390625 0.034375 0.03984375
2 0.92734375 0.67890625 0.02578125 0.04609375
3 0.1359375 0.296875 0.02109375 0.04921875
9 0.25234375 0.06171875 0.01953125 0.03828125
10 0.2578125 0.16171875 0.05703125 0.234375
3 0.3984375 0.0578125 0.01796875 0.034375
0 0.57265625 0.03125 0.01484375 0.0140625
3 0.71796875 0.02109375 0.01484375 0.03125
0 0.7203125 0.0609375 0.01484375 0.01640625
3 0.8 0.16796875 0.0203125 0.0390625
0 0.79609375 0.209375 0.01640625 0.021875
3 0.71015625 0.2515625 0.025 0.05
3 0.89453125 0.3359375 0.0234375 0.0484375