10 0.1390625 0.32890625 0.06640625 0.109375
2 0.12578125 0.3796875 0.03046875 0.0390625
2 0.13203125 0.390625 0.02578125 0.03203125
10 0.2453125 0.10859375 0.04453125 0.06484375
1 0.39453125 0.06171875 0.04921875 0.06015625
7 0.38515625 0.0859375 0.02265625 0.01875
5 0.40078125 0.084375 0.01015625 0.0140625
2 0.42890625 0.0796875 0.02421875 0.01640625
2 0.5359375 0.03125 0.01484375 0.01484375
2 0.55 0.03125 0.01484375 0.01171875
0 0.5734375 0.03046875 0.01796875 0.01484375
10 0.7171875 0.040625 0.03828125 0.059375
10 0.79296875 0.17421875 0.0421875 0.0703125
2 0.8 0.2109375 0.02578125 0.0203125
2 0.6578125 0.29921875 0.03515625 0.03203125
7 0.71015625 0.3140625 0.04453125 0.0359375
10 0.70078125 0.26875 0.07578125 0.10390625
10 0.87890625 0.3484375 0.06171875 0.09453125
2 0.86953125 0.38671875 0.021875 0.03515625
7 0.89921875 0.3921875 0.03125 0.0359375
2 0.9265625 0.67890625 0.02578125 0.04609375
3 0.1359375 0.30078125 0.02109375 0.0484375
3 0.24453125 0.09296875 0.01640625 0.03203125
3 0.39765625 0.05 0.01796875 0.03125
3 0.71875 0.02578125 0.01484375 0.03125
0 0.72421875 0.06171875 0.01640625 0.015625
3 0.7984375 0.159375 0.01953125 0.03984375
3 0.70625 0.25546875 0.02421875 0.04921875
3 0.8984375 0.340625 0.02265625 0.0484375
5 0.9734375 0.73828125 0.01171875 0.03515625