10 0.14765625 0.32734375 0.05 0.0859375
2 0.12578125 0.3796875 0.03046875 0.0390625
2 0.13203125 0.390625 0.02578125 0.03203125
10 0.25 0.10546875 0.0359375 0.0609375
1 0.39375 0.05859375 0.0484375 0.0609375
7 0.38515625 0.0859375 0.02265625 0.01953125
5 0.40078125 0.084375 0.01015625 0.0140625
2 0.42890625 0.07890625 0.02421875 0.01640625
2 0.53671875 0.03046875 0.0140625 0.01484375
2 0.55 0.03125 0.01484375 0.01171875
0 0.5734375 0.03046875 0.01640625 0.01484375
10 0.71640625 0.03984375 0.03828125 0.0609375
10 0.79296875 0.17109375 0.0421875 0.07578125
2 0.8 0.2109375 0.02578125 0.01953125
2 0.6578125 0.29921875 0.03515625 0.03125
7 0.71015625 0.3140625 0.04453125 0.0359375
10 0.7 0.26796875 0.0765625 0.10625
10 0.87890625 0.346875 0.059375 0.09375
2 0.86953125 0.384375 0.021875 0.0359375
7 0.89921875 0.390625 0.03046875 0.0359375
2 0.92578125 0.67890625 0.02578125 0.04609375
3 0.13515625 0.3078125 0.02265625 0.0453125
3 0.24453125 0.09375 0.01875 0.03359375
3 0.39765625 0.04609375 0.01796875 0.0359375
3 0.71953125 0.025 0.01484375 0.03125
0 0.72265625 0.06171875 0.01796875 0.01796875
3 0.8 0.15625 0.0203125 0.03984375
3 0.7078125 0.253125 0.02578125 0.04921875
3 0.89765625 0.3375 0.02109375 0.0453125
5 0.97265625 0.73671875 0.01328125 0.034375