10 0.14765625 0.31953125 0.04765625 0.0984375
2 0.12578125 0.3796875 0.03046875 0.0390625
2 0.13203125 0.390625 0.02578125 0.03203125
10 0.24609375 0.109375 0.0390625 0.0609375
1 0.39453125 0.06015625 0.04921875 0.0609375
7 0.38515625 0.0859375 0.02265625 0.01875
5 0.40078125 0.0859375 0.01015625 0.0140625
2 0.42890625 0.078125 0.02421875 0.01640625
2 0.53671875 0.03125 0.0140625 0.01484375
2 0.55 0.03125 0.01484375 0.01171875
0 0.5734375 0.03125 0.01796875 0.0140625
10 0.71796875 0.040625 0.03828125 0.06015625
10 0.79296875 0.17421875 0.0421875 0.0703125
2 0.8 0.2109375 0.02578125 0.0203125
2 0.6578125 0.30078125 0.03515625 0.03203125
7 0.71015625 0.3140625 0.04453125 0.0359375
10 0.70078125 0.26796875 0.071875 0.1015625
10 0.878125 0.34453125 0.05625 0.096875
2 0.86875 0.384375 0.021875 0.0359375
7 0.9 0.38984375 0.034375 0.03671875
2 0.9265625 0.67890625 0.02578125 0.04609375
3 0.13515625 0.29609375 0.02109375 0.0484375
3 0.23984375 0.09453125 0.0171875 0.03046875
3 0.3984375 0.0515625 0.01796875 0.0359375
3 0.71953125 0.0265625 0.015625 0.03125
0 0.72265625 0.0625 0.01796875 0.01796875
3 0.79765625 0.15859375 0.01953125 0.0390625
3 0.71015625 0.25625 0.025 0.04609375
3 0.89453125 0.33046875 0.021875 0.05078125
5 0.9734375 0.73828125 0.01328125 0.03671875