10 0.14765625 0.3265625 0.0484375 0.09140625
2 0.12734375 0.38046875 0.03046875 0.0390625
2 0.13203125 0.390625 0.02578125 0.03203125
10 0.2484375 0.10625 0.03828125 0.0609375
1 0.38984375 0.0625 0.053125 0.05625
7 0.38515625 0.08671875 0.02265625 0.01953125
5 0.40078125 0.08359375 0.01015625 0.0140625
2 0.42890625 0.0796875 0.02421875 0.01640625
2 0.53671875 0.03203125 0.01484375 0.01484375
2 0.55 0.03125 0.01484375 0.01171875
0 0.5734375 0.03125 0.01640625 0.0140625
10 0.71796875 0.040625 0.0390625 0.06015625
10 0.778125 0.159375 0.034375 0.096875
2 0.80078125 0.21796875 0.02734375 0.025
2 0.6578125 0.3 0.03515625 0.03359375
7 0.7125 0.3140625 0.04140625 0.0390625
10 0.7015625 0.2640625 0.07578125 0.096875
10 0.87890625 0.34609375 0.059375 0.08984375
2 0.86875 0.3859375 0.021875 0.0359375
7 0.89765625 0.39140625 0.03125 0.0359375
2 0.928125 0.6796875 0.02578125 0.04609375
3 0.13671875 0.30390625 0.021875 0.0453125
3 0.24375 0.09296875 0.01640625 0.03125
3 0.39453125 0.05859375 0.01875 0.034375
3 0.72109375 0.0265625 0.01484375 0.03125
0 0.7234375 0.0625 0.01640625 0.015625
6 0.78515625 0.1328125 0.01875 0.04140625
3 0.709375 0.2546875 0.0234375 0.0515625
3 0.896875 0.340625 0.02109375 0.04609375
5 0.97265625 0.73671875 0.0125 0.03515625