10 0.14765625 0.31953125 0.05078125 0.1
2 0.12578125 0.3796875 0.03046875 0.0390625
2 0.13203125 0.390625 0.02578125 0.03203125
10 0.25078125 0.10546875 0.03828125 0.0609375
1 0.39296875 0.059375 0.0484375 0.0609375
7 0.38515625 0.08671875 0.02265625 0.01953125
5 0.40078125 0.08359375 0.01328125 0.0140625
2 0.42890625 0.0796875 0.02421875 0.01640625
2 0.53515625 0.03046875 0.01484375 0.01484375
2 0.55 0.03125 0.01484375 0.01171875
0 0.57265625 0.03125 0.01640625 0.0140625
10 0.71796875 0.03125 0.0328125 0.06015625
9 0.72265625 0.015625 0.01484375 0.02890625
2 0.72265625 0.06484375 0.02578125 0.01484375
10 0.79140625 0.17421875 0.04296875 0.06875
2 0.8 0.2109375 0.025 0.01953125
2 0.6578125 0.29921875 0.03515625 0.03359375
7 0.71015625 0.31171875 0.04609375 0.04296875
10 0.7015625 0.26328125 0.06875 0.10625
10 0.878125 0.34296875 0.05703125 0.0859375
2 0.86875 0.384375 0.021875 0.0359375
7 0.89765625 0.38984375 0.034375 0.03671875
2 0.92734375 0.67890625 0.02578125 0.04609375
3 0.13359375 0.29609375 0.021875 0.05078125
3 0.246875 0.09375 0.0171875 0.03359375
3 0.4 0.046875 0.01875 0.03515625
3 0.8 0.1671875 0.02109375 0.04140625
3 0.71328125 0.23828125 0.025 0.05
3 0.89453125 0.34140625 0.02421875 0.0484375