10 0.14765625 0.32421875 0.04765625 0.090625
2 0.12578125 0.3796875 0.03046875 0.0390625
2 0.13203125 0.390625 0.02578125 0.03203125
10 0.24765625 0.10859375 0.03828125 0.0609375
1 0.38984375 0.06328125 0.05390625 0.05546875
7 0.38515625 0.08671875 0.02265625 0.01953125
5 0.40078125 0.08359375 0.01015625 0.0140625
2 0.42890625 0.0796875 0.02421875 0.01640625
2 0.53671875 0.03203125 0.01484375 0.01484375
2 0.55 0.03125 0.01484375 0.01171875
0 0.5734375 0.03125 0.0171875 0.01484375
10 0.71796875 0.040625 0.03984375 0.06171875
1 0.7875 0.184375 0.046875 0.05078125
2 0.8 0.21875 0.02578125 0.02421875
2 0.6578125 0.3 0.03515625 0.03359375
7 0.7125 0.31171875 0.03828125 0.03984375
10 0.7015625 0.2640625 0.07578125 0.096875
10 0.8796875 0.346875 0.059375 0.09140625
2 0.86875 0.3859375 0.021875 0.0359375
7 0.8984375 0.39140625 0.03203125 0.0359375
2 0.92734375 0.67890625 0.02578125 0.04609375
3 0.13671875 0.30234375 0.01953125 0.0453125
3 0.24453125 0.09453125 0.015625 0.0296875
3 0.39453125 0.0578125 0.01875 0.034375
3 0.7203125 0.02734375 0.01640625 0.03203125
0 0.72421875 0.06328125 0.01640625 0.015625
8 0.7984375 0.18984375 0.01953125 0.0390625
3 0.709375 0.25390625 0.02265625 0.04609375
3 0.896875 0.3390625 0.02109375 0.04609375
5 0.9734375 0.7375 0.01171875 0.0359375