10 0.146875 0.31796875 0.05 0.1046875
2 0.12578125 0.3796875 0.03046875 0.0390625
2 0.13203125 0.390625 0.02578125 0.03203125
10 0.25078125 0.10546875 0.03828125 0.0609375
1 0.39296875 0.05859375 0.0484375 0.0609375
7 0.38515625 0.0859375 0.02265625 0.01875
5 0.40078125 0.084375 0.01015625 0.0140625
2 0.42890625 0.0796875 0.02421875 0.01640625
2 0.53671875 0.03203125 0.0140625 0.01484375
2 0.55 0.03125 0.01484375 0.01171875
0 0.5734375 0.03046875 0.01640625 0.01484375
10 0.71875 0.03828125 0.03671875 0.06171875
10 0.79296875 0.17421875 0.0421875 0.0703125
2 0.8 0.2109375 0.02578125 0.0203125
2 0.6578125 0.29921875 0.03515625 0.03203125
7 0.71328125 0.315625 0.04453125 0.0359375
10 0.7 0.26796875 0.06640625 0.10625
10 0.8765625 0.346875 0.059375 0.09375
2 0.86875 0.38671875 0.021875 0.03515625
7 0.89765625 0.39140625 0.03203125 0.03671875
2 0.9265625 0.67890625 0.02578125 0.04609375
3 0.1375 0.29453125 0.02265625 0.05
3 0.24453125 0.09375 0.01796875 0.03125
3 0.39453125 0.04921875 0.01796875 0.03359375
3 0.7234375 0.02421875 0.015625 0.03203125
0 0.725 0.0609375 0.01796875 0.01953125
3 0.7984375 0.1625 0.01953125 0.04375
3 0.71171875 0.25078125 0.02421875 0.04453125
3 0.89453125 0.3390625 0.02109375 0.0484375