10 0.14765625 0.3203125 0.04921875 0.09453125
2 0.12734375 0.38046875 0.03046875 0.0390625
2 0.13203125 0.390625 0.02578125 0.03203125
10 0.24921875 0.10859375 0.03515625 0.05546875
1 0.39140625 0.06640625 0.05546875 0.053125
7 0.38515625 0.08671875 0.02265625 0.01953125
5 0.40078125 0.0859375 0.01015625 0.0140625
2 0.42890625 0.0796875 0.02421875 0.01640625
2 0.53671875 0.03203125 0.01484375 0.01484375
2 0.55 0.03125 0.01484375 0.01171875
0 0.5734375 0.03046875 0.01640625 0.01484375
10 0.71796875 0.040625 0.03984375 0.06015625
1 0.7859375 0.18125 0.04375 0.053125
2 0.8 0.21328125 0.02578125 0.025
2 0.6578125 0.3 0.03515625 0.03359375
7 0.71328125 0.3125 0.04140625 0.03828125
10 0.7015625 0.26640625 0.07734375 0.10078125
1 0.8796875 0.34453125 0.05859375 0.08984375
2 0.86875 0.3859375 0.021875 0.0359375
7 0.8984375 0.390625 0.0328125 0.0359375
2 0.92734375 0.67890625 0.02578125 0.04609375
3 0.1359375 0.29765625 0.02265625 0.046875
3 0.24375 0.096875 0.0171875 0.03046875
3 0.39609375 0.05859375 0.01796875 0.034375
3 0.7203125 0.02734375 0.01484375 0.03046875
0 0.72421875 0.06328125 0.01640625 0.01484375
3 0.79765625 0.1859375 0.01953125 0.040625
3 0.709375 0.253125 0.025 0.05078125
3 0.896875 0.33984375 0.02265625 0.0484375
5 0.9734375 0.73671875 0.01328125 0.03671875