10 0.146875 0.33046875 0.04765625 0.0859375
2 0.128125 0.3796875 0.0296875 0.0390625
2 0.13203125 0.390625 0.02578125 0.03203125
10 0.24921875 0.10625 0.0359375 0.06015625
1 0.39453125 0.05625 0.04609375 0.0609375
7 0.38515625 0.0859375 0.02265625 0.01953125
5 0.40078125 0.08359375 0.01015625 0.0140625
2 0.42890625 0.07890625 0.02421875 0.01640625
2 0.53671875 0.03046875 0.0140625 0.01484375
2 0.55 0.03125 0.01484375 0.01171875
0 0.5734375 0.03046875 0.01640625 0.01484375
10 0.71796875 0.040625 0.03828125 0.05859375
1 0.7875 0.18125 0.04609375 0.0515625
2 0.80078125 0.21875 0.02578125 0.02421875
2 0.6578125 0.29921875 0.03515625 0.03125
7 0.71015625 0.3140625 0.04453125 0.0359375
10 0.7 0.26796875 0.07734375 0.1046875
10 0.87890625 0.34453125 0.05625 0.09375
2 0.86875 0.38359375 0.021875 0.0359375
7 0.8984375 0.390625 0.03046875 0.03515625
2 0.92578125 0.67890625 0.02578125 0.04609375
3 0.134375 0.309375 0.02109375 0.04375
3 0.24453125 0.09296875 0.01640625 0.03203125
3 0.3984375 0.04375 0.01875 0.034375
3 0.71953125 0.0265625 0.01484375 0.03125
0 0.7234375 0.0609375 0.01640625 0.01796875
8 0.7984375 0.18359375 0.01953125 0.04140625
3 0.70703125 0.25390625 0.025 0.0484375
3 0.89765625 0.334375 0.021875 0.04375
5 0.971875 0.73671875 0.01171875 0.03359375