10 0.14375 0.3234375 0.05546875 0.10546875
7 0.13125 0.37109375 0.03125 0.04140625
2 0.13203125 0.39140625 0.02578125 0.034375
10 0.24375 0.10859375 0.04453125 0.05859375
1 0.3921875 0.06640625 0.05703125 0.053125
7 0.3859375 0.08828125 0.02421875 0.01875
5 0.40078125 0.0859375 0.01171875 0.0140625
2 0.4296875 0.078125 0.02421875 0.01796875
2 0.53671875 0.03203125 0.0140625 0.015625
2 0.55 0.03125 0.01640625 0.0140625
0 0.5734375 0.03125 0.015625 0.0140625
10 0.7171875 0.040625 0.03984375 0.06171875
10 0.7859375 0.17109375 0.04921875 0.0734375
2 0.79921875 0.21171875 0.02421875 0.021875
2 0.65703125 0.29921875 0.03515625 0.03515625
10 0.70078125 0.26484375 0.07734375 0.1
10 0.88125 0.3484375 0.05546875 0.103125
2 0.86875 0.3859375 0.02265625 0.0359375
2 0.92734375 0.678125 0.02578125 0.0484375
5 0.97265625 0.73671875 0.01171875 0.034375
3 0.1359375 0.296875 0.02265625 0.05
3 0.24140625 0.09921875 0.01796875 0.03515625
3 0.39609375 0.059375 0.01875 0.034375
3 0.71953125 0.028125 0.01640625 0.03203125
0 0.7234375 0.0625 0.01484375 0.015625
3 0.796875 0.15859375 0.01953125 0.04296875
3 0.7109375 0.24609375 0.02421875 0.05078125
7 0.7125 0.31015625 0.04296875 0.04296875
3 0.89765625 0.3390625 0.02109375 0.04921875
7 0.89921875 0.38984375 0.03046875 0.03671875