10 0.14453125 0.32578125 0.05546875 0.1
7 0.13359375 0.3609375 0.034375 0.0203125
2 0.13203125 0.39140625 0.02578125 0.034375
10 0.24375 0.10625 0.04375 0.06015625
1 0.3921875 0.06640625 0.05703125 0.053125
7 0.38515625 0.0875 0.02421875 0.01953125
5 0.40078125 0.084375 0.01171875 0.0140625
2 0.4296875 0.078125 0.02421875 0.01796875
2 0.53671875 0.03125 0.0140625 0.015625
2 0.55 0.03125 0.01640625 0.0140625
0 0.5734375 0.03125 0.015625 0.0140625
10 0.71640625 0.040625 0.03984375 0.06171875
10 0.7875 0.17890625 0.05546875 0.090625
7 0.79921875 0.21171875 0.02578125 0.02421875
2 0.65703125 0.2984375 0.03515625 0.034375
1 0.71640625 0.2671875 0.07109375 0.0953125
10 0.8796875 0.346875 0.05703125 0.09921875
2 0.86875 0.384375 0.02265625 0.0359375
2 0.9265625 0.678125 0.02578125 0.0484375
5 0.97265625 0.7359375 0.01171875 0.03359375
3 0.13359375 0.30078125 0.02421875 0.05
3 0.24296875 0.09375 0.01953125 0.034375
3 0.39296875 0.059375 0.01796875 0.034375
3 0.72109375 0.0265625 0.015625 0.03359375
0 0.7234375 0.0625 0.0171875 0.01796875
3 0.80078125 0.15546875 0.02109375 0.04296875
3 0.728125 0.26171875 0.02578125 0.0484375
7 0.715625 0.31328125 0.0484375 0.0359375
3 0.89609375 0.3421875 0.025 0.05078125
7 0.89921875 0.390625 0.034375 0.03671875