11 0.78359375 0.31328125 0.09375 0.1546875
11 0.59765625 0.27265625 0.09453125 0.13203125
11 0.509375 0.2453125 0.071875 0.15234375
11 0.421875 0.30546875 0.08984375 0.21015625
7 0.271875 0.2875 0.05625 0.17265625
11 0.0734375 0.3078125 0.121875 0.22421875
7 0.22578125 0.3390625 0.1 0.2359375
7 0.3125 0.3765625 0.13984375 0.25859375
11 0.14453125 0.67421875 0.1859375 0.646875
11 0.640625 0.51015625 0.178125 0.3421875
11 0.846875 0.58359375 0.171875 0.3390625
7 0.4640625 0.6953125 0.24375 0.603125