10 0.1453125 0.3234375 0.05625 0.1046875
7 0.13359375 0.35625 0.03515625 0.03046875
2 0.13203125 0.39140625 0.02578125 0.034375
10 0.24375 0.1109375 0.04453125 0.05859375
1 0.3921875 0.06640625 0.05703125 0.053125
7 0.38515625 0.0875 0.02421875 0.01953125
5 0.40078125 0.084375 0.01171875 0.0140625
2 0.4296875 0.078125 0.02421875 0.01796875
2 0.53671875 0.03125 0.0140625 0.015625
2 0.55 0.03125 0.01640625 0.0140625
0 0.5734375 0.03125 0.015625 0.0140625
10 0.71640625 0.040625 0.03984375 0.06171875
10 0.79140625 0.17421875 0.04921875 0.08046875
2 0.79921875 0.2125 0.02421875 0.02109375
2 0.6578125 0.29921875 0.03515625 0.034375
10 0.70078125 0.26484375 0.07734375 0.1
10 0.88125 0.3484375 0.05546875 0.10390625
2 0.86875 0.3859375 0.02265625 0.0359375
2 0.9265625 0.678125 0.02578125 0.0484375
5 0.97265625 0.7359375 0.01171875 0.03359375
0 0.80703125 0.20703125 0.01328125 0.01953125
3 0.134375 0.29921875 0.02265625 0.05078125
3 0.24140625 0.0984375 0.01640625 0.034375
3 0.3953125 0.059375 0.0171875 0.03359375
3 0.71953125 0.02890625 0.01640625 0.03125
0 0.7234375 0.06328125 0.015625 0.015625
3 0.803125 0.1578125 0.01953125 0.04375
3 0.7109375 0.25234375 0.02578125 0.05078125
7 0.71328125 0.31171875 0.0390625 0.04296875
3 0.89765625 0.3390625 0.021875 0.04921875
7 0.8984375 0.39140625 0.03046875 0.0359375