10 0.14453125 0.32578125 0.0546875 0.10078125
7 0.13359375 0.3609375 0.034375 0.0203125
2 0.13203125 0.39140625 0.02578125 0.034375
10 0.24453125 0.1109375 0.0421875 0.05546875
10 0.39453125 0.0484375 0.04609375 0.0734375
7 0.3859375 0.08359375 0.02578125 0.0234375
5 0.40078125 0.084375 0.01171875 0.0140625
2 0.4296875 0.078125 0.02421875 0.01796875
2 0.53671875 0.03125 0.0140625 0.015625
2 0.55 0.03125 0.01640625 0.0140625
0 0.5734375 0.03125 0.015625 0.0140625
10 0.71640625 0.040625 0.03984375 0.06171875
10 0.7921875 0.1640625 0.04296875 0.0953125
2 0.79921875 0.21328125 0.025 0.0234375
2 0.6578125 0.29921875 0.03515625 0.034375
10 0.70390625 0.24609375 0.0796875 0.1296875
10 0.878125 0.3453125 0.06015625 0.090625
2 0.86875 0.384375 0.02265625 0.0359375
2 0.9265625 0.678125 0.02578125 0.0484375
5 0.97265625 0.7359375 0.01171875 0.03359375
3 0.134375 0.3015625 0.0234375 0.04921875
3 0.2390625 0.10234375 0.01796875 0.03046875
3 0.390625 0.03125 0.01796875 0.03515625
3 0.7203125 0.0265625 0.01640625 0.03046875
0 0.7234375 0.06328125 0.015625 0.01484375
3 0.70078125 0.20859375 0.025 0.0515625
2 0.71640625 0.31640625 0.04921875 0.03125
6 0.7984375 0.13828125 0.01953125 0.04140625
3 0.896875 0.34140625 0.02265625 0.0484375
7 0.8984375 0.39140625 0.03359375 0.03671875