11 0.37578125 0.696875 0.1078125 0.41796875
11 0.2265625 0.73203125 0.134375 0.35625
11 0.3515625 0.465625 0.090625 0.15859375
7 0.31796875 0.3828125 0.06640625 0.1265625
11 0.24375 0.48828125 0.09921875 0.14375
11 0.75546875 0.640625 0.109375 0.4296875
11 0.95390625 0.42421875 0.07578125 0.1234375
11 0.88671875 0.4359375 0.06875 0.1421875
11 0.81484375 0.35546875 0.06796875 0.09765625
11 0.74375 0.34296875 0.06953125 0.17421875
11 0.6703125 0.20078125 0.0390625 0.059375
11 0.6390625 0.16875 0.0421875 0.05078125
7 0.61640625 0.20078125 0.0546875 0.11484375
7 0.459375 0.23046875 0.05625 0.07265625
7 0.2390625 0.33359375 0.05546875 0.07578125
7 0.571875 0.2578125 0.065625 0.090625
11 0.52109375 0.33515625 0.08984375 0.1171875
11 0.61171875 0.3125 0.06328125 0.09765625
11 0.67265625 0.38671875 0.06328125 0.1125
7 0.575 0.39453125 0.08359375 0.12890625
11 0.646875 0.6171875 0.1 0.46015625
7 0.4390625 0.2015625 0.040625 0.06953125
7 0.22109375 0.40703125 0.08046875 0.1421875
7 0.68984375 0.24453125 0.05546875 0.0953125