10 0.14375 0.31953125 0.04921875 0.10078125
7 0.128125 0.3765625 0.03203125 0.04609375
2 0.13203125 0.390625 0.02578125 0.03203125
10 0.24375 0.10859375 0.0453125 0.06640625
1 0.3921875 0.06640625 0.05546875 0.0515625
7 0.38515625 0.08828125 0.02265625 0.01953125
5 0.40078125 0.084375 0.01015625 0.0140625
2 0.42890625 0.0796875 0.02421875 0.01640625
2 0.53671875 0.03203125 0.01484375 0.01484375
2 0.55 0.03125 0.01484375 0.01171875
0 0.5734375 0.03125 0.01640625 0.01484375
10 0.7171875 0.040625 0.0390625 0.0609375
10 0.778125 0.1609375 0.03671875 0.0859375
2 0.8 0.21328125 0.02578125 0.02109375
2 0.6578125 0.3 0.03515625 0.03359375
7 0.7109375 0.31328125 0.04296875 0.0390625
10 0.7 0.26640625 0.07734375 0.096875
1 0.87890625 0.34609375 0.05859375 0.08828125
2 0.86875 0.3859375 0.021875 0.0359375
7 0.896875 0.38828125 0.0328125 0.040625
2 0.92734375 0.67890625 0.02578125 0.04609375
3 0.134375 0.29609375 0.021875 0.04921875
3 0.2421875 0.09296875 0.0171875 0.03125
3 0.39609375 0.059375 0.01875 0.03359375
3 0.72109375 0.0265625 0.01484375 0.03125
0 0.7234375 0.06328125 0.01640625 0.01640625
3 0.78671875 0.13671875 0.01796875 0.0390625
3 0.709375 0.25390625 0.02578125 0.046875
5 0.97265625 0.73671875 0.0125 0.03671875