7 0.715625 0.32734375 0.103125 0.14921875
4 0.66171875 0.4109375 0.08125 0.29375
11 0.5 0.29296875 0.0546875 0.14453125
11 0.415625 0.27734375 0.096875 0.146875
4 0.81796875 0.40078125 0.10234375 0.2671875
11 0.79921875 0.565625 0.18125 0.328125
4 0.57734375 0.43203125 0.15078125 0.27265625
4 0.31796875 0.68671875 0.215625 0.6203125
4 0.6375 0.73828125 0.19453125 0.51640625
11 0.3125 0.40078125 0.1 0.27890625
4 0.18828125 0.23984375 0.05703125 0.10625
4 0.1375 0.3046875 0.084375 0.17734375
4 0.103125 0.35625 0.11640625 0.19453125
4 0.21875 0.375 0.11640625 0.23828125