10 0.1359375 0.33125 0.05546875 0.09375
2 0.13046875 0.3765625 0.0328125 0.03671875
2 0.13125 0.38828125 0.02578125 0.03046875
10 0.24765625 0.09921875 0.04296875 0.0796875
2 0.39375 0.08359375 0.02890625 0.0203125
2 0.42890625 0.07890625 0.02578125 0.01640625
2 0.53671875 0.03046875 0.01484375 0.01640625
2 0.54921875 0.03046875 0.01640625 0.01484375
2 0.5765625 0.03203125 0.02265625 0.01640625
10 0.71484375 0.03671875 0.04140625 0.05703125
7 0.725 0.0640625 0.034375 0.01953125
2 0.80078125 0.2140625 0.02265625 0.02421875
2 0.6578125 0.29921875 0.03515625 0.0359375
10 0.69453125 0.25625 0.06484375 0.0859375
2 0.715625 0.3234375 0.04296875 0.034375
10 0.8828125 0.34296875 0.05546875 0.109375
2 0.86875 0.3859375 0.02265625 0.0359375
2 0.92734375 0.67890625 0.025 0.04609375
5 0.97265625 0.7390625 0.0125 0.03671875
3 0.12734375 0.31015625 0.0234375 0.0484375
3 0.24140625 0.08125 0.01640625 0.03359375
3 0.715625 0.0234375 0.01484375 0.03046875
3 0.70625 0.24296875 0.02421875 0.05625
2 0.7 0.3 0.02734375 0.0203125
3 0.8984375 0.31328125 0.02109375 0.04921875
7 0.90078125 0.3875 0.034375 0.03984375
2 0.7578125 0.0609375 0.01796875 0.01953125