10 0.13203125 0.33046875 0.05703125 0.09921875
7 0.1296875 0.371875 0.034375 0.04453125
2 0.12890625 0.396875 0.01875 0.01875
10 0.24140625 0.10859375 0.04921875 0.07421875
2 0.39375 0.08046875 0.02890625 0.0203125
2 0.42890625 0.07890625 0.02578125 0.01640625
2 0.53671875 0.03046875 0.01484375 0.01640625
2 0.54921875 0.03046875 0.01640625 0.01484375
2 0.5765625 0.03203125 0.02265625 0.01640625
10 0.7109375 0.03515625 0.03671875 0.05546875
2 0.7234375 0.065625 0.03359375 0.015625
2 0.80078125 0.2140625 0.02265625 0.02421875
2 0.6578125 0.2984375 0.03515625 0.03671875
10 0.69375 0.246875 0.06796875 0.10546875
2 0.71484375 0.3234375 0.04296875 0.034375
10 0.884375 0.34375 0.05546875 0.09453125
2 0.86875 0.3859375 0.02265625 0.0359375
2 0.928125 0.678125 0.02421875 0.04609375
5 0.97265625 0.7390625 0.0125 0.03671875
3 0.11875 0.30859375 0.0203125 0.03984375
3 0.23828125 0.0921875 0.01640625 0.0359375
3 0.71640625 0.02421875 0.01796875 0.03125
3 0.69765625 0.221875 0.02421875 0.0515625
2 0.7 0.3 0.02890625 0.01875
3 0.90078125 0.334375 0.02265625 0.05390625
7 0.90078125 0.3890625 0.03515625 0.0359375
2 0.75859375 0.0609375 0.01875 0.01875