10 0.13203125 0.33125 0.05859375 0.096875
7 0.12890625 0.3734375 0.03046875 0.04453125
2 0.13125 0.38828125 0.02578125 0.03125
10 0.24765625 0.1015625 0.04296875 0.06953125
2 0.39375 0.08046875 0.02890625 0.0203125
2 0.42890625 0.07890625 0.02578125 0.01640625
2 0.53671875 0.03046875 0.01484375 0.01640625
2 0.54921875 0.03046875 0.01640625 0.01484375
2 0.57578125 0.03046875 0.02265625 0.01640625
10 0.709375 0.03046875 0.03984375 0.059375
2 0.72265625 0.06171875 0.034375 0.01875
2 0.80078125 0.2140625 0.02265625 0.02421875
2 0.6578125 0.30078125 0.03515625 0.03671875
10 0.71015625 0.26640625 0.06875 0.10390625
7 0.71484375 0.32109375 0.04296875 0.0390625
10 0.87890625 0.3421875 0.05859375 0.08828125
2 0.86875 0.3828125 0.02265625 0.0359375
2 0.9265625 0.678125 0.025 0.04609375
5 0.97265625 0.7390625 0.0125 0.03671875
3 0.1171875 0.31328125 0.021875 0.04453125
3 0.24140625 0.0828125 0.01796875 0.034375
9 0.71015625 0.0171875 0.01796875 0.03046875
3 0.7171875 0.2453125 0.025 0.05
7 0.70078125 0.29765625 0.028125 0.03046875
3 0.89609375 0.3390625 0.02265625 0.05
7 0.89765625 0.3890625 0.034375 0.03984375
2 0.75859375 0.0609375 0.01796875 0.01875