10 0.13203125 0.33046875 0.05703125 0.09921875
2 0.12890625 0.3734375 0.03046875 0.04375
2 0.13203125 0.390625 0.02421875 0.03359375
10 0.2484375 0.09375 0.04453125 0.071875
2 0.39375 0.08125 0.02890625 0.0203125
2 0.42890625 0.07890625 0.02578125 0.01640625
2 0.53671875 0.03046875 0.01484375 0.01640625
2 0.54921875 0.03046875 0.01640625 0.01484375
2 0.57578125 0.03046875 0.02265625 0.01640625
10 0.715625 0.03203125 0.04296875 0.06171875
7 0.72265625 0.0625 0.034375 0.01953125
2 0.80078125 0.2140625 0.02265625 0.02421875
2 0.6578125 0.29921875 0.03515625 0.0359375
10 0.7 0.253125 0.0640625 0.1046875
2 0.71484375 0.3203125 0.04296875 0.03515625
10 0.87890625 0.3421875 0.05859375 0.08828125
2 0.86875 0.38359375 0.02265625 0.0359375
2 0.92734375 0.678125 0.025 0.04609375
5 0.97265625 0.7390625 0.0125 0.03671875
3 0.1203125 0.3015625 0.01875 0.040625
6 0.2453125 0.07734375 0.01484375 0.034375
6 0.71484375 0.0171875 0.015625 0.03203125
3 0.71640625 0.23203125 0.02578125 0.05078125
7 0.70078125 0.296875 0.02578125 0.0265625
3 0.8953125 0.33828125 0.02265625 0.04609375
7 0.89765625 0.38828125 0.034375 0.03828125
2 0.75859375 0.06171875 0.01875 0.01953125