10 0.13515625 0.33046875 0.05546875 0.09296875
2 0.13046875 0.3765625 0.03359375 0.03671875
2 0.13203125 0.390625 0.02578125 0.034375
10 0.2453125 0.10234375 0.04140625 0.07109375
2 0.39375 0.08359375 0.02890625 0.0203125
2 0.42890625 0.07890625 0.02578125 0.01640625
2 0.53671875 0.03046875 0.01484375 0.01640625
2 0.54921875 0.03046875 0.01640625 0.01484375
2 0.5765625 0.03203125 0.02265625 0.01640625
10 0.71328125 0.0359375 0.04140625 0.05625
7 0.7171875 0.06171875 0.02265625 0.01953125
2 0.80078125 0.2140625 0.02265625 0.02421875
2 0.65703125 0.29921875 0.03515625 0.0359375
10 0.69609375 0.25625 0.065625 0.0859375
2 0.715625 0.321875 0.04296875 0.03515625
10 0.88125 0.3390625 0.0578125 0.09453125
2 0.86875 0.38359375 0.02265625 0.0359375
2 0.92734375 0.67890625 0.025 0.04609375
5 0.97265625 0.7390625 0.0125 0.03671875
3 0.12734375 0.31015625 0.02109375 0.0484375
3 0.2375 0.08671875 0.01640625 0.03125
3 0.71875 0.02421875 0.015625 0.03046875
3 0.71015625 0.24375 0.02421875 0.0546875
2 0.7 0.30078125 0.02734375 0.01953125
3 0.89921875 0.31640625 0.02109375 0.0484375
2 0.89921875 0.39296875 0.03046875 0.0296875
2 0.75859375 0.0609375 0.01796875 0.01875