10 0.134375 0.33046875 0.0578125 0.09453125
7 0.128125 0.36015625 0.03515625 0.03125
2 0.1328125 0.390625 0.02578125 0.03515625
10 0.24765625 0.1 0.04296875 0.06875
2 0.39375 0.08359375 0.02890625 0.0203125
2 0.42890625 0.07890625 0.02578125 0.01640625
2 0.53671875 0.03046875 0.01484375 0.01640625
2 0.54921875 0.03046875 0.01640625 0.01484375
0 0.57109375 0.0296875 0.015625 0.01484375
10 0.7171875 0.04296875 0.04296875 0.059375
7 0.721875 0.0625 0.03203125 0.01953125
2 0.80078125 0.2140625 0.02265625 0.02421875
2 0.6578125 0.30078125 0.03515625 0.034375
10 0.70625 0.25859375 0.065625 0.0984375
2 0.715625 0.32265625 0.0421875 0.03203125
10 0.88515625 0.3421875 0.05859375 0.096875
2 0.86875 0.3859375 0.02265625 0.0359375
2 0.92734375 0.678125 0.025 0.04609375
5 0.97265625 0.7390625 0.0125 0.03671875
2 0.70078125 0.3 0.02734375 0.01875
3 0.12578125 0.30625 0.025 0.04609375
3 0.24140625 0.0828125 0.01796875 0.03203125
0 0.23515625 0.1234375 0.015625 0.0203125
3 0.72109375 0.03046875 0.01640625 0.03046875
3 0.71015625 0.2359375 0.02421875 0.05
3 0.90078125 0.3234375 0.02421875 0.04609375
7 0.9 0.39140625 0.03125 0.0359375
2 0.75859375 0.06171875 0.01875 0.01796875