10 0.13515625 0.32734375 0.05703125 0.096875
2 0.13203125 0.390625 0.02578125 0.03515625
7 0.12890625 0.359375 0.03515625 0.028125
3 0.12578125 0.30546875 0.02265625 0.04453125
2 0.2578125 0.08359375 0.01875 0.015625
2 0.39375 0.084375 0.02890625 0.01953125
2 0.428125 0.0796875 0.02578125 0.01875
10 0.390625 0.04140625 0.04609375 0.08125
2 0.5359375 0.03125 0.01484375 0.01640625
2 0.54921875 0.03046875 0.01484375 0.01328125
2 0.575 0.03125 0.0234375 0.01640625
10 0.71640625 0.03984375 0.03828125 0.05390625
3 0.721875 0.0296875 0.01484375 0.0296875
7 0.7203125 0.05625 0.03203125 0.0265625
2 0.80078125 0.2140625 0.02265625 0.021875
2 0.6578125 0.3 0.03515625 0.03515625
2 0.68671875 0.30546875 0.02890625 0.03359375
7 0.71484375 0.30859375 0.040625 0.0359375
1 0.715625 0.27265625 0.0734375 0.08203125
3 0.7265625 0.2765625 0.02265625 0.04609375
10 0.884375 0.340625 0.0578125 0.09453125
2 0.86875 0.38671875 0.02265625 0.034375
7 0.896875 0.38984375 0.03203125 0.03671875
3 0.9015625 0.32578125 0.02265625 0.04453125
2 0.928125 0.678125 0.0265625 0.0484375
5 0.97265625 0.7375 0.01171875 0.034375
2 0.75859375 0.06171875 0.01796875 0.01875