10 0.134375 0.33125 0.05703125 0.09375
7 0.13125 0.36328125 0.03203125 0.03125
2 0.13203125 0.390625 0.02578125 0.034375
10 0.2484375 0.096875 0.04296875 0.07421875
2 0.39375 0.08203125 0.02890625 0.0203125
2 0.42890625 0.07890625 0.02578125 0.01640625
2 0.53671875 0.03046875 0.01484375 0.01640625
2 0.54921875 0.03046875 0.01640625 0.01484375
0 0.56953125 0.03046875 0.01484375 0.01640625
10 0.7140625 0.03828125 0.03671875 0.05703125
7 0.721875 0.06171875 0.03203125 0.01875
2 0.80078125 0.2140625 0.02265625 0.02421875
2 0.6578125 0.30078125 0.03515625 0.034375
10 0.7046875 0.2578125 0.06796875 0.096875
2 0.715625 0.321875 0.04296875 0.03515625
10 0.88515625 0.34140625 0.05625 0.0984375
2 0.86875 0.38203125 0.02265625 0.0359375
2 0.9265625 0.678125 0.025 0.04609375
5 0.97265625 0.7390625 0.0125 0.03671875
2 0.7 0.29921875 0.02734375 0.01875
3 0.12578125 0.30703125 0.02265625 0.04375
3 0.24375 0.08125 0.0171875 0.034375
0 0.2359375 0.11796875 0.01484375 0.01953125
9 0.7203125 0.0265625 0.01640625 0.03046875
3 0.7109375 0.24296875 0.02421875 0.053125
3 0.9015625 0.31875 0.02265625 0.04921875
7 0.8984375 0.390625 0.03359375 0.03984375
2 0.7578125 0.06171875 0.01796875 0.01796875