10 0.134375 0.33125 0.05703125 0.09375
7 0.1296875 0.36875 0.03359375 0.03359375
2 0.1328125 0.390625 0.02578125 0.03671875
10 0.24609375 0.09921875 0.04296875 0.0734375
2 0.39375 0.08359375 0.02890625 0.0203125
2 0.42890625 0.07890625 0.02578125 0.01640625
2 0.53671875 0.03046875 0.01484375 0.01640625
2 0.54921875 0.03046875 0.01640625 0.01484375
0 0.56875 0.03046875 0.0109375 0.015625
10 0.7125 0.0359375 0.0359375 0.05546875
7 0.721875 0.06328125 0.03203125 0.01953125
2 0.80078125 0.2140625 0.02265625 0.02421875
2 0.6578125 0.3 0.03515625 0.03359375
10 0.6953125 0.25625 0.06484375 0.0859375
2 0.715625 0.32109375 0.04296875 0.03515625
10 0.8828125 0.34296875 0.05703125 0.09921875
2 0.86875 0.3859375 0.02265625 0.0359375
2 0.92734375 0.678125 0.025 0.04609375
5 0.97265625 0.7390625 0.0125 0.03671875
2 0.7 0.30078125 0.02734375 0.01953125
3 0.12578125 0.30859375 0.02421875 0.04609375
3 0.240625 0.08203125 0.0171875 0.034375
3 0.71640625 0.02421875 0.01640625 0.03125
3 0.70859375 0.24140625 0.02421875 0.053125
3 0.9 0.32265625 0.02265625 0.04921875
7 0.90078125 0.39296875 0.02890625 0.0359375
2 0.75859375 0.06171875 0.01796875 0.01796875