10 0.134375 0.33046875 0.05703125 0.09375
7 0.12890625 0.36015625 0.03515625 0.0296875
2 0.13203125 0.390625 0.02578125 0.034375
10 0.24765625 0.10390625 0.04296875 0.06953125
2 0.39375 0.08359375 0.02890625 0.0203125
2 0.42890625 0.07890625 0.02578125 0.01640625
2 0.53671875 0.03046875 0.01484375 0.01640625
2 0.54921875 0.03046875 0.01640625 0.01484375
0 0.57109375 0.0296875 0.01640625 0.01484375
10 0.7140625 0.0390625 0.034375 0.05078125
7 0.72265625 0.06328125 0.02890625 0.01953125
2 0.80078125 0.2140625 0.02265625 0.02421875
2 0.6578125 0.30078125 0.03515625 0.034375
10 0.70625 0.25078125 0.06953125 0.10859375
2 0.71484375 0.321875 0.04296875 0.03515625
10 0.88359375 0.340625 0.0578125 0.09609375
2 0.86875 0.38203125 0.02265625 0.0359375
2 0.9265625 0.67890625 0.025 0.04609375
5 0.97265625 0.7390625 0.0125 0.03671875
2 0.7 0.3 0.02734375 0.01875
3 0.125 0.30625 0.02265625 0.04375
3 0.240625 0.08828125 0.0171875 0.03203125
0 0.23203125 0.125 0.01328125 0.01875
3 0.72265625 0.03125 0.01640625 0.03046875
9 0.7140625 0.221875 0.028125 0.05
3 0.9 0.32421875 0.02265625 0.04609375
7 0.8984375 0.390625 0.03359375 0.0390625
2 0.75859375 0.06171875 0.01796875 0.01796875