11 0.6171875 0.671875 0.25703125 0.3171875
11 0.3734375 0.67734375 0.25 0.31171875
11 0.10703125 0.73125 0.2125 0.390625
11 0.50234375 0.41953125 0.209375 0.21953125
11 0.29921875 0.46171875 0.21875 0.23515625
11 0.09609375 0.471875 0.1890625 0.20390625
11 0.40390625 0.26015625 0.1546875 0.24375
11 0.25 0.29140625 0.125 0.1625
11 0.096875 0.30703125 0.15546875 0.19375
11 0.2234375 0.18984375 0.13359375 0.12578125
7 0.0875 0.19609375 0.125 0.1359375
11 0.340625 0.1515625 0.1125 0.1359375
11 0.89296875 0.52578125 0.20625 0.240625
11 0.89609375 0.22109375 0.13203125 0.14140625