10 0.13515625 0.328125 0.05859375 0.09453125
2 0.13203125 0.390625 0.02734375 0.03515625
7 0.12890625 0.35625 0.03515625 0.0265625
2 0.2578125 0.08359375 0.01953125 0.01640625
2 0.39375 0.08359375 0.02734375 0.01875
2 0.428125 0.07890625 0.0265625 0.01796875
2 0.53671875 0.03125 0.01484375 0.015625
2 0.54921875 0.03046875 0.01484375 0.01328125
0 0.571875 0.03046875 0.01171875 0.01328125
10 0.71640625 0.04140625 0.034375 0.05859375
7 0.725 0.0640625 0.02734375 0.01875
2 0.80078125 0.21484375 0.02265625 0.021875
2 0.6578125 0.3 0.03515625 0.03359375
7 0.71328125 0.30546875 0.03984375 0.0390625
10 0.715625 0.26171875 0.06953125 0.096875
10 0.87890625 0.3421875 0.05546875 0.10078125
2 0.86875 0.38671875 0.02109375 0.034375
2 0.928125 0.67890625 0.02421875 0.0453125
5 0.97265625 0.73515625 0.01171875 0.03125
2 0.75859375 0.06015625 0.01953125 0.01875
3 0.125 0.30625 0.02265625 0.0453125
3 0.72265625 0.03046875 0.01640625 0.03046875
3 0.7203125 0.24140625 0.02578125 0.053125
3 0.89375 0.3265625 0.0234375 0.0484375
7 0.89765625 0.39140625 0.03359375 0.03828125