10 0.13515625 0.328125 0.05859375 0.09453125
2 0.13203125 0.390625 0.02734375 0.03515625
7 0.128125 0.359375 0.03515625 0.0265625
2 0.2578125 0.084375 0.01953125 0.01640625
2 0.39375 0.084375 0.02734375 0.01875
2 0.428125 0.07890625 0.0265625 0.01796875
2 0.53671875 0.03125 0.01484375 0.015625
2 0.54921875 0.03046875 0.01484375 0.01328125
0 0.57265625 0.03203125 0.01171875 0.01328125
10 0.7140625 0.03984375 0.03359375 0.05703125
7 0.725 0.06484375 0.02734375 0.01640625
2 0.80078125 0.2140625 0.02265625 0.021875
2 0.6578125 0.30078125 0.03515625 0.034375
7 0.71015625 0.3109375 0.04296875 0.03828125
10 0.70625 0.26328125 0.071875 0.096875
10 0.87890625 0.3421875 0.05390625 0.09140625
2 0.86875 0.3875 0.02109375 0.0359375
2 0.92734375 0.678125 0.025 0.0453125
5 0.97265625 0.7359375 0.01171875 0.03203125
2 0.75859375 0.0609375 0.01953125 0.01953125
3 0.1265625 0.30703125 0.02109375 0.04296875
3 0.7171875 0.2515625 0.0265625 0.05
3 0.721875 0.02890625 0.01484375 0.0296875
3 0.89375 0.3265625 0.02421875 0.05
7 0.89765625 0.38984375 0.03515625 0.0390625