10 0.13515625 0.328125 0.05859375 0.09453125
2 0.13203125 0.390625 0.02734375 0.03515625
7 0.12734375 0.3578125 0.03515625 0.0265625
2 0.25859375 0.084375 0.01953125 0.01640625
2 0.39375 0.084375 0.02734375 0.01875
2 0.428125 0.07890625 0.0265625 0.01796875
2 0.53671875 0.03125 0.01484375 0.015625
2 0.54921875 0.03046875 0.01484375 0.01328125
0 0.57265625 0.03203125 0.01171875 0.01328125
10 0.7140625 0.0390625 0.0359375 0.0546875
7 0.72578125 0.0640625 0.02734375 0.01796875
2 0.80078125 0.21484375 0.02265625 0.021875
2 0.6578125 0.30078125 0.03515625 0.034375
7 0.71015625 0.31015625 0.040625 0.0390625
10 0.7046875 0.265625 0.07578125 0.09296875
10 0.8796875 0.34140625 0.0546875 0.09375
2 0.86875 0.38671875 0.02109375 0.03515625
2 0.92734375 0.67890625 0.025 0.0453125
5 0.97265625 0.7359375 0.01171875 0.03203125
2 0.75859375 0.0609375 0.01953125 0.01953125
3 0.1265625 0.30859375 0.0234375 0.04453125
3 0.72109375 0.02890625 0.015625 0.02890625
3 0.71484375 0.25859375 0.025 0.05
3 0.89453125 0.328125 0.02265625 0.0484375
3 0.89765625 0.39140625 0.0328125 0.0359375