10 0.13515625 0.328125 0.05859375 0.09453125
2 0.13203125 0.390625 0.02734375 0.03515625
7 0.128125 0.35859375 0.03515625 0.0265625
2 0.25859375 0.08515625 0.01953125 0.01640625
2 0.39375 0.084375 0.02734375 0.01875
2 0.428125 0.07890625 0.0265625 0.01796875
2 0.53671875 0.03125 0.01484375 0.015625
2 0.54921875 0.03046875 0.01484375 0.01328125
0 0.57265625 0.03125 0.01171875 0.01328125
10 0.7140625 0.03984375 0.03515625 0.05546875
7 0.72578125 0.065625 0.02734375 0.01796875
2 0.80078125 0.21484375 0.02265625 0.021875
2 0.6578125 0.30078125 0.03515625 0.034375
7 0.709375 0.31171875 0.04140625 0.03671875
10 0.70546875 0.26484375 0.075 0.09453125
10 0.87734375 0.34140625 0.05234375 0.1046875
2 0.86875 0.38671875 0.02109375 0.03515625
2 0.92734375 0.67890625 0.025 0.0453125
5 0.97265625 0.7359375 0.01171875 0.03203125
2 0.75859375 0.0609375 0.01953125 0.01953125
3 0.12578125 0.30703125 0.02265625 0.04375
3 0.721875 0.02890625 0.01484375 0.03046875
3 0.71484375 0.25625 0.02578125 0.0515625
3 0.890625 0.31640625 0.02109375 0.05
7 0.90078125 0.39296875 0.0296875 0.03515625