10 0.13515625 0.33125 0.059375 0.096875
7 0.13125 0.36796875 0.034375 0.04921875
2 0.13203125 0.39140625 0.02578125 0.03359375
2 0.25859375 0.08359375 0.01875 0.01640625
2 0.39296875 0.0859375 0.03046875 0.0234375
2 0.428125 0.07890625 0.0265625 0.01796875
2 0.53515625 0.03125 0.01484375 0.015625
2 0.5484375 0.03125 0.01484375 0.0140625
0 0.571875 0.03046875 0.01328125 0.01328125
2 0.725 0.065625 0.03046875 0.015625
2 0.75859375 0.06171875 0.01796875 0.01953125
2 0.80078125 0.2140625 0.021875 0.0234375
2 0.6578125 0.30078125 0.0359375 0.0359375
2 0.71015625 0.3125 0.04296875 0.03046875
10 0.70078125 0.25546875 0.06640625 0.096875
10 0.884375 0.34375 0.05859375 0.08671875
2 0.86875 0.3875 0.0234375 0.03828125
7 0.8921875 0.384375 0.03125 0.03046875
2 0.928125 0.678125 0.02578125 0.04609375
5 0.9734375 0.73515625 0.01328125 0.03125
3 0.11953125 0.3109375 0.02109375 0.04140625
3 0.709375 0.23359375 0.02421875 0.05390625
3 0.8984375 0.3375 0.02421875 0.04375