11 0.0921875 0.52421875 0.165625 0.44375
11 0.1890625 0.54765625 0.18984375 0.41484375
11 0.43671875 0.590625 0.21328125 0.26484375
11 0.6109375 0.66796875 0.171875 0.24375
11 0.77421875 0.7375 0.23125 0.34296875
7 0.59921875 0.4296875 0.1484375 0.2359375
7 0.8921875 0.390625 0.16796875 0.234375
11 0.27421875 0.3296875 0.1109375 0.19296875
7 0.36015625 0.45546875 0.14453125 0.3578125
7 0.41640625 0.25 0.096875 0.1515625
7 0.496875 0.346875 0.14921875 0.30703125
11 0.7140625 0.21015625 0.09140625 0.17734375
7 0.79296875 0.18203125 0.0765625 0.21328125
7 0.85703125 0.134375 0.065625 0.16328125
11 0.75078125 0.36484375 0.134375 0.18125
7 0.85 0.2921875 0.11171875 0.16484375