7 0.45625 0.71328125 0.11796875 0.2328125
7 0.7078125 0.7140625 0.15390625 0.240625
7 0.821875 0.71875 0.1515625 0.27578125
7 0.475 0.53359375 0.103125 0.17890625
11 0.10625 0.54375 0.0859375 0.15
7 0.190625 0.5234375 0.08828125 0.2171875
11 0.16796875 0.43828125 0.06328125 0.10703125
7 0.25390625 0.41796875 0.06875 0.1359375
7 0.40078125 0.41328125 0.07734375 0.165625
7 0.48046875 0.39375 0.06484375 0.1828125
7 0.75 0.51015625 0.1015625 0.21953125
7 0.70234375 0.4046875 0.06640625 0.17265625
11 0.61796875 0.4171875 0.0671875 0.11015625
7 0.66484375 0.31875 0.05859375 0.134375
7 0.8671875 0.4234375 0.09375 0.2328125
7 0.8015625 0.3328125 0.0734375 0.11015625
7 0.759375 0.2703125 0.0625 0.103125