10 0.1359375 0.33125 0.059375 0.096875
7 0.13203125 0.3703125 0.03671875 0.04453125
2 0.13203125 0.39140625 0.02578125 0.03359375
2 0.25859375 0.08359375 0.01875 0.01640625
2 0.39296875 0.08515625 0.03046875 0.0203125
2 0.428125 0.07890625 0.0265625 0.01796875
2 0.53515625 0.03125 0.01484375 0.015625
2 0.5484375 0.03125 0.01484375 0.0140625
0 0.571875 0.03046875 0.01328125 0.01328125
2 0.725 0.065625 0.03046875 0.015625
2 0.759375 0.0609375 0.01796875 0.01875
2 0.80078125 0.2140625 0.021875 0.0234375
2 0.65703125 0.30234375 0.03515625 0.0359375
7 0.71015625 0.31328125 0.03984375 0.03671875
10 0.7015625 0.2640625 0.075 0.09453125
10 0.8765625 0.33359375 0.05625 0.0859375
2 0.86875 0.38359375 0.0234375 0.03828125
2 0.89296875 0.38671875 0.0328125 0.03046875
2 0.928125 0.678125 0.02578125 0.04609375
5 0.9734375 0.73671875 0.01328125 0.034375
3 0.12265625 0.30859375 0.02265625 0.04140625
3 0.71171875 0.253125 0.025 0.0484375
3 0.89375 0.31875 0.02265625 0.05078125