10 0.13515625 0.3296875 0.05859375 0.09296875
2 0.13203125 0.39140625 0.02578125 0.0359375
7 0.128125 0.3609375 0.03515625 0.0265625
2 0.2578125 0.084375 0.02109375 0.01484375
2 0.39375 0.084375 0.02890625 0.01953125
2 0.428125 0.07890625 0.02578125 0.01953125
2 0.53671875 0.03125 0.01484375 0.01640625
2 0.54921875 0.03046875 0.0140625 0.01328125
0 0.57265625 0.03203125 0.01171875 0.01171875
10 0.71484375 0.0375 0.03359375 0.05625
2 0.7578125 0.0609375 0.01875 0.01875
2 0.80078125 0.21328125 0.02265625 0.0234375
2 0.6578125 0.30078125 0.03515625 0.03203125
10 0.70546875 0.26875 0.071875 0.09609375
7 0.71015625 0.303125 0.04375 0.0546875
10 0.8828125 0.3453125 0.0609375 0.08671875
10 0.86875 0.38671875 0.0234375 0.03515625
7 0.89375 0.3859375 0.0328125 0.03515625
2 0.92734375 0.67734375 0.02578125 0.046875
5 0.97265625 0.73671875 0.0125 0.03515625
3 0.1265625 0.30703125 0.0203125 0.04296875
3 0.72109375 0.0265625 0.01484375 0.03125
7 0.725 0.06171875 0.02890625 0.0203125
3 0.71875 0.25234375 0.02421875 0.046875
3 0.8984375 0.33828125 0.025 0.046875