10 0.13515625 0.3296875 0.05859375 0.09296875
2 0.13203125 0.39140625 0.02578125 0.0359375
7 0.12890625 0.36328125 0.034375 0.028125
2 0.2578125 0.084375 0.02109375 0.01484375
2 0.39375 0.084375 0.02890625 0.01953125
2 0.428125 0.07890625 0.02578125 0.01953125
2 0.53671875 0.03125 0.01484375 0.01640625
2 0.54921875 0.03046875 0.0140625 0.01328125
0 0.57265625 0.03203125 0.01171875 0.01171875
10 0.7140625 0.03828125 0.0328125 0.05546875
2 0.7578125 0.0609375 0.01875 0.01875
2 0.80078125 0.21328125 0.02265625 0.0234375
2 0.6578125 0.30078125 0.03515625 0.03203125
10 0.7015625 0.253125 0.0609375 0.11015625
7 0.71015625 0.309375 0.0421875 0.0390625
10 0.884375 0.34375 0.06015625 0.08515625
10 0.86875 0.38671875 0.0234375 0.03515625
7 0.89375 0.38671875 0.0328125 0.03515625
2 0.92734375 0.67734375 0.02578125 0.046875
5 0.97265625 0.73671875 0.0125 0.03515625
3 0.1265625 0.3078125 0.02109375 0.0453125
3 0.72265625 0.03125 0.015625 0.0296875
7 0.725 0.06328125 0.0296875 0.01640625
3 0.70703125 0.225 0.02578125 0.05390625
3 0.8984375 0.3390625 0.02421875 0.0484375