10 0.13515625 0.33125 0.059375 0.096875
7 0.13125 0.36796875 0.034375 0.04921875
2 0.13203125 0.39140625 0.02578125 0.03359375
2 0.2578125 0.084375 0.01875 0.01640625
2 0.39375 0.0859375 0.0296875 0.01875
2 0.428125 0.07890625 0.0265625 0.01796875
2 0.53515625 0.03125 0.01484375 0.015625
2 0.5484375 0.03125 0.01484375 0.0140625
0 0.571875 0.03046875 0.01328125 0.01328125
2 0.725 0.065625 0.03046875 0.015625
2 0.75859375 0.06171875 0.01796875 0.01953125
2 0.80078125 0.2140625 0.021875 0.0234375
2 0.6578125 0.29921875 0.03515625 0.03046875
7 0.71015625 0.31328125 0.03984375 0.03671875
10 0.703125 0.26171875 0.075 0.09375
10 0.884375 0.34375 0.05859375 0.08671875
2 0.86875 0.3859375 0.0234375 0.03828125
7 0.8921875 0.384375 0.03125 0.03125
2 0.928125 0.678125 0.02578125 0.04609375
5 0.9734375 0.734375 0.01328125 0.03046875
3 0.11875 0.3109375 0.02109375 0.04375
3 0.7140625 0.24921875 0.02578125 0.046875
3 0.89921875 0.33828125 0.02421875 0.04453125