10 0.13515625 0.33203125 0.05859375 0.09296875
2 0.13203125 0.39140625 0.02578125 0.0359375
7 0.13203125 0.3703125 0.034375 0.04453125
2 0.259375 0.08515625 0.02109375 0.01484375
2 0.39375 0.084375 0.02890625 0.01875
2 0.428125 0.07890625 0.02578125 0.01953125
2 0.53671875 0.03046875 0.01484375 0.01640625
2 0.54921875 0.03046875 0.0140625 0.01328125
0 0.57265625 0.03125 0.01171875 0.01171875
10 0.71640625 0.04140625 0.03203125 0.05546875
2 0.75703125 0.0609375 0.01875 0.01953125
2 0.80078125 0.21328125 0.02265625 0.0234375
2 0.6578125 0.3 0.03515625 0.03125
10 0.70390625 0.26484375 0.071875 0.09609375
7 0.71015625 0.31015625 0.040625 0.03671875
10 0.8828125 0.34296875 0.059375 0.0859375
10 0.86875 0.38671875 0.0234375 0.034375
7 0.89375 0.38671875 0.0328125 0.034375
2 0.9265625 0.67734375 0.02578125 0.046875
5 0.97265625 0.73671875 0.0125 0.034375
3 0.11875 0.3125 0.02265625 0.04375
3 0.725 0.02890625 0.015625 0.03046875
7 0.72578125 0.0640625 0.028125 0.015625
3 0.71328125 0.25859375 0.02421875 0.0484375
3 0.8984375 0.33671875 0.02421875 0.0453125