10 0.13515625 0.33046875 0.05859375 0.09296875
2 0.13203125 0.39140625 0.02578125 0.0359375
7 0.13125 0.37265625 0.0328125 0.04375
2 0.25859375 0.08359375 0.02109375 0.01484375
2 0.39375 0.08515625 0.02890625 0.01875
2 0.428125 0.07890625 0.02578125 0.01953125
2 0.53671875 0.03046875 0.01484375 0.01640625
2 0.54921875 0.03046875 0.0140625 0.01328125
0 0.57265625 0.03125 0.01171875 0.01171875
10 0.71640625 0.0421875 0.034375 0.05859375
2 0.75859375 0.06171875 0.01875 0.01875
2 0.80078125 0.21328125 0.02265625 0.0234375
2 0.6578125 0.3015625 0.0359375 0.034375
10 0.70078125 0.2578125 0.07421875 0.103125
7 0.709375 0.30859375 0.04140625 0.03828125
10 0.88359375 0.34296875 0.05859375 0.08828125
10 0.86875 0.3859375 0.0234375 0.03359375
7 0.89453125 0.3859375 0.03359375 0.03359375
2 0.92578125 0.67734375 0.02578125 0.046875
5 0.97265625 0.7359375 0.0125 0.03359375
3 0.11953125 0.31328125 0.01953125 0.04296875
3 0.72265625 0.02890625 0.015625 0.03203125
7 0.725 0.05703125 0.03125 0.028125
3 0.71015625 0.240625 0.02734375 0.04921875
3 0.89921875 0.3390625 0.0234375 0.046875