7 0.45234375 0.55 0.18671875 0.3640625
11 0.5609375 0.67421875 0.18828125 0.24296875
7 0.75 0.70703125 0.234375 0.4046875
7 0.8796875 0.36484375 0.1953125 0.275
7 0.1625 0.5421875 0.1828125 0.425
7 0.3921875 0.2296875 0.09609375 0.15703125
11 0.59453125 0.2375 0.12578125 0.24453125
11 0.475 0.31015625 0.16484375 0.3234375
7 0.70234375 0.16015625 0.09609375 0.13359375
7 0.784375 0.15 0.0875 0.225
7 0.85390625 0.10390625 0.078125 0.17109375
7 0.83984375 0.2703125 0.08203125 0.20078125
7 0.59296875 0.425 0.15546875 0.278125