11 0.58046875 0.746875 0.14296875 0.490625
11 0.728125 0.74609375 0.14453125 0.4921875
11 0.69921875 0.48359375 0.115625 0.15859375
11 0.58515625 0.46640625 0.121875 0.2296875
11 0.8515625 0.3609375 0.07734375 0.34140625
11 0.89921875 0.48046875 0.09765625 0.40078125
11 0.95078125 0.590625 0.08671875 0.421875
11 0.27734375 0.7671875 0.1546875 0.45703125
7 0.15546875 0.7671875 0.115625 0.45
11 0.221875 0.44453125 0.125 0.20390625
11 0.3453125 0.63828125 0.11328125 0.48359375
7 0.38125 0.34921875 0.0859375 0.18125
7 0.4234375 0.2390625 0.08046875 0.128125
7 0.3359375 0.2453125 0.06953125 0.12890625
7 0.1265625 0.32265625 0.0875 0.1515625
11 0.0578125 0.5640625 0.09375 0.33828125
7 0.06171875 0.3296875 0.075 0.1578125
11 0.2953125 0.34765625 0.08125 0.1515625