10 0.13515625 0.33046875 0.06015625 0.1109375
7 0.1296875 0.37421875 0.03203125 0.03046875
2 0.13203125 0.39140625 0.02578125 0.03359375
2 0.25703125 0.08125 0.01875 0.01640625
2 0.39296875 0.084375 0.03046875 0.01875
2 0.428125 0.07890625 0.0265625 0.01796875
2 0.53515625 0.03125 0.01484375 0.015625
2 0.5484375 0.03125 0.01484375 0.0140625
0 0.571875 0.03046875 0.01328125 0.01484375
2 0.725 0.065625 0.03046875 0.015625
2 0.759375 0.06015625 0.01796875 0.01875
2 0.80078125 0.2140625 0.021875 0.0234375
2 0.65703125 0.30234375 0.03515625 0.0359375
7 0.71015625 0.30859375 0.03984375 0.03671875
10 0.70390625 0.26171875 0.075 0.09453125
10 0.884375 0.34296875 0.0609375 0.08828125
2 0.86875 0.3859375 0.0234375 0.040625
7 0.89296875 0.3859375 0.0328125 0.03046875
2 0.928125 0.678125 0.02578125 0.04609375
5 0.9734375 0.7359375 0.01328125 0.03203125
3 0.12421875 0.303125 0.02265625 0.04375
3 0.71328125 0.2453125 0.02578125 0.05390625
3 0.8984375 0.334375 0.02421875 0.0484375
2 0.98125 0.759375 0.01796875 0.0640625