10 0.13515625 0.33125 0.059375 0.096875
2 0.13046875 0.37578125 0.0328125 0.03203125
2 0.13203125 0.39140625 0.02578125 0.03359375
2 0.25703125 0.08203125 0.01875 0.01640625
2 0.39296875 0.084375 0.03046875 0.01953125
2 0.428125 0.07890625 0.0265625 0.01796875
2 0.53515625 0.03125 0.01484375 0.015625
2 0.5484375 0.03125 0.01484375 0.0140625
0 0.571875 0.03046875 0.01328125 0.01328125
2 0.725 0.065625 0.03046875 0.015625
2 0.759375 0.0609375 0.01796875 0.01953125
2 0.80078125 0.2140625 0.021875 0.0234375
2 0.65703125 0.30234375 0.03515625 0.0359375
7 0.709375 0.3109375 0.0421875 0.04296875
10 0.7 0.265625 0.07421875 0.103125
10 0.884375 0.34453125 0.05859375 0.0890625
2 0.86875 0.38671875 0.0234375 0.03984375
7 0.89296875 0.384375 0.0328125 0.034375
2 0.928125 0.678125 0.02578125 0.04609375
5 0.9734375 0.7359375 0.01328125 0.03359375
3 0.11953125 0.31171875 0.02265625 0.040625
3 0.709375 0.246875 0.02578125 0.04921875
3 0.89765625 0.33671875 0.02421875 0.0515625
2 0.98125 0.759375 0.0171875 0.0640625