10 0.13515625 0.33125 0.059375 0.096875
2 0.13046875 0.37578125 0.03125 0.034375
2 0.13203125 0.39140625 0.02578125 0.03359375
2 0.25703125 0.08203125 0.01875 0.01640625
2 0.39296875 0.084375 0.03046875 0.01953125
2 0.428125 0.07890625 0.0265625 0.01796875
2 0.53515625 0.03125 0.01484375 0.015625
2 0.5484375 0.03125 0.01484375 0.0140625
7 0.575 0.03125 0.0234375 0.02109375
2 0.725 0.065625 0.03046875 0.015625
2 0.759375 0.0609375 0.01796875 0.01953125
2 0.80078125 0.2140625 0.021875 0.0234375
2 0.65703125 0.30234375 0.03515625 0.0359375
7 0.71171875 0.31328125 0.0390625 0.03671875
10 0.703125 0.2640625 0.075 0.09375
10 0.884375 0.3421875 0.0609375 0.08828125
2 0.86875 0.38671875 0.0234375 0.03984375
7 0.89375 0.3859375 0.03203125 0.03125
2 0.928125 0.678125 0.02578125 0.04609375
5 0.9734375 0.7359375 0.01328125 0.03359375
3 0.1203125 0.309375 0.02265625 0.03984375
3 0.71484375 0.25390625 0.0265625 0.053125
3 0.8984375 0.3359375 0.02578125 0.04609375
2 0.98125 0.75859375 0.01796875 0.0640625