11 0.6015625 0.63984375 0.1375 0.37578125
11 0.73671875 0.65546875 0.14375 0.2890625
11 0.5890625 0.41953125 0.121875 0.271875
7 0.2859375 0.6359375 0.1453125 0.35625
11 0.1515625 0.63125 0.12265625 0.31640625
11 0.309375 0.31640625 0.08046875 0.18984375
11 0.14140625 0.30078125 0.09921875 0.2203125
7 0.853125 0.325 0.06484375 0.38671875
11 0.94765625 0.54375 0.096875 0.49375
11 0.359375 0.6046875 0.11484375 0.60546875
11 0.24140625 0.421875 0.12265625 0.23671875
7 0.67890625 0.31484375 0.09609375 0.2
7 0.70625 0.4484375 0.11015625 0.22265625
7 0.42109375 0.21640625 0.06953125 0.15859375
7 0.0484375 0.4375 0.0875 0.19140625
7 0.39765625 0.31328125 0.078125 0.20859375
7 0.34296875 0.2203125 0.05703125 0.14765625
7 0.58125 0.31328125 0.09296875 0.1953125