11 0.68203125 0.08046875 0.09765625 0.1609375
11 0.86640625 0.0984375 0.1046875 0.15
11 0.57265625 0.3 0.13359375 0.40390625
11 0.9015625 0.3109375 0.15625 0.4203125
7 0.25625 0.3234375 0.12421875 0.37734375
7 0.1515625 0.55625 0.2453125 0.31953125
11 0.6828125 0.51953125 0.175 0.24453125
11 0.75859375 0.77578125 0.2671875 0.43984375
7 0.1203125 0.84609375 0.2375 0.30390625
7 0.46171875 0.85703125 0.309375 0.278125
11 0.221875 0.11796875 0.12109375 0.14765625
7 0.103125 0.10390625 0.09609375 0.1265625