11 0.3296875 0.14140625 0.0640625 0.10234375
11 0.484375 0.14140625 0.05546875 0.125
11 0.5359375 0.15390625 0.0453125 0.0984375
7 0.69921875 0.20234375 0.04921875 0.15625
11 0.3515625 0.19921875 0.096875 0.140625
11 0.4515625 0.25234375 0.10859375 0.19453125
11 0.66640625 0.2484375 0.121875 0.23671875
11 0.9296875 0.31328125 0.13359375 0.221875
11 0.8375 0.5 0.10703125 0.6609375
11 0.73515625 0.61796875 0.1796875 0.75625
7 0.575 0.3015625 0.14453125 0.23515625
11 0.55234375 0.6546875 0.1859375 0.6875
11 0.346875 0.65390625 0.2765625 0.68203125
11 0.0390625 0.19921875 0.0734375 0.13828125
11 0.075 0.21796875 0.1203125 0.20625
7 0.1734375 0.578125 0.20703125 0.84140625