11 0.740625 0.42265625 0.265625 0.428125
11 0.94140625 0.32734375 0.11484375 0.3234375
11 0.9296875 0.2171875 0.0828125 0.18359375
11 0.8390625 0.234375 0.0984375 0.21328125
7 0.61015625 0.21171875 0.0921875 0.23984375
11 0.515625 0.37421875 0.16640625 0.3609375
11 0.41796875 0.2921875 0.134375 0.17734375
7 0.33125 0.2234375 0.10859375 0.228125
11 0.3 0.17109375 0.05390625 0.12109375
11 0.24140625 0.3828125 0.20078125 0.3140625
11 0.36171875 0.70390625 0.4140625 0.58671875
11 0.12265625 0.246875 0.1625 0.2828125
11 0.68203125 0.234375 0.134375 0.22734375