7 0.94453125 0.7953125 0.11015625 0.340625
7 0.8078125 0.76328125 0.13125 0.3640625
7 0.76484375 0.47890625 0.09765625 0.196875
7 0.8953125 0.5265625 0.1171875 0.18125
7 0.75078125 0.334375 0.090625 0.171875
7 0.81953125 0.25390625 0.05859375 0.1453125
7 0.71640625 0.1234375 0.05546875 0.08046875
7 0.771875 0.1296875 0.04765625 0.10859375
7 0.71328125 0.16953125 0.05703125 0.10078125
7 0.7859375 0.18984375 0.0546875 0.08671875
7 0.74453125 0.234375 0.07421875 0.14453125
7 0.62578125 0.15234375 0.06484375 0.1109375
7 0.56953125 0.14296875 0.03671875 0.1125
7 0.5421875 0.2078125 0.0546875 0.13984375
7 0.61015625 0.221875 0.0515625 0.11328125
7 0.58203125 0.30078125 0.06328125 0.14921875
7 0.51875 0.303125 0.0671875 0.1515625
7 0.55546875 0.4265625 0.09609375 0.15859375
7 0.4734375 0.4015625 0.06953125 0.20078125
7 0.41015625 0.596875 0.115625 0.22734375
7 0.5203125 0.6125 0.096875 0.2890625
7 0.478125 0.09453125 0.0484375 0.0859375
7 0.44453125 0.1328125 0.040625 0.09375
7 0.39453125 0.11953125 0.0390625 0.09921875
7 0.41015625 0.18359375 0.04609375 0.1296875
7 0.35390625 0.17734375 0.0546875 0.10703125
7 0.37421875 0.25859375 0.065625 0.12578125
7 0.30234375 0.34453125 0.071875 0.16875
7 0.23515625 0.32421875 0.07265625 0.16796875
7 0.19609375 0.50390625 0.10625 0.23125
7 0.09375 0.5015625 0.1375 0.19140625
7 0.1046875 0.2859375 0.0875 0.1515625
7 0.0578125 0.2546875 0.06953125 0.1390625