10 0.140625 0.33046875 0.0578125 0.0984375
7 0.134375 0.36796875 0.0328125 0.04296875
2 0.13203125 0.39140625 0.02578125 0.03359375
2 0.2578125 0.08359375 0.01875 0.01640625
2 0.39375 0.08203125 0.0296875 0.021875
2 0.428125 0.07890625 0.0265625 0.01796875
2 0.53515625 0.03125 0.01484375 0.015625
2 0.5484375 0.03125 0.01484375 0.0140625
0 0.5703125 0.03046875 0.01484375 0.01484375
2 0.74453125 0.06796875 0.01875 0.01953125
2 0.80078125 0.2140625 0.021875 0.0234375
2 0.6578125 0.3 0.03515625 0.03359375
7 0.70625 0.29375 0.0453125 0.0484375
10 0.7 0.24765625 0.0671875 0.1140625
10 0.884375 0.34296875 0.0609375 0.08828125
2 0.86796875 0.38671875 0.0234375 0.03515625
7 0.89296875 0.384375 0.03046875 0.03125
2 0.928125 0.678125 0.02578125 0.04609375
5 0.9734375 0.73515625 0.01328125 0.03125
3 0.709375 0.21953125 0.0265625 0.05390625
3 0.8984375 0.33125 0.02578125 0.04453125
10 0.71796875 0.03046875 0.040625 0.059375
9 0.7265625 0.01796875 0.015625 0.0296875
3 0.1328125 0.30625 0.02421875 0.04609375
7 0.71875 0.0640625 0.02578125 0.01875
5 0.73359375 0.06875 0.0078125 0.01640625
7 0.7234375 0.04921875 0.02109375 0.0203125
2 0.98125 0.76015625 0.01953125 0.06875