11 0.72890625 0.23125 0.12421875 0.2640625
7 0.61171875 0.16171875 0.0984375 0.2265625
7 0.328125 0.1421875 0.0734375 0.23203125
7 0.525 0.48203125 0.20625 0.54765625
7 0.4 0.3234375 0.14609375 0.365625
7 0.2515625 0.3234375 0.1359375 0.28515625
7 0.1828125 0.19375 0.0796875 0.24609375
7 0.65078125 0.34375 0.14921875 0.38984375
11 0.13359375 0.56171875 0.26484375 0.49453125
11 0.30546875 0.68359375 0.3203125 0.625
11 0.74296875 0.68046875 0.33125 0.63125
7 0.87578125 0.45078125 0.1359375 0.39453125