10 0.13828125 0.328125 0.05703125 0.0984375
7 0.134375 0.36796875 0.0328125 0.04296875
2 0.13203125 0.39140625 0.02578125 0.03359375
2 0.25703125 0.08203125 0.01875 0.01640625
2 0.39375 0.08359375 0.0296875 0.021875
2 0.428125 0.07890625 0.0265625 0.01796875
2 0.53515625 0.03125 0.01484375 0.015625
2 0.5484375 0.03125 0.01484375 0.0140625
0 0.5703125 0.03046875 0.01484375 0.01484375
7 0.75078125 0.06484375 0.01640625 0.028125
2 0.80078125 0.2140625 0.021875 0.0234375
2 0.65703125 0.29921875 0.03515625 0.034375
7 0.703125 0.29453125 0.0453125 0.0484375
10 0.70234375 0.2453125 0.0640625 0.1109375
10 0.884375 0.34296875 0.0609375 0.08828125
2 0.86875 0.3859375 0.0234375 0.03359375
7 0.89296875 0.384375 0.03046875 0.03046875
2 0.928125 0.678125 0.02578125 0.04609375
5 0.9734375 0.7359375 0.01328125 0.03046875
3 0.7125 0.21953125 0.0265625 0.05390625
3 0.89765625 0.3359375 0.02578125 0.04453125
10 0.72265625 0.03125 0.06015625 0.06015625
9 0.71796875 0.015625 0.0140625 0.0296875
3 0.13125 0.30546875 0.0234375 0.04609375
7 0.71796875 0.05859375 0.02265625 0.02109375
5 0.73515625 0.06796875 0.009375 0.01171875
2 0.98125 0.759375 0.01953125 0.06796875