11 0.3640625 0.21328125 0.09375 0.16875
11 0.2609375 0.15390625 0.05703125 0.13046875
11 0.4578125 0.2640625 0.1234375 0.2140625
11 0.64375 0.2140625 0.07109375 0.16484375
11 0.28515625 0.27734375 0.11796875 0.25703125
11 0.925 0.3390625 0.134375 0.21796875
11 0.85703125 0.58828125 0.11484375 0.784375
11 0.6921875 0.30546875 0.11640625 0.184375
11 0.746875 0.63984375 0.16796875 0.7125
11 0.571875 0.4921875 0.17265625 0.38046875
11 0.3625 0.55078125 0.23828125 0.45234375
11 0.19609375 0.590625 0.1984375 0.81640625
11 0.3125 0.1671875 0.05625 0.16640625