7 0.0734375 0.19609375 0.0890625 0.18515625
7 0.234375 0.21796875 0.0734375 0.20234375
7 0.33671875 0.153125 0.040625 0.165625
7 0.3859375 0.16875 0.09296875 0.19296875
7 0.50703125 0.13515625 0.0609375 0.1390625
7 0.7046875 0.2015625 0.053125 0.1359375
7 0.47265625 0.23515625 0.10859375 0.20390625
7 0.596875 0.28125 0.153125 0.2578125
7 0.296875 0.24140625 0.0953125 0.26796875
7 0.20703125 0.59296875 0.1984375 0.7890625
11 0.93671875 0.31328125 0.1265625 0.2046875
11 0.85546875 0.55703125 0.1734375 0.73125
11 0.76484375 0.56640625 0.2 0.8046875
7 0.58984375 0.44609375 0.2078125 0.38359375
7 0.41171875 0.590625 0.27578125 0.79140625