7 0.07265625 0.24609375 0.0828125 0.2125
11 0.3421875 0.16953125 0.053125 0.11328125
11 0.37421875 0.21953125 0.08828125 0.15078125
11 0.49140625 0.17109375 0.06484375 0.13671875
11 0.54453125 0.18125 0.05 0.10703125
11 0.71328125 0.2421875 0.05078125 0.1453125
11 0.8109375 0.24765625 0.08203125 0.14375
7 0.671875 0.2796875 0.1171875 0.22109375
11 0.46640625 0.28828125 0.10546875 0.1734375
11 0.29375 0.27578125 0.121875 0.2453125
11 0.9421875 0.34921875 0.1125 0.17578125
11 0.8515625 0.58125 0.13515625 0.65234375
11 0.74609375 0.62265625 0.18359375 0.7453125
11 0.5734375 0.66796875 0.18359375 0.66171875
11 0.36328125 0.55625 0.25546875 0.42421875
11 0.1859375 0.61875 0.2296875 0.759375