11 0.82578125 0.21171875 0.1140625 0.21171875
7 0.68046875 0.1703125 0.0703125 0.18984375
11 0.7 0.2640625 0.15625 0.19140625
11 0.51484375 0.28984375 0.19765625 0.3015625
11 0.49765625 0.1890625 0.07109375 0.1875
11 0.41640625 0.26953125 0.1421875 0.196875
11 0.340625 0.2234375 0.11015625 0.2109375
7 0.96953125 0.20703125 0.06015625 0.15859375
7 0.2328125 0.175 0.11484375 0.22578125
11 0.096875 0.22109375 0.11796875 0.25625
11 0.14140625 0.32578125 0.1140625 0.26171875
11 0.22578125 0.3515625 0.2328125 0.29140625
11 0.3375 0.70390625 0.49765625 0.58671875
11 0.87578125 0.45 0.246875 0.5546875
7 0.04921875 0.16171875 0.09765625 0.25625