10 0.1390625 0.33046875 0.05859375 0.0984375
7 0.13515625 0.36875 0.03359375 0.04296875
2 0.13359375 0.38984375 0.02578125 0.03359375
2 0.25859375 0.084375 0.01875 0.01640625
2 0.39375 0.08203125 0.02890625 0.01875
2 0.428125 0.07890625 0.0265625 0.01796875
2 0.53515625 0.03125 0.01484375 0.015625
2 0.5484375 0.03125 0.01484375 0.0140625
0 0.56953125 0.02578125 0.01484375 0.015625
2 0.74453125 0.06875 0.01640625 0.01875
2 0.80078125 0.2140625 0.021875 0.0234375
2 0.6578125 0.3015625 0.03515625 0.0359375
7 0.70390625 0.28828125 0.04140625 0.04453125
10 0.70546875 0.2546875 0.0671875 0.09453125
10 0.8828125 0.34453125 0.06015625 0.0890625
2 0.86875 0.38671875 0.0234375 0.034375
2 0.928125 0.678125 0.02578125 0.04609375
5 0.97421875 0.7359375 0.01328125 0.03203125
3 0.72578125 0.24921875 0.02578125 0.04375
3 0.8984375 0.340625 0.02421875 0.05
10 0.715625 0.03359375 0.04140625 0.06484375
3 0.715625 0.015625 0.015625 0.0296875
3 0.1328125 0.30859375 0.02421875 0.04609375
7 0.89375 0.38671875 0.0296875 0.03359375
0 0.72265625 0.065625 0.009375 0.01328125
2 0.98125 0.7609375 0.01953125 0.06484375