10 0.1390625 0.33046875 0.05546875 0.096875
7 0.134375 0.36796875 0.0328125 0.04453125
2 0.13203125 0.38984375 0.02578125 0.03359375
2 0.2578125 0.08359375 0.01875 0.01640625
2 0.39296875 0.084375 0.0296875 0.021875
2 0.428125 0.07890625 0.0265625 0.01796875
2 0.53515625 0.03125 0.01484375 0.015625
2 0.5484375 0.03125 0.01484375 0.0140625
0 0.56953125 0.02421875 0.01484375 0.01796875
2 0.74453125 0.06875 0.01640625 0.01875
2 0.80078125 0.2140625 0.021875 0.0234375
2 0.6578125 0.3015625 0.03515625 0.0359375
2 0.7109375 0.3203125 0.04296875 0.03359375
10 0.703125 0.25390625 0.0609375 0.09296875
10 0.8828125 0.3453125 0.06015625 0.0890625
2 0.86796875 0.38671875 0.0234375 0.03203125
2 0.928125 0.678125 0.02578125 0.04609375
5 0.9734375 0.7359375 0.01328125 0.03828125
3 0.7171875 0.23125 0.025 0.0515625
3 0.8984375 0.3359375 0.02421875 0.05
10 0.71640625 0.0390625 0.0375 0.06015625
3 0.71796875 0.02578125 0.015625 0.03125
3 0.13046875 0.30546875 0.0234375 0.04609375
7 0.89296875 0.3859375 0.02890625 0.0359375
0 0.7234375 0.0609375 0.01640625 0.01640625
2 0.7375 0.3109375 0.0421875 0.0359375
7 0.696875 0.29375 0.02890625 0.025
2 0.98125 0.759375 0.01953125 0.065625