10 0.140625 0.3265625 0.0578125 0.0984375
7 0.134375 0.36875 0.0328125 0.04296875
2 0.13203125 0.390625 0.02578125 0.03359375
2 0.2578125 0.08359375 0.01875 0.01640625
2 0.39375 0.08203125 0.0296875 0.021875
2 0.428125 0.07890625 0.0265625 0.01796875
2 0.53515625 0.03125 0.01484375 0.015625
2 0.5484375 0.03125 0.01484375 0.0140625
0 0.56953125 0.02890625 0.01484375 0.01484375
2 0.74453125 0.06796875 0.01875 0.01953125
2 0.80078125 0.2140625 0.021875 0.0234375
2 0.6578125 0.2984375 0.03515625 0.03046875
7 0.7015625 0.290625 0.04296875 0.0484375
10 0.696875 0.24375 0.0640625 0.1046875
10 0.87734375 0.34140625 0.0796875 0.0984375
2 0.86875 0.38671875 0.0234375 0.03203125
2 0.928125 0.678125 0.02578125 0.04609375
5 0.97265625 0.73515625 0.01328125 0.03125
3 0.7015625 0.21875 0.02578125 0.05390625
3 0.884375 0.321875 0.0234375 0.05
10 0.71328125 0.0328125 0.03984375 0.0546875
3 0.71640625 0.0234375 0.015625 0.03125
3 0.134375 0.30390625 0.0234375 0.04609375
7 0.721875 0.0625 0.03203125 0.01953125
2 0.89296875 0.38671875 0.03203125 0.03046875
2 0.98203125 0.76015625 0.01953125 0.06640625