10 0.1390625 0.33046875 0.05546875 0.096875
7 0.13515625 0.365625 0.03359375 0.04453125
2 0.1328125 0.39140625 0.02578125 0.03359375
2 0.2578125 0.08359375 0.01875 0.01640625
2 0.39375 0.084375 0.0296875 0.021875
2 0.428125 0.07890625 0.0265625 0.01796875
2 0.53515625 0.03125 0.01484375 0.015625
2 0.5484375 0.03125 0.01484375 0.0140625
0 0.56875 0.02890625 0.01484375 0.01484375
2 0.74453125 0.06875 0.01640625 0.01875
2 0.8015625 0.21328125 0.021875 0.0234375
2 0.6578125 0.3015625 0.03515625 0.0359375
2 0.7109375 0.31875 0.04375 0.034375
10 0.70703125 0.25859375 0.071875 0.090625
10 0.87890625 0.34296875 0.05078125 0.09921875
2 0.86796875 0.38671875 0.0234375 0.03359375
2 0.928125 0.678125 0.02578125 0.04609375
5 0.9734375 0.73515625 0.01484375 0.03671875
3 0.73203125 0.246875 0.025 0.0515625
3 0.88828125 0.32890625 0.02421875 0.05
10 0.71640625 0.0390625 0.0375 0.06015625
3 0.71796875 0.025 0.01484375 0.03125
3 0.13046875 0.30625 0.0234375 0.04609375
7 0.89609375 0.3890625 0.02890625 0.03515625
0 0.7234375 0.0609375 0.01640625 0.01640625
2 0.7359375 0.309375 0.04296875 0.03671875
2 0.98203125 0.76015625 0.01953125 0.06875