10 0.14296875 0.31953125 0.053125 0.10390625
7 0.128125 0.36171875 0.03515625 0.02421875
2 0.1328125 0.38984375 0.02734375 0.03359375
2 0.2578125 0.08125 0.01953125 0.01640625
2 0.39375 0.08203125 0.02890625 0.01875
2 0.428125 0.0796875 0.0265625 0.01875
2 0.53515625 0.03125 0.01484375 0.01796875
2 0.54921875 0.03125 0.0140625 0.0140625
0 0.56953125 0.02890625 0.01484375 0.0140625
10 0.71640625 0.03671875 0.03828125 0.05546875
2 0.74375 0.06796875 0.01640625 0.015625
2 0.80078125 0.2140625 0.02265625 0.02421875
2 0.6578125 0.3015625 0.03515625 0.03515625
10 0.70390625 0.2671875 0.07421875 0.1046875
7 0.70625 0.31796875 0.04375 0.04375
2 0.7421875 0.31640625 0.02734375 0.03515625
10 0.88203125 0.346875 0.0609375 0.09375
2 0.86875 0.38828125 0.0234375 0.03671875
2 0.928125 0.678125 0.02578125 0.04609375
5 0.97265625 0.7359375 0.01328125 0.03671875
2 0.98203125 0.759375 0.02109375 0.06875
7 0.8890625 0.3890625 0.01875 0.0359375
3 0.134375 0.29453125 0.0203125 0.04921875
3 0.71484375 0.24453125 0.025 0.053125
3 0.9 0.34765625 0.0234375 0.04921875
3 0.71953125 0.02578125 0.01484375 0.03046875
0 0.7203125 0.05703125 0.0171875 0.01640625