10 0.14375 0.3203125 0.053125 0.1
7 0.13203125 0.36015625 0.03671875 0.02421875
2 0.1328125 0.38984375 0.02734375 0.03359375
2 0.2578125 0.08125 0.01953125 0.01640625
2 0.39375 0.08203125 0.02890625 0.01875
2 0.428125 0.0796875 0.0265625 0.01875
2 0.53515625 0.03125 0.01484375 0.01796875
2 0.54921875 0.03125 0.0140625 0.0140625
0 0.56953125 0.02890625 0.01484375 0.0140625
10 0.71640625 0.03828125 0.03828125 0.05859375
2 0.74375 0.06796875 0.01640625 0.015625
2 0.80078125 0.2140625 0.02265625 0.02421875
2 0.6578125 0.3015625 0.03515625 0.03515625
10 0.7015625 0.2640625 0.071875 0.10625
7 0.70625 0.31796875 0.04453125 0.04140625
2 0.74140625 0.31640625 0.02734375 0.03515625
10 0.88046875 0.34765625 0.06015625 0.096875
2 0.86875 0.38828125 0.0234375 0.03671875
2 0.928125 0.678125 0.02578125 0.04609375
5 0.97265625 0.7359375 0.01328125 0.03671875
2 0.98203125 0.759375 0.02109375 0.06875
7 0.8890625 0.3890625 0.01875 0.0359375
3 0.134375 0.296875 0.02109375 0.0484375
3 0.7125 0.240625 0.02578125 0.053125
3 0.89921875 0.3484375 0.021875 0.0484375
3 0.7203125 0.02578125 0.01484375 0.03125
0 0.72421875 0.05859375 0.015625 0.015625