10 0.1421875 0.32890625 0.04765625 0.09296875
7 0.12890625 0.3765625 0.03046875 0.04296875
2 0.1328125 0.390625 0.02578125 0.03515625
2 0.2578125 0.08359375 0.01953125 0.01640625
2 0.39375 0.084375 0.02890625 0.01875
2 0.428125 0.0796875 0.0265625 0.01875
2 0.53515625 0.03125 0.01484375 0.01796875
2 0.54921875 0.03125 0.0140625 0.0140625
0 0.56953125 0.02890625 0.01484375 0.0140625
10 0.71640625 0.03828125 0.03828125 0.05546875
2 0.74375 0.06796875 0.01640625 0.015625
2 0.80078125 0.2140625 0.02265625 0.02421875
2 0.6578125 0.3015625 0.03515625 0.034375
10 0.709375 0.2703125 0.06328125 0.10546875
7 0.70546875 0.31796875 0.04296875 0.040625
2 0.7421875 0.315625 0.02734375 0.03515625
10 0.88046875 0.3515625 0.06015625 0.08984375
2 0.86875 0.38828125 0.0234375 0.03671875
2 0.928125 0.678125 0.02578125 0.04609375
5 0.97265625 0.73359375 0.01328125 0.03671875
2 0.98203125 0.76015625 0.02109375 0.06875
3 0.1390625 0.30859375 0.02265625 0.0484375
3 0.71953125 0.0265625 0.015625 0.03046875
0 0.72265625 0.0578125 0.01640625 0.015625
3 0.7109375 0.259375 0.02421875 0.046875
3 0.8984375 0.35390625 0.025 0.04453125
7 0.8890625 0.38828125 0.01953125 0.034375