10 0.14140625 0.31875 0.053125 0.10390625
7 0.134375 0.3625 0.0296875 0.01953125
2 0.1328125 0.38984375 0.02734375 0.03359375
2 0.2578125 0.08125 0.01953125 0.01640625
2 0.39375 0.08203125 0.02890625 0.01875
2 0.428125 0.0796875 0.0265625 0.01875
2 0.53515625 0.03125 0.01484375 0.01796875
2 0.54921875 0.03125 0.0140625 0.0140625
0 0.56953125 0.02890625 0.01484375 0.0140625
10 0.71640625 0.03671875 0.03828125 0.05546875
2 0.74375 0.06796875 0.01640625 0.015625
2 0.80078125 0.2140625 0.02265625 0.02421875
2 0.6578125 0.3015625 0.03515625 0.03515625
10 0.703125 0.25703125 0.0671875 0.09375
2 0.7046875 0.32109375 0.04375 0.034375
2 0.74140625 0.31640625 0.02734375 0.03515625
10 0.88203125 0.3453125 0.05859375 0.1015625
2 0.86875 0.38828125 0.0234375 0.03671875
2 0.928125 0.678125 0.02578125 0.04609375
5 0.97265625 0.7359375 0.01328125 0.03671875
2 0.98203125 0.759375 0.02109375 0.06875
7 0.8890625 0.3890625 0.01875 0.0359375
3 0.13671875 0.29453125 0.02265625 0.05
3 0.715625 0.25078125 0.02578125 0.05078125
7 0.70546875 0.3 0.03125 0.03125
3 0.8984375 0.33984375 0.02421875 0.04453125
3 0.71953125 0.02578125 0.015625 0.03125
0 0.72265625 0.05703125 0.015625 0.015625