10 0.14140625 0.32109375 0.0484375 0.0953125
7 0.1296875 0.37109375 0.0328125 0.04609375
2 0.13203125 0.390625 0.028125 0.03359375
2 0.2578125 0.08359375 0.01953125 0.01640625
2 0.39375 0.084375 0.02890625 0.01875
2 0.428125 0.0796875 0.0265625 0.01875
2 0.53515625 0.03125 0.01484375 0.01796875
2 0.54921875 0.03125 0.0140625 0.0140625
0 0.56953125 0.02890625 0.01484375 0.0140625
10 0.71640625 0.03828125 0.03828125 0.05546875
2 0.74375 0.06796875 0.01640625 0.015625
2 0.80078125 0.2140625 0.02265625 0.02421875
2 0.6578125 0.3015625 0.03515625 0.034375
10 0.70390625 0.26796875 0.07421875 0.1109375
7 0.70625 0.31875 0.04375 0.04140625
2 0.7421875 0.315625 0.02734375 0.03515625
10 0.88125 0.34921875 0.06171875 0.09296875
2 0.86875 0.38828125 0.0234375 0.03671875
2 0.928125 0.678125 0.02578125 0.04609375
5 0.97265625 0.73359375 0.01328125 0.03671875
2 0.98203125 0.76015625 0.02109375 0.06875
3 0.13359375 0.30078125 0.02109375 0.05
3 0.71328125 0.2484375 0.02421875 0.05
3 0.9 0.340625 0.02421875 0.046875
7 0.890625 0.38828125 0.01953125 0.03515625
3 0.71953125 0.02578125 0.01484375 0.03125
0 0.7234375 0.05859375 0.01484375 0.01796875