7 0.23828125 0.13671875 0.02578125 0.021875
3 0.2421875 0.10078125 0.01328125 0.0296875
10 0.24765625 0.11171875 0.03671875 0.0484375
5 0.39375 0.0859375 0.01171875 0.00703125
7 0.38828125 0.0859375 0.02734375 0.01953125
2 0.428125 0.0796875 0.0234375 0.01484375
3 0.396875 0.03671875 0.0140625 0.03125
10 0.3921875 0.0546875 0.04296875 0.06484375
2 0.53671875 0.03203125 0.0140625 0.01171875
0 0.56953125 0.03125 0.0125 0.01328125
0 0.73046875 0.06171875 0.0140625 0.01015625
3 0.72265625 0.02890625 0.01328125 0.028125
10 0.7171875 0.04140625 0.040625 0.0546875
2 0.79140625 0.209375 0.028125 0.01953125
3 0.7984375 0.16875 0.01640625 0.03359375
1 0.78984375 0.1734375 0.03671875 0.065625
2 0.66015625 0.3 0.03359375 0.03125
2 0.709375 0.32578125 0.03984375 0.03046875
3 0.70390625 0.20625 0.02109375 0.0453125
10 0.70703125 0.24375 0.07265625 0.121875
8 0.896875 0.35546875 0.01796875 0.03671875
1 0.88046875 0.34921875 0.05390625 0.08046875
2 0.86171875 0.38046875 0.02890625 0.03671875
2 0.928125 0.678125 0.02578125 0.046875