7 0.23828125 0.13671875 0.02421875 0.02421875
3 0.24296875 0.096875 0.0125 0.02890625
10 0.24765625 0.109375 0.0359375 0.05625
5 0.39453125 0.0875 0.01171875 0.01015625
7 0.38671875 0.0859375 0.0265625 0.02109375
3 0.38984375 0.0390625 0.01484375 0.03203125
10 0.39296875 0.05546875 0.04296875 0.0640625
2 0.428125 0.07890625 0.0234375 0.015625
2 0.53671875 0.0328125 0.01328125 0.0140625
0 0.56953125 0.03125 0.01328125 0.01328125
0 0.73125 0.06328125 0.01484375 0.0109375
3 0.72578125 0.03203125 0.0125 0.02890625
10 0.71875 0.04296875 0.03828125 0.0515625
2 0.709375 0.325 0.0390625 0.03359375
2 0.66015625 0.3015625 0.03359375 0.03046875
3 0.71796875 0.221875 0.02109375 0.04296875
10 0.69921875 0.2484375 0.06796875 0.09375
8 0.89609375 0.35625 0.01796875 0.034375
1 0.88125 0.34921875 0.05234375 0.08046875
2 0.86171875 0.38125 0.02890625 0.03671875
2 0.92734375 0.6765625 0.02578125 0.0484375