2 0.23828125 0.140625 0.02578125 0.01953125
3 0.23828125 0.0890625 0.0125 0.028125
10 0.24296875 0.10625 0.04609375 0.065625
5 0.39375 0.08671875 0.01171875 0.00625
7 0.38671875 0.084375 0.028125 0.021875
3 0.38828125 0.03046875 0.01328125 0.03125
10 0.39375 0.0484375 0.0484375 0.06953125
2 0.428125 0.07890625 0.0234375 0.01484375
2 0.53671875 0.03046875 0.0140625 0.01328125
0 0.56875 0.03046875 0.01328125 0.01328125
0 0.73125 0.059375 0.01484375 0.01328125
3 0.72265625 0.02890625 0.0125 0.0265625
10 0.71875 0.04140625 0.0390625 0.05390625
2 0.790625 0.20390625 0.02890625 0.021875
3 0.7921875 0.14765625 0.01484375 0.03046875
10 0.78125 0.165625 0.03671875 0.06640625
2 0.659375 0.29921875 0.03359375 0.03125
7 0.709375 0.31796875 0.03984375 0.0453125
3 0.71328125 0.26875 0.021875 0.040625
1 0.7046875 0.2671875 0.06796875 0.096875
8 0.89453125 0.35546875 0.01875 0.03671875
1 0.88125 0.34765625 0.0515625 0.08046875
2 0.86171875 0.38046875 0.02890625 0.03671875
2 0.928125 0.678125 0.0265625 0.04609375