2 0.2390625 0.140625 0.02421875 0.01796875
9 0.24921875 0.06953125 0.01328125 0.0265625
10 0.25 0.096875 0.0296875 0.08046875
5 0.39453125 0.08828125 0.01171875 0.009375
7 0.38671875 0.08671875 0.0265625 0.0203125
3 0.38984375 0.06171875 0.015625 0.02890625
1 0.3859375 0.06796875 0.05234375 0.0453125
2 0.428125 0.07890625 0.0234375 0.015625
2 0.53671875 0.03203125 0.01484375 0.01484375
0 0.5703125 0.03125 0.01328125 0.01328125
0 0.73125 0.0625 0.01484375 0.01171875
3 0.72421875 0.03046875 0.0125 0.0265625
10 0.71875 0.0421875 0.03984375 0.0546875
7 0.79375 0.20859375 0.02734375 0.0234375
3 0.7984375 0.15625 0.01640625 0.03359375
10 0.78828125 0.17265625 0.03828125 0.06796875
2 0.659375 0.30078125 0.03359375 0.03125
2 0.709375 0.32578125 0.03984375 0.03046875
7 0.703125 0.29609375 0.03046875 0.03046875
3 0.70390625 0.23046875 0.021875 0.04453125
10 0.69609375 0.253125 0.06171875 0.09375
8 0.89609375 0.35546875 0.01875 0.03515625
1 0.88125 0.35078125 0.05234375 0.08046875
2 0.86171875 0.38125 0.028125 0.034375
2 0.92734375 0.678125 0.02578125 0.046875