2 0.23828125 0.13828125 0.02578125 0.01953125
3 0.240625 0.0859375 0.0125 0.0296875
10 0.24375 0.10625 0.04609375 0.0703125
5 0.39453125 0.0859375 0.0125 0.00546875
7 0.3875 0.0859375 0.02734375 0.02109375
3 0.39765625 0.0359375 0.01484375 0.03046875
2 0.428125 0.07890625 0.0234375 0.015625
10 0.3921875 0.05390625 0.04296875 0.065625
2 0.53671875 0.03125 0.0140625 0.01171875
0 0.56875 0.03046875 0.01328125 0.01328125
0 0.73125 0.06328125 0.015625 0.01328125
3 0.7234375 0.03046875 0.0125 0.0265625
10 0.71875 0.04140625 0.0390625 0.053125
2 0.790625 0.20390625 0.02734375 0.0203125
3 0.79140625 0.14375 0.015625 0.03125
10 0.78125 0.1640625 0.03828125 0.07421875
2 0.66015625 0.29921875 0.034375 0.03046875
2 0.709375 0.325 0.0390625 0.03125
3 0.71171875 0.2609375 0.02109375 0.04140625
1 0.703125 0.2609375 0.0703125 0.090625
8 0.89453125 0.35625 0.01875 0.034375
1 0.87890625 0.3484375 0.05390625 0.0796875
2 0.86171875 0.38046875 0.02890625 0.03671875
2 0.928125 0.67734375 0.0265625 0.046875