2 0.928125 0.67734375 0.0265625 0.04921875
8 0.89609375 0.3546875 0.01875 0.03515625
1 0.8796875 0.34921875 0.05546875 0.08046875
2 0.86171875 0.38125 0.02890625 0.03671875
2 0.66015625 0.30078125 0.034375 0.03203125
2 0.709375 0.32578125 0.03984375 0.03125
7 0.7046875 0.29765625 0.03046875 0.03046875
3 0.71484375 0.25859375 0.02109375 0.04140625
1 0.70625 0.25859375 0.0671875 0.0859375
7 0.7921875 0.20859375 0.0265625 0.02421875
3 0.7984375 0.165625 0.01640625 0.03359375
10 0.78828125 0.17578125 0.03984375 0.0703125
0 0.73125 0.0625 0.015625 0.01171875
3 0.72421875 0.0296875 0.0125 0.028125
10 0.71875 0.04140625 0.0390625 0.05390625
2 0.5375 0.0328125 0.0140625 0.01171875
0 0.5703125 0.03203125 0.0125 0.0140625
7 0.38671875 0.08671875 0.02578125 0.02109375
5 0.39453125 0.08828125 0.01171875 0.009375
3 0.39609375 0.03203125 0.01484375 0.03203125
10 0.39296875 0.05078125 0.04296875 0.07109375
2 0.42734375 0.0796875 0.02421875 0.01484375
7 0.23828125 0.13828125 0.025 0.0234375
3 0.24140625 0.08671875 0.01328125 0.02890625
10 0.246875 0.1046875 0.03828125 0.06640625