2 0.23828125 0.1390625 0.02578125 0.01875
3 0.23828125 0.09296875 0.01484375 0.02890625
10 0.2421875 0.10546875 0.03671875 0.05703125
5 0.39453125 0.08671875 0.01171875 0.00859375
7 0.38046875 0.0859375 0.015625 0.0203125
3 0.39296875 0.05390625 0.01484375 0.0296875
1 0.3875 0.06171875 0.04765625 0.0453125
2 0.4265625 0.07890625 0.025 0.015625
2 0.53671875 0.03046875 0.0140625 0.01328125
0 0.56953125 0.03125 0.01328125 0.0140625
0 0.72265625 0.065625 0.01796875 0.015625
3 0.71875 0.03046875 0.0125 0.028125
1 0.71640625 0.04375 0.0375 0.05546875
7 0.79453125 0.20625 0.028125 0.0265625
3 0.796875 0.15546875 0.01640625 0.03359375
10 0.78515625 0.16875 0.03828125 0.06796875
8 0.89765625 0.35546875 0.01796875 0.03671875
1 0.88125 0.34921875 0.0515625 0.08125
2 0.86171875 0.38046875 0.02890625 0.03515625
2 0.66015625 0.29921875 0.03359375 0.03046875
2 0.709375 0.32421875 0.03984375 0.03046875
3 0.70078125 0.24921875 0.021875 0.04140625
1 0.7 0.25546875 0.0625 0.0890625
2 0.928125 0.67890625 0.02578125 0.04609375