2 0.2375 0.13828125 0.02734375 0.01875
3 0.2390625 0.08828125 0.01328125 0.0265625
10 0.24296875 0.10625 0.0453125 0.0703125
0 0.39375 0.08125 0.01328125 0.0140625
3 0.40078125 0.0359375 0.015625 0.03046875
10 0.39296875 0.05546875 0.04296875 0.06875
2 0.4265625 0.0796875 0.02421875 0.01484375
2 0.53671875 0.03046875 0.0140625 0.0109375
0 0.56953125 0.03046875 0.0125 0.01328125
7 0.72109375 0.05703125 0.0296875 0.0234375
3 0.71875 0.01953125 0.01328125 0.0265625
10 0.71328125 0.0328125 0.04296875 0.053125
2 0.66015625 0.29921875 0.034375 0.03125
7 0.6984375 0.29609375 0.02890625 0.03046875
2 0.709375 0.32734375 0.03984375 0.02890625
3 0.7109375 0.24921875 0.02109375 0.04453125
10 0.70234375 0.25625 0.0640625 0.090625
7 0.79765625 0.20625 0.01796875 0.0234375
3 0.7953125 0.15546875 0.015625 0.03125
10 0.78515625 0.1734375 0.034375 0.06875
8 0.8953125 0.35625 0.01875 0.0359375
2 0.86171875 0.38046875 0.0296875 0.03671875
1 0.87890625 0.346875 0.05390625 0.0765625
2 0.92734375 0.67890625 0.02578125 0.04609375