2 0.2375 0.1390625 0.0265625 0.01796875
9 0.253125 0.06796875 0.01484375 0.03125
10 0.24765625 0.09453125 0.04609375 0.08515625
5 0.39453125 0.08828125 0.0125 0.009375
7 0.3875 0.08671875 0.02734375 0.021875
3 0.390625 0.0609375 0.01484375 0.02890625
1 0.38671875 0.0671875 0.05234375 0.0453125
2 0.428125 0.07890625 0.02421875 0.01484375
2 0.53671875 0.03203125 0.0140625 0.01328125
0 0.5703125 0.03125 0.01328125 0.01328125
0 0.73046875 0.06328125 0.01484375 0.01328125
3 0.72421875 0.03046875 0.01328125 0.0265625
10 0.71875 0.04140625 0.03828125 0.0546875
2 0.79140625 0.209375 0.02890625 0.02421875
3 0.796875 0.1671875 0.01640625 0.034375
10 0.78671875 0.175 0.03671875 0.059375
2 0.659375 0.3 0.03359375 0.03359375
2 0.71015625 0.32578125 0.040625 0.03125
7 0.7046875 0.296875 0.0296875 0.03125
3 0.71328125 0.2484375 0.02109375 0.04140625
10 0.70546875 0.259375 0.06875 0.0890625
8 0.89609375 0.35546875 0.01875 0.03515625
1 0.88046875 0.34921875 0.05390625 0.0796875
2 0.86171875 0.38125 0.028125 0.03515625
2 0.928125 0.67890625 0.02578125 0.0453125