7 0.23828125 0.13359375 0.025 0.02109375
3 0.24296875 0.0984375 0.0140625 0.03046875
10 0.2484375 0.10859375 0.03671875 0.0515625
5 0.39453125 0.0859375 0.0125 0.00625
7 0.3875 0.084375 0.02734375 0.01953125
3 0.396875 0.034375 0.01484375 0.03046875
10 0.39296875 0.053125 0.04296875 0.06796875
2 0.428125 0.0796875 0.0234375 0.01484375
2 0.53671875 0.03046875 0.0140625 0.01328125
0 0.56953125 0.03125 0.0125 0.0140625
0 0.73125 0.0609375 0.01640625 0.01640625
3 0.72578125 0.03046875 0.01328125 0.028125
1 0.71875 0.04296875 0.0390625 0.05390625
2 0.79140625 0.20703125 0.02734375 0.021875
3 0.8 0.1609375 0.01640625 0.03046875
10 0.78984375 0.16953125 0.0390625 0.06171875
2 0.66015625 0.29921875 0.03359375 0.03046875
2 0.709375 0.325 0.03984375 0.03125
3 0.70625 0.23125 0.0203125 0.04296875
10 0.70078125 0.2515625 0.06171875 0.08984375
8 0.89609375 0.35625 0.01796875 0.0359375
8 0.87890625 0.3484375 0.05390625 0.08046875
2 0.8609375 0.38046875 0.02890625 0.03671875
2 0.9265625 0.678125 0.02578125 0.0453125