2 0.2375 0.13984375 0.0296875 0.0203125
9 0.284375 0.01796875 0.01640625 0.02890625
10 0.29609375 0.0890625 0.03984375 0.17109375
5 0.396875 0.0828125 0.0125 0.01015625
7 0.390625 0.08515625 0.02578125 0.021875
3 0.39296875 0.05546875 0.015625 0.028125
1 0.3875 0.06328125 0.04921875 0.046875
2 0.428125 0.07890625 0.02265625 0.0140625
2 0.53671875 0.03203125 0.01484375 0.01328125
5 0.5703125 0.03203125 0.00703125 0.00859375
0 0.73046875 0.06328125 0.0140625 0.01328125
3 0.7234375 0.02890625 0.0125 0.02890625
10 0.71875 0.04140625 0.03828125 0.05390625
3 0.7890625 0.140625 0.01484375 0.034375
10 0.78203125 0.1609375 0.03671875 0.0765625
2 0.66015625 0.3015625 0.03359375 0.0296875
7 0.7140625 0.31953125 0.040625 0.04453125
3 0.71640625 0.25 0.02109375 0.05
1 0.70859375 0.2703125 0.06875 0.0984375
8 0.89609375 0.35625 0.01953125 0.03515625
1 0.88203125 0.3484375 0.05078125 0.07890625
2 0.86171875 0.38125 0.02890625 0.03515625
2 0.928125 0.678125 0.02578125 0.04453125