2 0.23671875 0.14140625 0.02578125 0.01640625
3 0.23671875 0.0984375 0.01328125 0.0296875
10 0.24140625 0.1109375 0.04296875 0.0546875
5 0.39765625 0.08359375 0.0125 0.009375
0 0.38984375 0.08515625 0.028125 0.02421875
3 0.38828125 0.04921875 0.0140625 0.03203125
1 0.3859375 0.059375 0.05078125 0.053125
2 0.428125 0.0796875 0.0234375 0.01484375
2 0.5375 0.03359375 0.0140625 0.01328125
2 0.57734375 0.034375 0.025 0.01484375
0 0.5671875 0.0265625 0.01015625 0.01328125
3 0.7171875 0.03125 0.01171875 0.028125
0 0.7234375 0.06640625 0.01640625 0.0140625
10 0.715625 0.04296875 0.03671875 0.0546875
7 0.7984375 0.21015625 0.01953125 0.02421875
9 0.7984375 0.153125 0.01640625 0.03359375
10 0.790625 0.1734375 0.04140625 0.078125
2 0.66015625 0.30078125 0.034375 0.0296875
2 0.71640625 0.328125 0.03828125 0.02890625
7 0.70625 0.30546875 0.02890625 0.01796875
3 0.7234375 0.26953125 0.01953125 0.03828125
1 0.71484375 0.271875 0.07265625 0.08828125
8 0.896875 0.35625 0.0171875 0.034375
1 0.88125 0.35 0.05234375 0.0796875
2 0.8625 0.38125 0.02890625 0.03671875
2 0.92734375 0.67890625 0.02578125 0.04453125