7 0.2375 0.140625 0.0265625 0.01640625
3 0.240625 0.09375 0.01328125 0.02890625
10 0.24140625 0.11171875 0.04375 0.0640625
5 0.396875 0.08359375 0.0125 0.009375
7 0.38984375 0.084375 0.02890625 0.0234375
3 0.390625 0.05390625 0.01484375 0.02890625
1 0.3859375 0.0640625 0.05078125 0.04609375
2 0.428125 0.0796875 0.02421875 0.01484375
2 0.53671875 0.0328125 0.01328125 0.0140625
0 0.56796875 0.0265625 0.01015625 0.0109375
2 0.5765625 0.03359375 0.02421875 0.0140625
3 0.71796875 0.03046875 0.01171875 0.0265625
0 0.7234375 0.065625 0.01796875 0.01328125
10 0.71640625 0.04375 0.0375 0.05546875
9 0.7984375 0.15234375 0.01796875 0.03203125
7 0.79921875 0.21171875 0.01875 0.025
10 0.790625 0.17265625 0.04140625 0.0765625
2 0.659375 0.3015625 0.03515625 0.03046875
2 0.715625 0.328125 0.03828125 0.03046875
3 0.7046875 0.21796875 0.02109375 0.0484375
10 0.7046875 0.246875 0.06953125 0.10546875
8 0.89609375 0.35625 0.01875 0.0359375
1 0.88046875 0.34921875 0.05390625 0.08125
2 0.86171875 0.38125 0.02890625 0.0359375
2 0.928125 0.67890625 0.02578125 0.04609375