2 0.2390625 0.1421875 0.02421875 0.015625
3 0.2359375 0.0984375 0.0140625 0.02890625
10 0.240625 0.1109375 0.04140625 0.0546875
5 0.396875 0.08359375 0.0125 0.00859375
7 0.3890625 0.0859375 0.02578125 0.02109375
3 0.39375 0.0515625 0.0140625 0.0296875
1 0.3875 0.06171875 0.04609375 0.04921875
2 0.428125 0.07890625 0.0234375 0.015625
2 0.5375 0.03203125 0.0140625 0.01328125
0 0.56796875 0.0265625 0.01171875 0.01328125
2 0.57734375 0.034375 0.02421875 0.01328125
3 0.71640625 0.0296875 0.01171875 0.028125
0 0.7234375 0.065625 0.01796875 0.01328125
10 0.71640625 0.04375 0.0375 0.05703125
7 0.7984375 0.2125 0.01953125 0.0234375
3 0.796875 0.159375 0.01640625 0.034375
10 0.7921875 0.17734375 0.03984375 0.075
2 0.66015625 0.3015625 0.034375 0.03046875
2 0.71640625 0.32890625 0.03828125 0.0296875
0 0.70859375 0.2953125 0.0265625 0.02421875
3 0.71328125 0.24453125 0.021875 0.04296875
10 0.7078125 0.2609375 0.06953125 0.0984375
8 0.89609375 0.35625 0.01875 0.03515625
1 0.88046875 0.35 0.053125 0.08125
2 0.86171875 0.38125 0.02890625 0.03671875
2 0.928125 0.678125 0.02578125 0.04609375