2 0.23828125 0.140625 0.02578125 0.01875
5 0.3953125 0.08828125 0.01015625 0.00859375
7 0.38828125 0.08671875 0.0265625 0.021875
3 0.39140625 0.05703125 0.015625 0.02890625
1 0.3875 0.065625 0.05390625 0.04609375
2 0.428125 0.08046875 0.0234375 0.0140625
2 0.5375 0.0328125 0.0140625 0.01171875
0 0.56953125 0.03203125 0.0140625 0.01328125
0 0.73046875 0.06328125 0.01484375 0.01171875
3 0.72265625 0.02890625 0.0125 0.028125
10 0.71796875 0.040625 0.03828125 0.05390625
7 0.7953125 0.20546875 0.02578125 0.025
3 0.79453125 0.16875 0.01640625 0.03515625
10 0.7859375 0.17109375 0.0359375 0.059375
2 0.66015625 0.3015625 0.034375 0.03046875
2 0.7109375 0.3265625 0.03984375 0.03046875
2 0.7078125 0.3 0.03203125 0.02578125
3 0.71796875 0.25390625 0.02265625 0.0453125
1 0.70703125 0.26640625 0.06875 0.09140625
8 0.89609375 0.35703125 0.01796875 0.03515625
1 0.88046875 0.3484375 0.05234375 0.08046875
2 0.8625 0.38203125 0.02890625 0.0359375
2 0.92734375 0.678125 0.02578125 0.046875