2 0.2375 0.140625 0.0265625 0.0203125
0 0.39609375 0.078125 0.01328125 0.01875
3 0.38671875 0.0359375 0.01328125 0.03046875
10 0.3890625 0.05390625 0.04765625 0.06640625
2 0.428125 0.07890625 0.02265625 0.015625
2 0.53671875 0.0328125 0.01328125 0.01171875
0 0.56953125 0.03203125 0.01484375 0.01328125
0 0.73125 0.06171875 0.01484375 0.01328125
3 0.7234375 0.03046875 0.01328125 0.0265625
10 0.71875 0.04140625 0.0390625 0.05390625
3 0.7875 0.13984375 0.015625 0.03125
10 0.78046875 0.16171875 0.0375 0.0765625
2 0.66015625 0.3015625 0.034375 0.03046875
2 0.71015625 0.32578125 0.0390625 0.03046875
7 0.7109375 0.30078125 0.02890625 0.02578125
0 0.6953125 0.29140625 0.01328125 0.0203125
3 0.71328125 0.24765625 0.01953125 0.05078125
1 0.7078125 0.26640625 0.06953125 0.08984375
8 0.89609375 0.35625 0.01875 0.0359375
1 0.88203125 0.3484375 0.05 0.08046875
2 0.86171875 0.38125 0.0296875 0.03671875
2 0.92734375 0.678125 0.02578125 0.04609375