2 0.23828125 0.140625 0.02734375 0.01953125
5 0.3953125 0.08828125 0.01015625 0.00859375
7 0.38828125 0.08828125 0.02578125 0.02421875
3 0.390625 0.06171875 0.01484375 0.02890625
1 0.38671875 0.06640625 0.05390625 0.04453125
2 0.428125 0.07890625 0.0234375 0.015625
2 0.53671875 0.0328125 0.01484375 0.0140625
0 0.56953125 0.03203125 0.0140625 0.0140625
0 0.73046875 0.06328125 0.01484375 0.01328125
3 0.7234375 0.028125 0.01171875 0.0265625
10 0.71796875 0.04140625 0.03828125 0.05546875
3 0.79140625 0.14140625 0.01484375 0.03359375
10 0.78125 0.16171875 0.0375 0.071875
2 0.66015625 0.30078125 0.03359375 0.03125
2 0.71015625 0.3265625 0.03828125 0.03046875
7 0.70859375 0.30078125 0.03125 0.0265625
3 0.715625 0.259375 0.021875 0.040625
1 0.7078125 0.26640625 0.0703125 0.090625
8 0.89609375 0.35625 0.01875 0.03515625
1 0.88125 0.34921875 0.05234375 0.0796875
2 0.86171875 0.38125 0.02890625 0.03828125
2 0.92734375 0.678125 0.02578125 0.0453125