2 0.23828125 0.140625 0.025 0.01953125
3 0.2421875 0.08046875 0.01328125 0.025
10 0.24453125 0.1046875 0.05546875 0.071875
5 0.39765625 0.08203125 0.0125 0.00859375
7 0.390625 0.08359375 0.0265625 0.0234375
3 0.390625 0.04609375 0.01484375 0.0296875
10 0.38515625 0.05859375 0.04921875 0.05546875
2 0.428125 0.0796875 0.0234375 0.01484375
2 0.53671875 0.03125 0.0140625 0.01328125
5 0.55078125 0.0328125 0.00859375 0.01015625
7 0.57578125 0.0296875 0.02421875 0.02421875
0 0.7296875 0.06328125 0.015625 0.01328125
3 0.721875 0.02890625 0.01328125 0.028125
10 0.71796875 0.0421875 0.0390625 0.0546875
3 0.7875 0.140625 0.01484375 0.034375
10 0.78203125 0.16015625 0.0375 0.07578125
2 0.66015625 0.30078125 0.034375 0.03046875
2 0.715625 0.328125 0.0390625 0.03046875
0 0.71015625 0.29453125 0.02578125 0.028125
3 0.71328125 0.2453125 0.01953125 0.04296875
10 0.70625 0.259375 0.0703125 0.09375
8 0.8953125 0.35546875 0.01953125 0.034375
1 0.88046875 0.3484375 0.05234375 0.08046875
2 0.8609375 0.38046875 0.02890625 0.03671875
2 0.928125 0.678125 0.0265625 0.0484375