2 0.234375 0.14140625 0.0234375 0.01484375
3 0.24296875 0.08359375 0.0125 0.028125
10 0.2421875 0.103125 0.04765625 0.06796875
5 0.39765625 0.0828125 0.01328125 0.00859375
7 0.390625 0.0859375 0.02578125 0.021875
3 0.3921875 0.0546875 0.01484375 0.028125
1 0.3859375 0.0640625 0.04921875 0.04609375
2 0.428125 0.07890625 0.02421875 0.015625
2 0.5375 0.0328125 0.01484375 0.01171875
2 0.57734375 0.034375 0.02421875 0.01328125
0 0.5671875 0.02734375 0.01171875 0.01171875
9 0.7171875 0.02421875 0.0140625 0.025
0 0.73046875 0.06328125 0.01484375 0.01328125
10 0.71875 0.03984375 0.03671875 0.05703125
3 0.7875 0.1390625 0.01484375 0.034375
10 0.78046875 0.159375 0.0375 0.075
2 0.66015625 0.29921875 0.03359375 0.03203125
2 0.715625 0.328125 0.03984375 0.0296875
0 0.70859375 0.29453125 0.02578125 0.025
3 0.7125 0.24453125 0.0203125 0.04296875
10 0.70859375 0.26015625 0.06796875 0.09609375
8 0.8953125 0.3546875 0.01796875 0.03359375
1 0.88203125 0.3484375 0.05078125 0.07890625
2 0.86171875 0.38125 0.0296875 0.03515625
2 0.928125 0.678125 0.02578125 0.046875