7 0.23125 0.13671875 0.02578125 0.0203125
3 0.2390625 0.084375 0.01171875 0.02578125
10 0.24296875 0.10390625 0.0390625 0.0640625
5 0.396875 0.08203125 0.01328125 0.01015625
7 0.390625 0.08359375 0.0265625 0.0234375
3 0.3921875 0.05078125 0.01328125 0.0296875
1 0.3859375 0.06015625 0.04921875 0.05
2 0.428125 0.0796875 0.0234375 0.01484375
2 0.53671875 0.03125 0.0140625 0.01171875
0 0.56875 0.025 0.0140625 0.01484375
2 0.57734375 0.0328125 0.0234375 0.0140625
0 0.73046875 0.06328125 0.01484375 0.01328125
3 0.72265625 0.02890625 0.01328125 0.028125
10 0.71796875 0.04140625 0.03828125 0.0546875
3 0.7875 0.140625 0.01640625 0.03203125
10 0.78125 0.159375 0.03828125 0.0734375
2 0.659375 0.30078125 0.03359375 0.03125
2 0.715625 0.32890625 0.03828125 0.0296875
0 0.709375 0.2953125 0.02734375 0.028125
3 0.71328125 0.24375 0.02109375 0.04296875
10 0.7078125 0.26015625 0.06796875 0.09453125
8 0.89609375 0.35546875 0.01875 0.03515625
1 0.88125 0.3484375 0.05078125 0.08046875
2 0.86171875 0.38125 0.02890625 0.03828125
2 0.928125 0.67890625 0.02578125 0.04609375