2 0.92734375 0.6765625 0.02578125 0.0484375
8 0.8953125 0.35625 0.01796875 0.0359375
1 0.88203125 0.34921875 0.04921875 0.08125
2 0.86171875 0.38125 0.0296875 0.0359375
2 0.659375 0.30078125 0.03359375 0.03046875
2 0.715625 0.328125 0.0390625 0.03046875
7 0.70234375 0.29609375 0.0359375 0.0296875
3 0.70625 0.23046875 0.0203125 0.046875
10 0.70078125 0.25546875 0.06328125 0.1
7 0.79921875 0.21171875 0.01953125 0.0203125
3 0.80234375 0.16875 0.01484375 0.03515625
10 0.79296875 0.17890625 0.04453125 0.07109375
0 0.71171875 0.05703125 0.01796875 0.0140625
2 0.728125 0.06875 0.0265625 0.01640625
3 0.7125 0.021875 0.01328125 0.0265625
10 0.71015625 0.0359375 0.03359375 0.0546875
2 0.53671875 0.03125 0.0140625 0.01328125
0 0.5671875 0.0265625 0.01171875 0.01171875
2 0.5765625 0.0328125 0.025 0.0140625
0 0.39921875 0.0765625 0.015625 0.01484375
7 0.3875 0.08515625 0.028125 0.0203125
2 0.428125 0.07890625 0.0234375 0.01484375
3 0.390625 0.04375 0.0140625 0.0296875
10 0.38984375 0.05625 0.0390625 0.0546875
7 0.23828125 0.1390625 0.02578125 0.025
3 0.240625 0.09375 0.0140625 0.0296875
10 0.24375 0.1078125 0.03984375 0.06171875
7 0.12265625 0.39140625 0.028125 0.03984375
3 0.12265625 0.34375 0.01796875 0.03984375
1 0.13203125 0.34921875 0.06015625 0.0796875
5 0.978125 0.74375 0.01484375 0.0359375