5 0.978125 0.74453125 0.01171875 0.0296875
2 0.92734375 0.678125 0.02578125 0.0484375
8 0.8953125 0.35625 0.01953125 0.03984375
1 0.88203125 0.34921875 0.05234375 0.08046875
2 0.86171875 0.38046875 0.0296875 0.03671875
2 0.66015625 0.30078125 0.03359375 0.03046875
2 0.715625 0.328125 0.0390625 0.02890625
2 0.7046875 0.30390625 0.02890625 0.01953125
3 0.703125 0.2515625 0.02109375 0.0484375
1 0.69921875 0.2578125 0.0578125 0.08046875
7 0.79921875 0.21171875 0.01953125 0.0234375
3 0.80078125 0.1625 0.015625 0.0359375
10 0.79296875 0.17890625 0.04140625 0.07109375
2 0.728125 0.06875 0.02734375 0.015625
0 0.7125 0.0578125 0.01953125 0.0140625
3 0.7109375 0.01953125 0.01328125 0.0265625
10 0.70859375 0.03359375 0.03359375 0.05625
2 0.53671875 0.0328125 0.0140625 0.01171875
0 0.56796875 0.0265625 0.01171875 0.01328125
2 0.57734375 0.034375 0.025 0.01484375
7 0.38984375 0.0859375 0.02265625 0.021875
2 0.428125 0.07890625 0.02265625 0.0140625
3 0.3984375 0.05 0.01484375 0.0296875
10 0.39296875 0.06015625 0.03984375 0.0515625
7 0.23828125 0.13984375 0.025 0.021875
3 0.23828125 0.09921875 0.01484375 0.0296875
10 0.2421875 0.1125 0.04375 0.05859375
7 0.12265625 0.390625 0.02890625 0.03984375
3 0.12265625 0.34296875 0.01875 0.03671875
1 0.13515625 0.3484375 0.05625 0.07890625