7 0.12265625 0.390625 0.028125 0.040625
3 0.12421875 0.34609375 0.01953125 0.04296875
1 0.13515625 0.3484375 0.05625 0.0765625
7 0.2390625 0.13828125 0.02265625 0.025
3 0.2421875 0.0953125 0.01328125 0.028125
10 0.24453125 0.109375 0.03828125 0.05625
7 0.3890625 0.08671875 0.02734375 0.025
2 0.428125 0.07890625 0.02265625 0.01484375
3 0.3921875 0.059375 0.01484375 0.0296875
1 0.384375 0.06640625 0.04921875 0.04453125
2 0.5375 0.03203125 0.0140625 0.01328125
0 0.56796875 0.0265625 0.01171875 0.01328125
0 0.57734375 0.03359375 0.02421875 0.0140625
0 0.7203125 0.065625 0.01796875 0.01484375
3 0.7171875 0.02890625 0.01328125 0.02578125
10 0.715625 0.04375 0.03671875 0.05703125
2 0.80078125 0.2125 0.02109375 0.02109375
3 0.796875 0.16015625 0.01484375 0.03515625
10 0.79296875 0.1765625 0.04140625 0.06640625
2 0.659375 0.30078125 0.03359375 0.03046875
2 0.715625 0.328125 0.03828125 0.02890625
2 0.7046875 0.30390625 0.0296875 0.01953125
3 0.70390625 0.253125 0.021875 0.04453125
1 0.69921875 0.259375 0.0609375 0.0796875
6 0.89296875 0.2921875 0.01796875 0.04375
2 0.89453125 0.38671875 0.03203125 0.02890625
2 0.86171875 0.38125 0.028125 0.03671875
10 0.87734375 0.32109375 0.04921875 0.103125
2 0.928125 0.678125 0.02578125 0.0453125
5 0.97890625 0.7453125 0.0125 0.0296875