7 0.12265625 0.390625 0.02890625 0.0390625
3 0.12109375 0.34765625 0.01953125 0.03828125
1 0.13359375 0.34921875 0.059375 0.07890625
7 0.23828125 0.140625 0.02734375 0.021875
3 0.23984375 0.096875 0.01328125 0.0296875
10 0.2421875 0.11328125 0.0453125 0.0640625
7 0.38984375 0.08671875 0.02890625 0.0234375
2 0.42890625 0.07890625 0.021875 0.01484375
5 0.40234375 0.08125 0.01015625 0.01015625
3 0.3859375 0.0578125 0.01484375 0.03046875
1 0.3890625 0.06328125 0.04765625 0.040625
1 0.5375 0.03203125 0.01484375 0.01328125
0 0.56796875 0.0265625 0.01171875 0.01171875
2 0.57734375 0.03359375 0.025 0.01640625
0 0.71015625 0.0609375 0.01484375 0.01640625
0 0.7265625 0.065625 0.0265625 0.01875
3 0.71640625 0.01640625 0.0125 0.02890625
10 0.71640625 0.034375 0.03984375 0.065625
2 0.80078125 0.2140625 0.02109375 0.021875
3 0.8 0.16796875 0.01640625 0.03125
10 0.79375 0.178125 0.03515625 0.06640625
2 0.659375 0.3015625 0.03359375 0.03046875
2 0.71640625 0.328125 0.03828125 0.03046875
2 0.7015625 0.30390625 0.02890625 0.0203125
3 0.70078125 0.246875 0.021875 0.04609375
10 0.70390625 0.26171875 0.07421875 0.090625
0 0.9 0.38203125 0.01875 0.02109375
3 0.896875 0.31953125 0.0171875 0.0453125
10 0.88359375 0.34296875 0.05 0.09140625
2 0.86171875 0.38203125 0.028125 0.0359375
2 0.928125 0.678125 0.02578125 0.0453125
5 0.97890625 0.74609375 0.01171875 0.03125