2 0.92734375 0.67890625 0.02578125 0.04609375
5 0.97890625 0.74609375 0.0109375 0.03046875
3 0.884375 0.29765625 0.01640625 0.04140625
2 0.89609375 0.3859375 0.0265625 0.0296875
2 0.86171875 0.38125 0.02890625 0.03515625
10 0.8734375 0.32421875 0.04765625 0.09453125
3 0.69140625 0.24140625 0.021875 0.0484375
2 0.66015625 0.3015625 0.03359375 0.03046875
7 0.71640625 0.31953125 0.03671875 0.0453125
10 0.69765625 0.26484375 0.065625 0.1
7 0.80078125 0.2109375 0.021875 0.0265625
3 0.8 0.159375 0.01640625 0.03359375
10 0.79296875 0.17109375 0.04453125 0.06015625
0 0.72109375 0.065625 0.0171875 0.01484375
3 0.715625 0.02890625 0.01328125 0.028125
10 0.715625 0.04296875 0.03671875 0.05625
2 0.53671875 0.0328125 0.0140625 0.01171875
0 0.56796875 0.0265625 0.01015625 0.01328125
2 0.57734375 0.03359375 0.025 0.0140625
7 0.3875 0.0859375 0.02890625 0.02421875
3 0.38984375 0.06015625 0.015625 0.028125
1 0.38125 0.06796875 0.05078125 0.0453125
5 0.3984375 0.08046875 0.01328125 0.009375
2 0.428125 0.07890625 0.0234375 0.01484375
2 0.23984375 0.14296875 0.02421875 0.01640625
3 0.24140625 0.09375 0.0140625 0.02890625
3 0.2453125 0.109375 0.0390625 0.06015625
7 0.12265625 0.38984375 0.028125 0.040625
3 0.1234375 0.34453125 0.0171875 0.0390625
1 0.13515625 0.34921875 0.0546875 0.078125