7 0.12265625 0.390625 0.02890625 0.0390625
3 0.12265625 0.3453125 0.01796875 0.040625
1 0.13515625 0.34921875 0.0546875 0.0796875
3 0.2375 0.090625 0.01328125 0.0296875
7 0.23828125 0.13828125 0.025 0.0234375
10 0.24296875 0.10859375 0.0421875 0.06484375
7 0.38828125 0.08671875 0.028125 0.02421875
3 0.38984375 0.059375 0.01484375 0.02890625
1 0.38359375 0.065625 0.04765625 0.04296875
5 0.39765625 0.08046875 0.0125 0.009375
5 0.42890625 0.07890625 0.02265625 0.01484375
2 0.5375 0.03125 0.0140625 0.01328125
0 0.56796875 0.0265625 0.01328125 0.01328125
2 0.57734375 0.03359375 0.02421875 0.01484375
0 0.72109375 0.065625 0.01796875 0.01484375
3 0.71640625 0.02890625 0.01171875 0.02890625
10 0.715625 0.04375 0.03671875 0.05703125
2 0.80078125 0.2140625 0.021875 0.0234375
3 0.803125 0.1640625 0.01640625 0.03125
10 0.7953125 0.1734375 0.0421875 0.06015625
2 0.659375 0.3 0.03359375 0.028125
7 0.71640625 0.3203125 0.03828125 0.04453125
2 0.7015625 0.303125 0.028125 0.02109375
3 0.6890625 0.24609375 0.02265625 0.0453125
10 0.69765625 0.26328125 0.06484375 0.09296875
2 0.89609375 0.38671875 0.028125 0.02890625
2 0.86171875 0.38203125 0.02890625 0.0359375
3 0.89453125 0.31171875 0.01796875 0.03984375
10 0.87734375 0.3265625 0.053125 0.08515625
2 0.92734375 0.67890625 0.02578125 0.04609375
5 0.97890625 0.7453125 0.0109375 0.0296875