7 0.1234375 0.3890625 0.028125 0.03984375
3 0.1234375 0.34375 0.01875 0.03828125
1 0.13515625 0.3484375 0.05546875 0.0796875
7 0.2390625 0.1390625 0.02421875 0.0234375
3 0.2375 0.09453125 0.01328125 0.03125
10 0.24296875 0.11015625 0.0421875 0.06328125
7 0.38984375 0.08671875 0.028125 0.02421875
3 0.39296875 0.059375 0.0140625 0.0296875
1 0.38515625 0.06640625 0.04921875 0.0453125
2 0.42890625 0.078125 0.02265625 0.0140625
2 0.53671875 0.03203125 0.0140625 0.01328125
0 0.56796875 0.0265625 0.01171875 0.01328125
2 0.5765625 0.0328125 0.02421875 0.015625
0 0.71171875 0.0578125 0.01875 0.0140625
2 0.72734375 0.06875 0.0265625 0.01484375
3 0.71171875 0.02109375 0.0125 0.0265625
10 0.70859375 0.0359375 0.03359375 0.05703125
2 0.80078125 0.2125 0.02109375 0.0234375
3 0.8015625 0.16484375 0.01640625 0.03125
10 0.79296875 0.17578125 0.04140625 0.06484375
2 0.659375 0.30078125 0.03359375 0.03046875
2 0.715625 0.32890625 0.03828125 0.0296875
2 0.7046875 0.30390625 0.0296875 0.01953125
3 0.7046875 0.25390625 0.02109375 0.0453125
1 0.69921875 0.259375 0.06171875 0.08046875
3 0.878125 0.3125 0.01875 0.0453125
10 0.87421875 0.33125 0.04453125 0.08203125
2 0.86171875 0.38125 0.02890625 0.03515625
2 0.928125 0.678125 0.02578125 0.04609375
5 0.97890625 0.74609375 0.01171875 0.03046875