7 0.12265625 0.39140625 0.028125 0.03828125
3 0.12265625 0.34453125 0.01796875 0.040625
1 0.134375 0.35 0.05703125 0.0796875
7 0.23828125 0.1390625 0.025 0.0234375
3 0.2359375 0.10390625 0.01328125 0.03046875
1 0.24140625 0.11484375 0.04453125 0.05390625
7 0.390625 0.08359375 0.02421875 0.02421875
2 0.428125 0.07890625 0.02265625 0.0140625
3 0.396875 0.04765625 0.01484375 0.02890625
10 0.39296875 0.05859375 0.0390625 0.053125
2 0.53671875 0.03203125 0.01328125 0.01328125
0 0.56796875 0.0265625 0.0125 0.01328125
2 0.57734375 0.0328125 0.025 0.0140625
0 0.7109375 0.0578125 0.01953125 0.0140625
2 0.728125 0.06875 0.02734375 0.015625
3 0.71015625 0.01953125 0.0125 0.0265625
10 0.70859375 0.0359375 0.034375 0.06015625
2 0.79453125 0.21171875 0.02734375 0.0234375
3 0.80234375 0.1625 0.015625 0.0359375
10 0.7953125 0.1734375 0.03828125 0.06328125
2 0.66015625 0.3015625 0.03359375 0.03046875
2 0.715625 0.328125 0.03828125 0.03203125
3 0.70703125 0.2546875 0.01796875 0.04453125
2 0.7046875 0.303125 0.03046875 0.01953125
1 0.7 0.2578125 0.05625 0.08203125
8 0.89609375 0.35546875 0.01953125 0.03671875
1 0.88046875 0.34921875 0.05390625 0.08046875
2 0.8609375 0.38125 0.02890625 0.0359375
2 0.928125 0.67890625 0.0265625 0.0453125
5 0.978125 0.74453125 0.01171875 0.02890625