5 0.97890625 0.7453125 0.0125 0.0296875
2 0.92734375 0.678125 0.02578125 0.04609375
3 0.8984375 0.31640625 0.01796875 0.04453125
0 0.89765625 0.38671875 0.015625 0.02109375
10 0.8859375 0.34453125 0.05234375 0.1015625
2 0.86171875 0.38125 0.0296875 0.0359375
2 0.659375 0.30078125 0.03359375 0.0296875
2 0.71640625 0.32890625 0.03828125 0.03125
2 0.70078125 0.303125 0.028125 0.0203125
3 0.69296875 0.24296875 0.021875 0.0484375
10 0.7140625 0.2625 0.0984375 0.096875
2 0.80078125 0.2140625 0.021875 0.0234375
2 0.8 0.16796875 0.01640625 0.03515625
10 0.79375 0.178125 0.03515625 0.06640625
7 0.72265625 0.0609375 0.03125 0.02421875
5 0.71171875 0.06640625 0.01171875 0.00859375
3 0.72265625 0.02109375 0.0125 0.02578125
10 0.71640625 0.0375 0.04296875 0.05859375
2 0.53671875 0.03359375 0.01484375 0.01328125
0 0.56796875 0.0265625 0.01171875 0.0140625
2 0.57734375 0.0328125 0.025 0.0140625
2 0.3875 0.084375 0.02890625 0.028125
5 0.40234375 0.08125 0.01015625 0.01015625
3 0.38671875 0.0234375 0.01484375 0.03125
10 0.3890625 0.04609375 0.04140625 0.078125
2 0.42890625 0.07890625 0.02421875 0.01484375
7 0.2390625 0.1390625 0.02421875 0.02421875
3 0.2375 0.103125 0.01484375 0.028125
10 0.24375 0.11484375 0.0390625 0.0515625
7 0.12265625 0.38984375 0.03046875 0.0390625
3 0.11796875 0.34453125 0.01953125 0.03671875
1 0.13359375 0.34921875 0.05625 0.0796875