7 0.12265625 0.3921875 0.02890625 0.03046875
3 0.1203125 0.34921875 0.01796875 0.0390625
1 0.13203125 0.3515625 0.059375 0.08359375
7 0.2359375 0.13203125 0.025 0.0265625
3 0.23828125 0.08359375 0.0125 0.0265625
10 0.24453125 0.103125 0.03671875 0.06640625
7 0.3875 0.08671875 0.0296875 0.028125
2 0.42890625 0.07890625 0.021875 0.01484375
3 0.39921875 0.05703125 0.01640625 0.0296875
1 0.39375 0.0640625 0.046875 0.04375
2 0.53671875 0.03203125 0.0140625 0.01328125
2 0.5734375 0.03125 0.0109375 0.01171875
1 0.5734375 0.0203125 0.04375 0.03671875
2 0.72578125 0.06640625 0.02734375 0.01640625
3 0.72109375 0.03125 0.01328125 0.02421875
10 0.7140625 0.03828125 0.03828125 0.04921875
9 0.79296875 0.1296875 0.015625 0.03359375
10 0.78515625 0.15703125 0.03359375 0.09296875
2 0.796875 0.21328125 0.02734375 0.0234375
0 0.903125 0.38359375 0.0171875 0.01640625
3 0.90234375 0.3296875 0.01953125 0.04453125
10 0.88515625 0.34609375 0.05234375 0.08671875
2 0.86171875 0.38125 0.0296875 0.0359375
2 0.928125 0.678125 0.02578125 0.0484375
5 0.975 0.7421875 0.0125 0.03203125
2 0.659375 0.3015625 0.03359375 0.02890625
2 0.71640625 0.328125 0.03828125 0.03359375
7 0.703125 0.2984375 0.0265625 0.025
3 0.7125 0.25625 0.0203125 0.0484375
1 0.70390625 0.26640625 0.07421875 0.08203125