7 0.11328125 0.38828125 0.028125 0.03671875
2 0.1328125 0.38984375 0.02109375 0.0296875
3 0.1234375 0.34140625 0.0171875 0.0390625
1 0.13203125 0.34921875 0.05703125 0.08203125
7 0.23515625 0.1359375 0.025 0.0203125
3 0.24296875 0.08203125 0.01328125 0.0296875
10 0.24609375 0.1015625 0.03671875 0.06875
7 0.3875 0.08515625 0.03046875 0.021875
3 0.3859375 0.040625 0.01484375 0.03125
2 0.428125 0.07890625 0.0234375 0.0140625
10 0.38984375 0.05546875 0.04140625 0.06015625
2 0.5375 0.03203125 0.0140625 0.01328125
0 0.57421875 0.0296875 0.01171875 0.01328125
0 0.7203125 0.06015625 0.01640625 0.01328125
2 0.72734375 0.06953125 0.025 0.01171875
3 0.7171875 0.01640625 0.01328125 0.02890625
10 0.71484375 0.03359375 0.03671875 0.06484375
2 0.8 0.21015625 0.0203125 0.021875
3 0.79765625 0.1734375 0.01640625 0.03515625
10 0.784375 0.171875 0.04140625 0.0609375
0 0.903125 0.384375 0.0171875 0.01875
3 0.90234375 0.33046875 0.01953125 0.04140625
10 0.88515625 0.34609375 0.0515625 0.08671875
2 0.8609375 0.38125 0.02890625 0.0359375
2 0.92734375 0.678125 0.02578125 0.0484375
5 0.975 0.74296875 0.01328125 0.03203125
2 0.66015625 0.30078125 0.034375 0.03125
2 0.7171875 0.32890625 0.0390625 0.034375
2 0.69765625 0.30078125 0.02890625 0.021875
3 0.68984375 0.20234375 0.02109375 0.04921875
10 0.68046875 0.23671875 0.07421875 0.115625