7 0.1140625 0.384375 0.02890625 0.04140625
2 0.1328125 0.38828125 0.0234375 0.0359375
3 0.12578125 0.334375 0.01875 0.0453125
1 0.1328125 0.34453125 0.0578125 0.07890625
7 0.2359375 0.1359375 0.0265625 0.021875
3 0.2453125 0.08828125 0.01328125 0.02890625
10 0.24765625 0.10546875 0.03359375 0.06171875
7 0.3859375 0.0859375 0.02734375 0.0234375
5 0.403125 0.08203125 0.01015625 0.01171875
2 0.428125 0.07890625 0.0234375 0.01484375
3 0.38515625 0.05546875 0.015625 0.03046875
1 0.38515625 0.06484375 0.04921875 0.05
2 0.53671875 0.03203125 0.01484375 0.01328125
0 0.5734375 0.02890625 0.0109375 0.01328125
2 0.72578125 0.0671875 0.0265625 0.01796875
3 0.71796875 0.021875 0.01484375 0.0265625
10 0.709375 0.034375 0.03046875 0.0546875
2 0.7921875 0.2078125 0.0359375 0.0265625
3 0.8015625 0.14296875 0.0171875 0.03515625
10 0.79453125 0.1640625 0.03828125 0.07578125
2 0.66328125 0.29921875 0.03671875 0.03203125
2 0.70078125 0.303125 0.02890625 0.02421875
3 0.68203125 0.21875 0.02109375 0.04453125
10 0.69296875 0.24609375 0.05234375 0.10078125
7 0.89609375 0.3828125 0.028125 0.02890625
3 0.89921875 0.3328125 0.01875 0.04140625
10 0.88359375 0.35 0.05234375 0.09609375
2 0.8609375 0.38125 0.0296875 0.03671875
2 0.92734375 0.67734375 0.025 0.04921875
5 0.975 0.74375 0.01328125 0.03359375