7 0.11328125 0.38671875 0.02734375 0.03984375
3 0.12421875 0.34140625 0.01953125 0.0359375
1 0.1328125 0.346875 0.05625 0.075
3 0.23203125 0.10546875 0.015625 0.028125
1 0.23984375 0.115625 0.04375 0.046875
2 0.23359375 0.140625 0.02578125 0.01328125
7 0.3859375 0.084375 0.02734375 0.02109375
5 0.403125 0.08203125 0.01015625 0.0109375
2 0.428125 0.07890625 0.02265625 0.01640625
3 0.38671875 0.05390625 0.01484375 0.02890625
1 0.3859375 0.065625 0.04921875 0.0515625
2 0.5375 0.03203125 0.01484375 0.01328125
0 0.57421875 0.02890625 0.0109375 0.0140625
0 0.721875 0.06484375 0.01953125 0.01328125
3 0.71640625 0.03046875 0.01328125 0.028125
10 0.715625 0.0421875 0.03828125 0.05625
2 0.796875 0.21015625 0.02734375 0.0203125
3 0.79296875 0.17265625 0.01640625 0.03203125
10 0.78359375 0.175 0.03828125 0.06328125
2 0.66171875 0.303125 0.03125 0.0265625
7 0.7 0.29921875 0.0296875 0.028125
2 0.71640625 0.32890625 0.03828125 0.03203125
3 0.70625 0.2328125 0.0203125 0.0453125
10 0.7015625 0.26171875 0.06953125 0.103125
0 0.903125 0.38359375 0.0171875 0.01875
3 0.90234375 0.33046875 0.01796875 0.04375
10 0.884375 0.34609375 0.05234375 0.08828125
2 0.86171875 0.38125 0.02890625 0.03671875
2 0.928125 0.678125 0.02578125 0.0453125
5 0.975 0.74296875 0.01328125 0.03125