7 0.1125 0.3859375 0.02734375 0.040625
2 0.13203125 0.390625 0.02109375 0.03203125
3 0.1234375 0.340625 0.01796875 0.03671875
1 0.13203125 0.34609375 0.0578125 0.075
7 0.2359375 0.13671875 0.025 0.021875
3 0.23828125 0.09375 0.0125 0.02890625
10 0.2421875 0.10859375 0.0421875 0.059375
3 0.3859375 0.053125 0.01484375 0.0296875
7 0.38671875 0.08515625 0.028125 0.02421875
1 0.3875 0.06171875 0.0484375 0.0453125
2 0.428125 0.0796875 0.0234375 0.01484375
2 0.53671875 0.03203125 0.01484375 0.01328125
0 0.57421875 0.0296875 0.01015625 0.01328125
0 0.7203125 0.059375 0.0171875 0.01171875
3 0.715625 0.021875 0.01328125 0.0265625
10 0.7125 0.0359375 0.03203125 0.05703125
2 0.7265625 0.06953125 0.02421875 0.0140625
2 0.8 0.21796875 0.02109375 0.01953125
3 0.80546875 0.1890625 0.015625 0.034375
1 0.79140625 0.1859375 0.0453125 0.0484375
3 0.896875 0.32734375 0.01875 0.04140625
10 0.8828125 0.34921875 0.053125 0.09140625
2 0.86171875 0.38046875 0.02890625 0.03671875
2 0.928125 0.678125 0.02578125 0.04453125
5 0.975 0.7421875 0.0125 0.03203125
2 0.6609375 0.303125 0.0328125 0.025
7 0.7 0.30390625 0.03046875 0.02421875
2 0.71640625 0.3296875 0.0375 0.03359375
3 0.7 0.23671875 0.0203125 0.04609375
10 0.69140625 0.26171875 0.06328125 0.1015625