7 0.1140625 0.38671875 0.02890625 0.03984375
2 0.1328125 0.38828125 0.02265625 0.0359375
3 0.12578125 0.3390625 0.01953125 0.0453125
3 0.13203125 0.34609375 0.05859375 0.07890625
7 0.23671875 0.13671875 0.02421875 0.0203125
3 0.23671875 0.09375 0.0125 0.025
10 0.24375 0.11015625 0.04140625 0.05703125
7 0.38671875 0.08515625 0.02734375 0.0203125
5 0.403125 0.08203125 0.01015625 0.01015625
2 0.42890625 0.078125 0.02265625 0.0140625
3 0.38671875 0.05546875 0.01484375 0.0296875
1 0.38515625 0.0640625 0.05 0.0484375
2 0.53671875 0.03203125 0.0140625 0.01328125
0 0.5734375 0.02890625 0.0109375 0.01328125
2 0.72578125 0.06796875 0.0265625 0.01875
3 0.71171875 0.01953125 0.01328125 0.02421875
10 0.70625 0.03203125 0.03359375 0.0515625
2 0.8 0.21640625 0.021875 0.0234375
3 0.80390625 0.18203125 0.01796875 0.03046875
1 0.7921875 0.18125 0.03984375 0.05546875
2 0.6609375 0.30390625 0.03203125 0.028125
2 0.7125 0.3265625 0.0390625 0.02890625
9 0.7125 0.24296875 0.02265625 0.053125
10 0.7015625 0.26171875 0.06640625 0.090625
7 0.8953125 0.3859375 0.02734375 0.03046875
3 0.9 0.334375 0.02109375 0.04140625
10 0.8828125 0.34765625 0.05625 0.08984375
2 0.86171875 0.38125 0.02890625 0.03671875
2 0.92734375 0.67890625 0.02578125 0.04609375
5 0.975 0.74296875 0.01328125 0.03125