7 0.11328125 0.38671875 0.02734375 0.04140625
2 0.13203125 0.390625 0.021875 0.0296875
3 0.1234375 0.340625 0.01953125 0.0390625
1 0.13203125 0.34609375 0.05859375 0.07578125
7 0.234375 0.1359375 0.02734375 0.021875
3 0.246875 0.0890625 0.01171875 0.02890625
10 0.2484375 0.10390625 0.0359375 0.059375
7 0.38671875 0.084375 0.02734375 0.02421875
5 0.403125 0.08125 0.009375 0.009375
3 0.38046875 0.03671875 0.01484375 0.03359375
10 0.38671875 0.05390625 0.04765625 0.06484375
2 0.42890625 0.078125 0.02265625 0.0140625
2 0.53671875 0.0328125 0.01484375 0.0140625
0 0.57421875 0.02890625 0.0109375 0.0140625
0 0.71875 0.05859375 0.0171875 0.01484375
2 0.7265625 0.06875 0.02421875 0.0140625
3 0.71484375 0.0234375 0.01171875 0.0265625
10 0.71171875 0.03671875 0.03359375 0.05390625
2 0.79453125 0.21171875 0.02734375 0.01796875
3 0.80234375 0.17421875 0.01640625 0.03359375
10 0.79140625 0.17578125 0.03828125 0.06171875
3 0.8984375 0.32578125 0.0203125 0.04453125
10 0.88359375 0.346875 0.05078125 0.08828125
2 0.86171875 0.38125 0.02890625 0.03671875
2 0.928125 0.67890625 0.0265625 0.04453125
5 0.97578125 0.74375 0.01328125 0.03125
2 0.6609375 0.30234375 0.0328125 0.025
7 0.7015625 0.30078125 0.028125 0.0265625
2 0.71640625 0.3296875 0.03828125 0.03359375
3 0.71015625 0.25078125 0.01953125 0.04296875
10 0.70234375 0.26328125 0.06796875 0.0890625