7 0.1140625 0.38671875 0.02890625 0.03984375
2 0.1328125 0.3890625 0.02109375 0.03359375
3 0.12421875 0.33828125 0.02109375 0.0390625
1 0.13203125 0.346875 0.05703125 0.07890625
7 0.23515625 0.134375 0.02421875 0.025
3 0.24296875 0.0890625 0.0125 0.0296875
10 0.24609375 0.10546875 0.03515625 0.06171875
7 0.38671875 0.084375 0.02734375 0.0234375
3 0.384375 0.05625 0.01484375 0.0296875
5 0.403125 0.08203125 0.00859375 0.01015625
2 0.428125 0.07890625 0.02265625 0.01484375
1 0.3859375 0.06171875 0.0484375 0.04453125
2 0.53671875 0.0328125 0.0140625 0.0140625
0 0.57421875 0.02890625 0.01015625 0.0140625
2 0.72578125 0.06796875 0.02578125 0.01875
3 0.71171875 0.01953125 0.01328125 0.025
10 0.70703125 0.03359375 0.03515625 0.05390625
7 0.79453125 0.20625 0.02734375 0.028125
3 0.790625 0.13671875 0.01484375 0.0359375
10 0.784375 0.16171875 0.03828125 0.08671875
7 0.89609375 0.3828125 0.02890625 0.03046875
3 0.90078125 0.3359375 0.01953125 0.040625
10 0.88515625 0.346875 0.05390625 0.0859375
2 0.86171875 0.38125 0.02890625 0.03828125
2 0.928125 0.67734375 0.02578125 0.046875
5 0.975 0.74296875 0.0140625 0.03359375
2 0.6609375 0.30234375 0.0328125 0.0265625
2 0.70078125 0.303125 0.03046875 0.025
3 0.69609375 0.22109375 0.01953125 0.04375
10 0.69609375 0.246875 0.06171875 0.09609375