7 0.11328125 0.384375 0.0265625 0.04609375
2 0.13203125 0.3890625 0.02265625 0.03203125
3 0.1234375 0.34296875 0.01953125 0.03828125
1 0.134375 0.34609375 0.0546875 0.07578125
7 0.234375 0.1359375 0.02578125 0.021875
3 0.24453125 0.09140625 0.01328125 0.02890625
10 0.24765625 0.10625 0.03359375 0.05703125
7 0.38671875 0.08359375 0.0265625 0.021875
3 0.38515625 0.0515625 0.01484375 0.02890625
1 0.3890625 0.0609375 0.0421875 0.046875
2 0.428125 0.07890625 0.0234375 0.01484375
2 0.53671875 0.03203125 0.01484375 0.01328125
0 0.57421875 0.0296875 0.0109375 0.0109375
0 0.721875 0.0640625 0.01796875 0.01328125
3 0.71640625 0.03046875 0.0125 0.02890625
10 0.715625 0.04140625 0.03671875 0.05546875
2 0.80078125 0.21171875 0.021875 0.01875
3 0.7953125 0.17578125 0.0171875 0.034375
10 0.78359375 0.17421875 0.03984375 0.0546875
7 0.70078125 0.29921875 0.02734375 0.02890625
2 0.6609375 0.303125 0.0328125 0.02578125
2 0.71640625 0.32890625 0.0375 0.03203125
3 0.70546875 0.26640625 0.021875 0.040625
1 0.6984375 0.265625 0.0734375 0.08359375
0 0.903125 0.384375 0.01796875 0.0203125
3 0.9015625 0.33046875 0.01953125 0.04375
10 0.88671875 0.346875 0.04921875 0.08828125
2 0.86171875 0.38125 0.02890625 0.0359375
2 0.92734375 0.67890625 0.02578125 0.04609375
2 0.975 0.7421875 0.01328125 0.03203125