7 0.11328125 0.38671875 0.02890625 0.03984375
2 0.13125 0.38984375 0.02109375 0.03125
3 0.12421875 0.340625 0.01953125 0.0390625
1 0.13125 0.346875 0.05859375 0.0765625
7 0.23515625 0.13515625 0.025 0.02421875
3 0.2453125 0.08984375 0.01328125 0.0296875
10 0.2484375 0.10546875 0.03359375 0.06015625
7 0.38828125 0.08515625 0.03125 0.02421875
3 0.38359375 0.05390625 0.01484375 0.03046875
1 0.38828125 0.06171875 0.04296875 0.0453125
2 0.428125 0.07890625 0.02265625 0.01484375
2 0.53671875 0.03203125 0.01484375 0.01328125
0 0.57421875 0.03046875 0.01171875 0.01171875
0 0.72265625 0.06171875 0.0125 0.0140625
3 0.7171875 0.02109375 0.0125 0.028125
10 0.7140625 0.0375 0.03984375 0.05859375
2 0.79921875 0.2109375 0.02109375 0.01796875
3 0.79296875 0.1703125 0.01640625 0.03359375
10 0.7828125 0.171875 0.0375 0.06171875
0 0.90234375 0.38359375 0.01796875 0.01875
3 0.90234375 0.33046875 0.01953125 0.04375
10 0.8859375 0.34609375 0.05078125 0.0859375
2 0.86171875 0.38125 0.0296875 0.03828125
2 0.92734375 0.678125 0.02421875 0.0484375
5 0.975 0.7421875 0.01328125 0.03203125
7 0.7 0.29921875 0.02734375 0.028125
2 0.66015625 0.30078125 0.03359375 0.03125
2 0.71640625 0.32890625 0.03828125 0.03203125
3 0.7046875 0.2609375 0.02109375 0.04296875
1 0.69921875 0.26328125 0.071875 0.08515625