2 0.92734375 0.6765625 0.02578125 0.0484375
7 0.896875 0.384375 0.0265625 0.03125
3 0.90234375 0.3390625 0.01875 0.04296875
1 0.88515625 0.34921875 0.05546875 0.08515625
2 0.86171875 0.38125 0.02890625 0.0359375
2 0.66015625 0.29921875 0.03359375 0.03203125
7 0.70078125 0.303125 0.04453125 0.04140625
7 0.7375 0.31796875 0.0265625 0.03046875
3 0.709375 0.23203125 0.0203125 0.04453125
10 0.696875 0.26171875 0.07734375 0.1046875
0 0.73125 0.06328125 0.01484375 0.01171875
3 0.721875 0.028125 0.0109375 0.028125
10 0.7171875 0.040625 0.04140625 0.05546875
2 0.53671875 0.03125 0.0140625 0.01484375
0 0.56953125 0.0265625 0.01171875 0.01328125
2 0.57734375 0.0328125 0.02421875 0.0140625
2 0.38359375 0.08671875 0.025 0.01875
3 0.39140625 0.03671875 0.01484375 0.03125
10 0.3953125 0.0515625 0.03828125 0.0609375
2 0.428125 0.07890625 0.0234375 0.01484375
7 0.23828125 0.13125 0.02734375 0.03203125
3 0.240625 0.0890625 0.0140625 0.02890625
10 0.2484375 0.10390625 0.03828125 0.06015625
7 0.115625 0.38359375 0.0296875 0.04609375
2 0.13203125 0.38984375 0.02265625 0.03515625
3 0.128125 0.340625 0.02109375 0.0390625
1 0.13515625 0.3421875 0.053125 0.07890625
5 0.975 0.74296875 0.01328125 0.03203125