1 0.13671875 0.3421875 0.0515625 0.0765625
7 0.115625 0.3828125 0.03203125 0.0453125
2 0.13203125 0.3890625 0.02265625 0.034375
7 0.23828125 0.1328125 0.02890625 0.025
3 0.23515625 0.09375 0.01484375 0.02578125
10 0.24296875 0.1078125 0.046875 0.05859375
7 0.38359375 0.0859375 0.025 0.01953125
5 0.40078125 0.08125 0.01171875 0.01015625
2 0.428125 0.07890625 0.0234375 0.01484375
3 0.4015625 0.0453125 0.01484375 0.0296875
10 0.39375 0.06015625 0.0453125 0.05546875
2 0.53671875 0.03125 0.0140625 0.01328125
0 0.56875 0.025 0.01171875 0.01484375
2 0.5765625 0.03203125 0.025 0.01328125
0 0.73046875 0.06328125 0.0140625 0.01328125
3 0.721875 0.02734375 0.01171875 0.02890625
10 0.71875 0.040625 0.0390625 0.05546875
7 0.8 0.21171875 0.02109375 0.0234375
3 0.80234375 0.16484375 0.0171875 0.03359375
10 0.79453125 0.178125 0.04453125 0.06796875
2 0.66015625 0.29921875 0.03359375 0.03359375
7 0.70234375 0.30703125 0.0390625 0.04453125
2 0.728125 0.321875 0.02421875 0.02421875
3 0.70859375 0.24296875 0.02109375 0.0453125
10 0.69921875 0.26171875 0.0703125 0.0953125
3 0.89375 0.33125 0.01796875 0.0453125
1 0.884375 0.3453125 0.05703125 0.08125
2 0.8609375 0.38125 0.02890625 0.034375
2 0.928125 0.678125 0.0265625 0.04609375
5 0.975 0.74375 0.01328125 0.03359375