2 0.9265625 0.67734375 0.02578125 0.04921875
7 0.8953125 0.38203125 0.03046875 0.03359375
3 0.8984375 0.3234375 0.01875 0.04375
2 0.86171875 0.38046875 0.02890625 0.03671875
10 0.88359375 0.34375 0.0546875 0.090625
7 0.8 0.2109375 0.02265625 0.021875
3 0.80390625 0.165625 0.01640625 0.034375
10 0.7953125 0.178125 0.04609375 0.0703125
2 0.66015625 0.29921875 0.03359375 0.03125
7 0.7015625 0.31171875 0.03359375 0.03125
2 0.728125 0.3203125 0.02890625 0.02578125
3 0.71015625 0.25546875 0.02265625 0.04140625
10 0.70390625 0.26640625 0.06328125 0.10078125
0 0.73125 0.06171875 0.01640625 0.015625
3 0.72265625 0.028125 0.0125 0.02890625
10 0.71875 0.04140625 0.04140625 0.05546875
2 0.53671875 0.03125 0.0140625 0.0140625
0 0.56953125 0.0265625 0.01171875 0.01328125
2 0.57578125 0.03203125 0.02421875 0.0140625
7 0.384375 0.084375 0.025 0.01953125
5 0.40078125 0.08125 0.0125 0.01015625
2 0.428125 0.0796875 0.02265625 0.01484375
3 0.40390625 0.053125 0.015625 0.0296875
1 0.39375 0.06171875 0.0453125 0.053125
7 0.2390625 0.13125 0.02890625 0.025
3 0.23515625 0.09296875 0.01484375 0.025
10 0.24375 0.10703125 0.04609375 0.05703125
7 0.115625 0.38203125 0.0296875 0.04609375
2 0.13203125 0.38984375 0.02421875 0.03515625
3 0.12578125 0.34375 0.02265625 0.04296875
1 0.13671875 0.34140625 0.0515625 0.07578125
5 0.975 0.74296875 0.01328125 0.034375