5 0.13515625 0.38828125 0.0125 0.01953125
7 0.12578125 0.3765625 0.02421875 0.03515625
10 0.13125 0.3359375 0.0546875 0.07890625
5 0.15625 0.26796875 0.0078125 0.0140625
3 0.14765625 0.2265625 0.01875 0.03125
10 0.1546875 0.23671875 0.04296875 0.06953125
2 0.18125 0.19921875 0.01484375 0.01953125
2 0.21796875 0.190625 0.0171875 0.01875
3 0.18828125 0.14921875 0.01328125 0.03046875
3 0.21640625 0.1515625 0.01640625 0.03828125
10 0.1921875 0.16171875 0.03203125 0.05546875
10 0.22578125 0.1609375 0.03984375 0.05625
3 0.240625 0.09296875 0.01328125 0.0265625
0 0.2390625 0.1296875 0.015625 0.01328125
10 0.246875 0.10625 0.03046875 0.0546875
6 0.2125 0.10078125 0.01015625 0.01796875
10 0.21328125 0.11328125 0.03359375 0.04453125
2 0.26640625 0.09296875 0.01640625 0.0140625
3 0.928125 0.4765625 0.0234375 0.05
10 0.909375 0.49765625 0.06640625 0.10625
2 0.86171875 0.3859375 0.02421875 0.03046875
0 0.9015625 0.38671875 0.01796875 0.01953125
3 0.90078125 0.3296875 0.01875 0.04453125
10 0.890625 0.35 0.0421875 0.09296875
3 0.82890625 0.17421875 0.01640625 0.03515625
10 0.82109375 0.18984375 0.0328125 0.06640625
3 0.80625 0.11875 0.01328125 0.03359375
10 0.796875 0.1328125 0.0421875 0.06171875
0 0.75625 0.078125 0.01171875 0.015625
3 0.765625 0.05625 0.01484375 0.0296875
10 0.765625 0.07265625 0.0328125 0.05625
6 0.74765625 0.03671875 0.01015625 0.03046875
1 0.7453125 0.05078125 0.02890625 0.05078125
3 0.71796875 0.03046875 0.0140625 0.02421875
10 0.71484375 0.04296875 0.0328125 0.0484375
2 0.98203125 0.76875 0.021875 0.03828125
0 0.9796875 0.74609375 0.015625 0.03046875
10 0.96328125 0.70390625 0.07265625 0.115625
3 0.99140625 0.70546875 0.01640625 0.06328125
0 0.83046875 0.60390625 0.0234375 0.0265625
2 0.83125 0.6109375 0.02734375 0.05546875
0 0.759375 0.60234375 0.02890625 0.03828125
2 0.76484375 0.61875 0.0296875 0.028125
3 0.77265625 0.5296875 0.03125 0.05703125
1 0.75 0.54296875 0.08203125 0.1265625
3 0.8296875 0.5046875 0.03125 0.06328125
1 0.81640625 0.53125 0.059375 0.16796875
0 0.78515625 0.4234375 0.02578125 0.02890625
3 0.78828125 0.35390625 0.02265625 0.05
10 0.7796875 0.38125 0.06484375 0.11015625
2 0.72265625 0.42109375 0.028125 0.0453125
3 0.72265625 0.29921875 0.025 0.05546875
10 0.71328125 0.3359375 0.0625 0.13125
0 0.6578125 0.4140625 0.01953125 0.0265625
3 0.65703125 0.30625 0.02734375 0.06171875
10 0.65390625 0.3515625 0.059375 0.14921875
0 0.59140625 0.40703125 0.02578125 0.02578125
3 0.59453125 0.325 0.02578125 0.05703125
1 0.58828125 0.3546875 0.071875 0.13515625
2 0.53203125 0.4203125 0.02734375 0.04453125
2 0.4609375 0.40703125 0.03515625 0.03046875
2 0.36953125 0.4234375 0.03515625 0.03046875
0 0.309375 0.4078125 0.034375 0.02890625
9 0.3046875 0.32578125 0.02890625 0.05546875
10 0.32265625 0.35859375 0.07890625 0.1265625
0 0.2484375 0.434375 0.03046875 0.02421875
3 0.25 0.33046875 0.0234375 0.05078125
10 0.25625 0.37265625 0.05390625 0.14375
0 0.19140625 0.4296875 0.015625 0.0203125
3 0.19140625 0.38125 0.02265625 0.0453125
1 0.2 0.3890625 0.0578125 0.09453125
2 0.28828125 0.29765625 0.02265625 0.03046875
2 0.3953125 0.29296875 0.03203125 0.01640625
0 0.396875 0.27421875 0.0265625 0.01875
3 0.39375 0.21796875 0.02421875 0.05078125
10 0.39765625 0.240625 0.06953125 0.0953125
3 0.46484375 0.22421875 0.0234375 0.04140625
10 0.46640625 0.23984375 0.053125 0.07578125
5 0.4703125 0.28125 0.009375 0.01640625
0 0.5234375 0.28203125 0.01875 0.028125
2 0.52890625 0.296875 0.02890625 0.03125
3 0.53203125 0.228125 0.02265625 0.04921875
1 0.528125 0.24296875 0.07421875 0.090625
3 0.703125 0.24296875 0.0234375 0.0453125
10 0.69609375 0.25703125 0.05234375 0.08828125
0 0.76015625 0.315625 0.02421875 0.02578125
3 0.76171875 0.24375 0.02265625 0.05
10 0.75390625 0.2734375 0.05078125 0.10703125
2 0.71328125 0.20703125 0.02421875 0.01640625
2 0.66640625 0.203125 0.02578125 0.01796875
2 0.628125 0.2078125 0.02109375 0.01953125
2 0.509375 0.196875 0.0203125 0.0234375
2 0.45234375 0.2 0.0234375 0.01875
2 0.41640625 0.2 0.02734375 0.0203125
2 0.3515625 0.20859375 0.02265625 0.021875
3 0.353125 0.08671875 0.01640625 0.03125
10 0.35390625 0.10546875 0.04453125 0.06953125
0 0.359375 0.1328125 0.01953125 0.01015625
2 0.39140625 0.1359375 0.01953125 0.01796875
0 0.396875 0.11953125 0.02109375 0.01640625
3 0.396875 0.07421875 0.01953125 0.03203125
10 0.4 0.09296875 0.04296875 0.0734375
2 0.49140625 0.125 0.01796875 0.01875
2 0.53125 0.128125 0.01640625 0.01796875
2 0.5734375 0.13046875 0.01875 0.0140625
0 0.57421875 0.11796875 0.01640625 0.0140625
3 0.57265625 0.07734375 0.02109375 0.0359375
10 0.56640625 0.0921875 0.04609375 0.06953125
9 0.625 0.08125 0.01640625 0.0359375
0 0.653125 0.13125 0.01484375 0.0140625
3 0.65390625 0.0859375 0.01875 0.03125
10 0.6125 0.09921875 0.03984375 0.08046875
10 0.65234375 0.10390625 0.0390625 0.0703125
9 0.63125 0.0328125 0.01640625 0.02890625
10 0.6375 0.04375 0.03828125 0.0484375
6 0.58125 0.01640625 0.01328125 0.02890625
10 0.58203125 0.03359375 0.04140625 0.06484375
2 0.53984375 0.06796875 0.02421875 0.01953125
3 0.54140625 0.01875 0.01484375 0.0296875
0 0.540625 0.05625 0.0109375 0.01015625
10 0.540625 0.034375 0.040625 0.0609375
0 0.465625 0.0609375 0.01796875 0.009375
2 0.4640625 0.06953125 0.01484375 0.01015625
3 0.46328125 0.03046875 0.01015625 0.028125
10 0.46875 0.04140625 0.03671875 0.05078125
2 0.434375 0.071875 0.02578125 0.01875
3 0.4234375 0.03359375 0.0125 0.0265625
10 0.42890625 0.04375 0.04453125 0.04609375
2 0.36484375 0.04140625 0.01171875 0.01015625
2 0.3984375 0.0359375 0.015625 0.00703125