7 0.11484375 0.3828125 0.0296875 0.04375
2 0.13203125 0.390625 0.02421875 0.0359375
3 0.12578125 0.34296875 0.01796875 0.03828125
1 0.13515625 0.34453125 0.04921875 0.07421875
1 0.2390625 0.134375 0.028125 0.02578125
3 0.23671875 0.0984375 0.01484375 0.02890625
10 0.24765625 0.10859375 0.04140625 0.05078125
7 0.38515625 0.0859375 0.02265625 0.01953125
2 0.428125 0.078125 0.02109375 0.015625
3 0.396875 0.04921875 0.0140625 0.03125
1 0.39453125 0.059375 0.04921875 0.05390625
2 0.53671875 0.03203125 0.0140625 0.01171875
0 0.56953125 0.0265625 0.01328125 0.0140625
2 0.57578125 0.0328125 0.02421875 0.01171875
0 0.73125 0.06328125 0.01484375 0.009375
3 0.721875 0.02734375 0.0140625 0.0265625
10 0.71796875 0.040625 0.03984375 0.05546875
2 0.796875 0.2109375 0.03125 0.021875
3 0.79921875 0.15625 0.01640625 0.0359375
10 0.79296875 0.16953125 0.03515625 0.06640625
2 0.66015625 0.2984375 0.03203125 0.03125
7 0.7015625 0.30390625 0.03515625 0.034375
2 0.72734375 0.31953125 0.028125 0.025
3 0.70625 0.25546875 0.02109375 0.04453125
1 0.7 0.26328125 0.0703125 0.08828125
7 0.89453125 0.384375 0.03203125 0.03046875
3 0.89921875 0.33046875 0.01953125 0.04296875
10 0.88203125 0.34296875 0.05859375 0.084375
2 0.86171875 0.38125 0.02890625 0.0359375
2 0.92734375 0.678125 0.025 0.04609375
5 0.975 0.74375 0.0140625 0.03359375