7 0.13046875 0.36875 0.03359375 0.05390625
3 0.1234375 0.31953125 0.01953125 0.03984375
10 0.1390625 0.34140625 0.05390625 0.09921875
0 0.15078125 0.26796875 0.015625 0.015625
3 0.153125 0.22578125 0.0171875 0.03671875
10 0.1546875 0.24296875 0.04375 0.07890625
9 0.17890625 0.1421875 0.01484375 0.03046875
3 0.215625 0.1546875 0.01484375 0.03671875
2 0.2171875 0.1890625 0.01875 0.01875
10 0.1875 0.16328125 0.03828125 0.07421875
1 0.22578125 0.16875 0.04140625 0.06484375
3 0.203125 0.11484375 0.0140625 0.02578125
0 0.2046875 0.1390625 0.01171875 0.01015625
3 0.24453125 0.096875 0.01328125 0.0265625
10 0.20859375 0.11953125 0.0328125 0.04375
1 0.246875 0.10703125 0.03203125 0.0515625
2 0.2671875 0.09375 0.01640625 0.01328125
2 0.3640625 0.040625 0.0125 0.009375
2 0.39921875 0.0359375 0.01484375 0.00625
0 0.425 0.06953125 0.01484375 0.0109375
2 0.434375 0.071875 0.02578125 0.0140625
2 0.35859375 0.13203125 0.01953125 0.015625
3 0.3546875 0.09921875 0.01484375 0.03125
1 0.35390625 0.11015625 0.04375 0.05703125
0 0.39609375 0.11953125 0.0234375 0.015625
2 0.390625 0.13671875 0.01796875 0.01953125
3 0.39765625 0.075 0.01875 0.03359375
10 0.3984375 0.09296875 0.04375 0.0734375
3 0.42890625 0.04140625 0.01171875 0.028125
1 0.4265625 0.0515625 0.03515625 0.046875
0 0.4703125 0.0640625 0.0125 0.01015625
2 0.46484375 0.06875 0.01484375 0.0140625
3 0.4671875 0.03125 0.0125 0.0265625
10 0.4703125 0.0421875 0.03828125 0.04921875
0 0.50625 0.02421875 0.01640625 0.015625
0 0.53828125 0.06796875 0.021875 0.01796875
3 0.54140625 0.021875 0.01328125 0.0265625
10 0.540625 0.03828125 0.03984375 0.05546875
0 0.5390625 0.05625 0.0125 0.01015625
7 0.5890625 0.06796875 0.01953125 0.02109375
3 0.58828125 0.03125 0.01484375 0.03203125
10 0.5875 0.04375 0.03984375 0.059375
3 0.57578125 0.00625 0.00859375 0.0109375
2 0.49140625 0.125 0.01640625 0.01875
2 0.53203125 0.12890625 0.01640625 0.01875
2 0.5734375 0.13046875 0.01796875 0.01328125
0 0.57265625 0.11875 0.01484375 0.01484375
3 0.565625 0.08125 0.01953125 0.03203125
10 0.5625 0.09375 0.04140625 0.06328125
0 0.61015625 0.11953125 0.02109375 0.01953125
3 0.6109375 0.08046875 0.015625 0.03671875
10 0.6078125 0.09375 0.04375 0.07109375
3 0.65390625 0.08125 0.01796875 0.03515625
0 0.653125 0.13046875 0.0140625 0.01484375
10 0.6515625 0.10234375 0.04140625 0.0765625
0 0.63984375 0.06875 0.01171875 0.01171875
3 0.640625 0.03984375 0.01171875 0.0296875
10 0.63828125 0.04921875 0.03828125 0.05390625
0 0.759375 0.31875 0.021875 0.02578125
3 0.7625 0.24453125 0.0234375 0.0515625
0 0.70078125 0.29765625 0.02421875 0.025
3 0.70078125 0.24296875 0.01953125 0.04140625
10 0.753125 0.27421875 0.05390625 0.11484375
10 0.696875 0.26328125 0.05703125 0.09453125
2 0.71328125 0.20859375 0.02421875 0.01484375
2 0.66640625 0.20390625 0.02734375 0.01640625
2 0.62890625 0.209375 0.02109375 0.01953125
0 0.52890625 0.27890625 0.02734375 0.0203125
2 0.52890625 0.29921875 0.02890625 0.0296875
3 0.52734375 0.21875 0.0234375 0.05
10 0.5296875 0.23984375 0.07421875 0.09609375
5 0.4671875 0.28125 0.009375 0.015625
3 0.4625 0.22265625 0.02265625 0.04375
10 0.46796875 0.240625 0.0546875 0.07890625
0 0.3953125 0.2734375 0.02734375 0.01953125
2 0.3953125 0.29296875 0.03046875 0.01640625
3 0.3921875 0.21796875 0.02265625 0.053125
10 0.3984375 0.240625 0.06953125 0.09453125
2 0.41640625 0.2015625 0.02734375 0.021875
2 0.35078125 0.20859375 0.02421875 0.02421875
2 0.28828125 0.2984375 0.02421875 0.03046875
0 0.19140625 0.43046875 0.015625 0.0203125
3 0.19140625 0.38515625 0.02421875 0.04453125
1 0.19765625 0.3890625 0.05546875 0.10078125
0 0.2515625 0.42109375 0.028125 0.02890625
3 0.246875 0.36953125 0.02890625 0.046875
1 0.25234375 0.37109375 0.05546875 0.11328125
0 0.31328125 0.40546875 0.034375 0.0296875
3 0.31015625 0.353125 0.02734375 0.05625
2 0.36953125 0.42421875 0.03671875 0.03125
1 0.32265625 0.3703125 0.084375 0.09609375
2 0.4609375 0.40859375 0.03828125 0.034375
2 0.53203125 0.41953125 0.02734375 0.0453125
0 0.584375 0.42890625 0.0234375 0.04296875
9 0.61640625 0.3109375 0.02890625 0.05625
10 0.5921875 0.35078125 0.08125 0.15625
0 0.66328125 0.40859375 0.02421875 0.02421875
2 0.66171875 0.43125 0.0296875 0.02890625
3 0.65703125 0.30859375 0.02734375 0.0609375
10 0.653125 0.34609375 0.04453125 0.14453125
0 0.72578125 0.415625 0.03046875 0.03203125
2 0.72265625 0.43125 0.02421875 0.025
3 0.72578125 0.33125 0.02890625 0.0453125
10 0.71640625 0.36796875 0.0625 0.12109375
0 0.784375 0.41796875 0.02578125 0.0265625
3 0.78828125 0.35546875 0.02265625 0.05
10 0.78046875 0.38046875 0.06484375 0.103125
2 0.8 0.42421875 0.04140625 0.03515625
2 0.83203125 0.61328125 0.028125 0.05078125
2 0.76328125 0.60625 0.03359375 0.05625
0 0.75703125 0.59453125 0.02421875 0.034375
0 0.8296875 0.603125 0.021875 0.02578125
3 0.76328125 0.490625 0.03046875 0.06328125
10 0.75078125 0.54375 0.08984375 0.16875
1 0.81640625 0.53515625 0.071875 0.15546875
0 0.9796875 0.746875 0.015625 0.03046875
2 0.98203125 0.7703125 0.02109375 0.03515625
3 0.9921875 0.70390625 0.015625 0.06015625
10 0.9625 0.7015625 0.07421875 0.1109375
3 0.925 0.47734375 0.0203125 0.05078125
10 0.9078125 0.503125 0.06328125 0.11328125
2 0.86171875 0.3859375 0.0234375 0.03046875
0 0.9015625 0.3859375 0.015625 0.01875
3 0.90078125 0.33046875 0.01796875 0.04453125
10 0.88984375 0.34921875 0.0453125 0.09140625
3 0.81953125 0.16796875 0.01953125 0.0359375
0 0.8296875 0.21640625 0.0125 0.01328125
10 0.81640625 0.1859375 0.03515625 0.0703125
3 0.80546875 0.1125 0.01171875 0.03046875
10 0.796875 0.1265625 0.03515625 0.0609375
0 0.7546875 0.0765625 0.01015625 0.01328125
3 0.76484375 0.05703125 0.01328125 0.028125
10 0.7640625 0.071875 0.03125 0.05546875
0 0.74765625 0.065625 0.01484375 0.01328125
3 0.746875 0.0328125 0.01015625 0.0265625
1 0.74296875 0.04375 0.03203125 0.05078125
0 0.71640625 0.05859375 0.01015625 0.01328125
9 0.7140625 0.01796875 0.0125 0.0265625
10 0.7125 0.03359375 0.0296875 0.06328125