7 0.11484375 0.38359375 0.03046875 0.04296875
2 0.1328125 0.38828125 0.02265625 0.03203125
3 0.125 0.34140625 0.02109375 0.04296875
1 0.13671875 0.34296875 0.0515625 0.08046875
7 0.2390625 0.134375 0.02890625 0.0265625
3 0.2375 0.09296875 0.01328125 0.03046875
2 0.38203125 0.08671875 0.028125 0.01953125
2 0.428125 0.07890625 0.0234375 0.0140625
6 0.40234375 0.028125 0.01484375 0.03046875
10 0.3953125 0.04453125 0.04453125 0.065625
5 0.40078125 0.08125 0.0125 0.009375
2 0.53671875 0.03203125 0.0140625 0.01171875
0 0.5703125 0.0265625 0.01171875 0.01328125
2 0.5765625 0.0328125 0.02421875 0.0140625
0 0.73125 0.0640625 0.0140625 0.01328125
3 0.72265625 0.02890625 0.0125 0.028125
10 0.71796875 0.04140625 0.03984375 0.05546875
7 0.8 0.21171875 0.02109375 0.02578125
3 0.8046875 0.1671875 0.01796875 0.034375
10 0.79453125 0.18125 0.04765625 0.075
2 0.6609375 0.29921875 0.03359375 0.03125
7 0.703125 0.3046875 0.0359375 0.03515625
2 0.72734375 0.31953125 0.028125 0.02578125
3 0.7046875 0.2609375 0.021875 0.04296875
1 0.7 0.2640625 0.0703125 0.09296875
2 0.92734375 0.67890625 0.02578125 0.04453125
5 0.975 0.74296875 0.01484375 0.034375