0 0.75390625 0.58125 0.02578125 0.0453125
2 0.7625 0.60859375 0.0296875 0.04453125
0 0.83125 0.603125 0.02421875 0.028125
2 0.834375 0.62421875 0.02734375 0.03046875
3 0.8359375 0.51796875 0.03125 0.06015625
3 0.76640625 0.52421875 0.03046875 0.05625
1 0.74296875 0.53203125 0.0828125 0.11171875
1 0.81875 0.53125 0.0703125 0.15
0 0.784375 0.41796875 0.0265625 0.025
3 0.78828125 0.353125 0.02109375 0.0515625
10 0.77890625 0.378125 0.06796875 0.1015625
5 0.72734375 0.41953125 0.0109375 0.0234375
2 0.72265625 0.42734375 0.02578125 0.0359375
3 0.725 0.32578125 0.0265625 0.05625
10 0.71484375 0.35546875 0.0609375 0.115625
0 0.6609375 0.40703125 0.02421875 0.02421875
2 0.66015625 0.43125 0.03046875 0.028125
3 0.653125 0.30625 0.0265625 0.06171875
10 0.646875 0.3453125 0.05234375 0.14609375
0 0.58515625 0.42421875 0.01953125 0.04453125
9 0.58125 0.29921875 0.02890625 0.06484375
10 0.58515625 0.35078125 0.06875 0.16875
2 0.53203125 0.41875 0.02734375 0.04375
2 0.4609375 0.40625 0.0375 0.03203125
2 0.36953125 0.4234375 0.03671875 0.03046875
0 0.31015625 0.40625 0.034375 0.03046875
10 0.321875 0.3625 0.075 0.11953125
3 0.31015625 0.33203125 0.02578125 0.059375
0 0.2484375 0.43359375 0.03046875 0.02578125
3 0.25 0.3296875 0.0234375 0.05390625
10 0.2578125 0.37265625 0.05390625 0.1453125
0 0.190625 0.43046875 0.01640625 0.01953125
3 0.19140625 0.38046875 0.02265625 0.04296875
1 0.20078125 0.38671875 0.059375 0.09453125
2 0.28828125 0.296875 0.02421875 0.0265625
2 0.3953125 0.29296875 0.02890625 0.015625
0 0.396875 0.275 0.02578125 0.01875
10 0.3984375 0.23984375 0.06953125 0.09609375
0 0.475 0.27421875 0.01796875 0.03046875
3 0.46640625 0.22734375 0.021875 0.0453125
10 0.46640625 0.24140625 0.06015625 0.07421875
0 0.53046875 0.28125 0.0296875 0.03046875
3 0.52890625 0.22890625 0.02421875 0.04609375
10 0.5296875 0.24375 0.07421875 0.096875
0 0.7 0.296875 0.02421875 0.01875
3 0.70234375 0.24296875 0.0203125 0.04609375
10 0.69765625 0.2609375 0.05625 0.09453125
0 0.759375 0.31796875 0.02265625 0.021875
3 0.7625 0.24375 0.0234375 0.05390625
10 0.753125 0.27109375 0.0546875 0.11171875
2 0.71328125 0.20703125 0.02421875 0.01484375
2 0.66640625 0.20390625 0.02734375 0.01875
2 0.628125 0.20859375 0.02109375 0.01953125
2 0.50859375 0.196875 0.0203125 0.0234375
2 0.45390625 0.20078125 0.02890625 0.01875
2 0.528125 0.29921875 0.0265625 0.028125
2 0.41640625 0.20078125 0.02734375 0.01953125
2 0.35078125 0.20859375 0.02421875 0.02421875
0 0.35859375 0.13125 0.01953125 0.01640625
0 0.396875 0.11953125 0.0234375 0.01484375
3 0.39765625 0.0734375 0.01796875 0.03203125
3 0.35390625 0.090625 0.01484375 0.03125
10 0.35390625 0.10625 0.04296875 0.06875
10 0.4 0.09140625 0.04453125 0.0703125
2 0.49140625 0.12421875 0.01640625 0.01953125
2 0.53125 0.12890625 0.01640625 0.01640625
2 0.5734375 0.13046875 0.01875 0.01484375
0 0.57421875 0.11796875 0.01640625 0.0140625
0 0.571875 0.07734375 0.01796875 0.034375
10 0.56640625 0.09296875 0.04453125 0.06640625
0 0.653125 0.13125 0.0140625 0.015625
3 0.6546875 0.08515625 0.01640625 0.03125
9 0.62578125 0.08046875 0.01640625 0.03828125
1 0.61328125 0.09921875 0.04296875 0.08046875
10 0.65234375 0.1015625 0.03984375 0.07421875
3 0.63828125 0.03671875 0.0125 0.03046875
0 0.63828125 0.06875 0.01171875 0.01484375
10 0.6375 0.046875 0.0359375 0.05546875
3 0.5875 0.03046875 0.0140625 0.03125
10 0.58671875 0.04453125 0.04140625 0.065625
7 0.58984375 0.06875 0.02109375 0.01796875
2 0.53828125 0.06875 0.02265625 0.01875
3 0.54140625 0.01953125 0.01328125 0.028125
0 0.53984375 0.05546875 0.01328125 0.009375
10 0.54140625 0.0375 0.03984375 0.05859375
2 0.46484375 0.06796875 0.01484375 0.0140625
2 0.43515625 0.07265625 0.025 0.01796875
6 0.42578125 0.02265625 0.01484375 0.0265625
10 0.42890625 0.03984375 0.03984375 0.06328125
3 0.46875 0.03046875 0.01328125 0.028125
10 0.4703125 0.0421875 0.03828125 0.04921875
2 0.365625 0.04140625 0.01171875 0.009375
2 0.3984375 0.03515625 0.015625 0.00703125
0 0.503125 0.02890625 0.01640625 0.01484375
3 0.57578125 0.00625 0.01015625 0.01015625
0 0.70078125 0.028125 0.01015625 0.0109375
3 0.71640625 0.028125 0.01171875 0.0265625
10 0.715625 0.03984375 0.03515625 0.05
3 0.7453125 0.03046875 0.01015625 0.02578125
0 0.746875 0.06484375 0.01484375 0.01328125
10 0.7421875 0.04296875 0.025 0.04921875
9 0.75703125 0.0546875 0.01484375 0.02421875
10 0.7625 0.0703125 0.02734375 0.0609375
3 0.80234375 0.11015625 0.0140625 0.03125
10 0.796875 0.12578125 0.0359375 0.06328125
3 0.82890625 0.17421875 0.015625 0.034375
10 0.81953125 0.19140625 0.03359375 0.06796875
2 0.8609375 0.3859375 0.02421875 0.03046875
0 0.90234375 0.38671875 0.0171875 0.01953125
3 0.90078125 0.32890625 0.01875 0.04375
10 0.88984375 0.34921875 0.04453125 0.09140625
3 0.92890625 0.48046875 0.021875 0.0515625
10 0.91015625 0.5046875 0.06875 0.10546875
0 0.9796875 0.7453125 0.015625 0.0296875
2 0.98359375 0.771875 0.0203125 0.03125
3 0.990625 0.70234375 0.01875 0.0546875
10 0.9625 0.70234375 0.07421875 0.11171875
5 0.134375 0.3890625 0.01328125 0.01875
7 0.12421875 0.378125 0.01953125 0.04296875
3 0.1203125 0.31484375 0.01640625 0.0390625
10 0.1390625 0.3390625 0.05390625 0.09453125
0 0.15234375 0.26796875 0.01640625 0.015625
3 0.15234375 0.23359375 0.01640625 0.03515625
1 0.1546875 0.240625 0.04375 0.0703125
3 0.196875 0.14296875 0.0140625 0.03046875
0 0.19375 0.18359375 0.0140625 0.0140625
2 0.18125 0.2 0.01328125 0.01640625
2 0.21875 0.19140625 0.01875 0.01875
3 0.21484375 0.14296875 0.0171875 0.03203125
10 0.19375 0.15703125 0.0296875 0.06640625
10 0.22578125 0.1625 0.03984375 0.06953125
0 0.20390625 0.11875 0.015625 0.01484375
6 0.209375 0.10625 0.01171875 0.0203125
10 0.21015625 0.11171875 0.02734375 0.03125
0 0.23828125 0.13359375 0.01484375 0.0109375
3 0.23984375 0.09609375 0.0140625 0.02890625
10 0.24453125 0.11015625 0.03359375 0.05546875