5 0.13515625 0.3890625 0.01171875 0.01875
7 0.12578125 0.3765625 0.02265625 0.03515625
3 0.1203125 0.32578125 0.01640625 0.03046875
10 0.1390625 0.34296875 0.05546875 0.090625
0 0.153125 0.26796875 0.01328125 0.01875
3 0.1546875 0.21875 0.01640625 0.03515625
10 0.159375 0.2328125 0.03671875 0.06953125
2 0.21875 0.190625 0.01796875 0.01796875
2 0.17890625 0.20546875 0.01796875 0.01484375
3 0.18359375 0.16796875 0.01328125 0.0234375
3 0.215625 0.14921875 0.0140625 0.03359375
10 0.18515625 0.1734375 0.02578125 0.0453125
10 0.225 0.15546875 0.03671875 0.05
0 0.2 0.1234375 0.0140625 0.0203125
6 0.2046875 0.109375 0.0125 0.02109375
10 0.2078125 0.12109375 0.02890625 0.05
0 0.23984375 0.1296875 0.0140625 0.01328125
3 0.240625 0.09375 0.01171875 0.02578125
0 0.19140625 0.4296875 0.015625 0.01875
0 0.2484375 0.43203125 0.02890625 0.0265625
3 0.19140625 0.38125 0.021875 0.04140625
1 0.20078125 0.3859375 0.059375 0.09609375
3 0.25078125 0.32734375 0.02109375 0.0546875
10 0.25703125 0.37109375 0.05390625 0.15
0 0.3125 0.4109375 0.034375 0.03046875
3 0.31015625 0.33515625 0.02578125 0.05546875
10 0.31953125 0.36640625 0.07109375 0.1203125
2 0.36953125 0.4234375 0.034375 0.03046875
2 0.46171875 0.40703125 0.03671875 0.03125
2 0.53125 0.41875 0.02734375 0.04453125
0 0.590625 0.40625 0.02578125 0.028125
3 0.59375 0.32421875 0.0296875 0.06484375
10 0.5890625 0.35625 0.07421875 0.13828125
0 0.66015625 0.4140625 0.02578125 0.028125
2 0.6625 0.4359375 0.028125 0.01953125
6 0.65390625 0.3171875 0.02578125 0.06171875
10 0.65390625 0.35390625 0.05703125 0.140625
0 0.72890625 0.4234375 0.03359375 0.03046875
6 0.72265625 0.31796875 0.02421875 0.059375
10 0.71796875 0.36171875 0.06328125 0.15625
0 0.784375 0.42734375 0.02578125 0.0234375
3 0.78203125 0.3515625 0.02109375 0.05390625
1 0.77890625 0.38046875 0.06171875 0.11328125
2 0.79921875 0.425 0.0421875 0.03359375
2 0.759375 0.5984375 0.0265625 0.04375
2 0.76328125 0.615625 0.02890625 0.034375
2 0.83203125 0.6203125 0.02734375 0.03359375
0 0.83203125 0.59296875 0.02734375 0.0234375
3 0.775 0.5296875 0.0296875 0.05703125
3 0.8359375 0.50703125 0.03125 0.06015625
1 0.75 0.54140625 0.0828125 0.115625
1 0.82109375 0.5296875 0.0640625 0.15
0 0.76015625 0.3171875 0.02265625 0.0265625
0 0.70078125 0.29765625 0.02421875 0.01953125
3 0.703125 0.24296875 0.02109375 0.04453125
10 0.696875 0.2609375 0.05625 0.09296875
3 0.7609375 0.24375 0.021875 0.04921875
10 0.7515625 0.271875 0.053125 0.10546875
0 0.525 0.28203125 0.0171875 0.0265625
2 0.52890625 0.29609375 0.02890625 0.03046875
3 0.53125 0.23046875 0.0234375 0.0453125
1 0.528125 0.24296875 0.0734375 0.0953125
3 0.46796875 0.2265625 0.0234375 0.046875
10 0.46796875 0.2390625 0.0546875 0.0765625
5 0.4703125 0.28203125 0.01015625 0.01875
2 0.3953125 0.29140625 0.03046875 0.01875
0 0.3953125 0.27421875 0.02578125 0.01953125
3 0.3921875 0.21796875 0.02421875 0.053125
10 0.3984375 0.23828125 0.06796875 0.09453125
2 0.28828125 0.2984375 0.02421875 0.0296875
2 0.35078125 0.209375 0.02421875 0.02578125
2 0.41640625 0.20078125 0.02734375 0.01953125
2 0.45390625 0.2015625 0.028125 0.025
2 0.51015625 0.19765625 0.02421875 0.0265625
2 0.628125 0.2078125 0.0203125 0.01953125
2 0.6671875 0.2046875 0.028125 0.01875
2 0.7125 0.20703125 0.02421875 0.01640625
0 0.653125 0.13046875 0.0140625 0.01484375
0 0.6375 0.12578125 0.0171875 0.01796875
9 0.62265625 0.07890625 0.01796875 0.03515625
3 0.646875 0.08125 0.01640625 0.034375
1 0.61328125 0.0984375 0.03828125 0.08046875
10 0.6515625 0.1015625 0.03828125 0.075
2 0.6109375 0.1296875 0.02109375 0.01484375
2 0.575 0.13125 0.0171875 0.01015625
0 0.56796875 0.11796875 0.0171875 0.015625
3 0.56640625 0.06953125 0.01796875 0.0359375
10 0.565625 0.08984375 0.0484375 0.07578125
2 0.53203125 0.12890625 0.01640625 0.01875
2 0.49140625 0.12421875 0.01640625 0.01953125
2 0.39140625 0.1359375 0.01796875 0.01875
0 0.396875 0.11875 0.02109375 0.015625
2 0.35703125 0.1359375 0.01484375 0.01796875
6 0.35 0.08203125 0.0171875 0.03125
10 0.35390625 0.103125 0.03984375 0.07421875
10 0.4 0.09296875 0.0453125 0.0765625
2 0.42890625 0.071875 0.01484375 0.01328125
6 0.425 0.02265625 0.01171875 0.0265625
0 0.4234375 0.05546875 0.01171875 0.01484375
10 0.43046875 0.03828125 0.03984375 0.059375
2 0.46328125 0.06875 0.01484375 0.01328125
3 0.471875 0.015625 0.01328125 0.0265625
10 0.471875 0.03203125 0.0421875 0.06328125
0 0.50546875 0.02578125 0.01015625 0.01171875
3 0.54140625 0.01953125 0.01484375 0.028125
2 0.53828125 0.06796875 0.02421875 0.01796875
10 0.540625 0.0359375 0.03984375 0.05625
3 0.58125 0.0171875 0.0140625 0.02890625
2 0.5859375 0.06953125 0.01484375 0.01796875
10 0.58203125 0.0328125 0.03828125 0.0640625
3 0.63828125 0.03828125 0.01484375 0.03046875
10 0.63984375 0.046875 0.03828125 0.05546875
2 0.365625 0.04140625 0.01328125 0.01015625
2 0.3984375 0.0359375 0.01640625 0.00859375
2 0.26640625 0.09375 0.01640625 0.01328125
0 0.98046875 0.74609375 0.0140625 0.02890625
2 0.98203125 0.76875 0.02109375 0.03828125
3 0.9921875 0.7046875 0.015625 0.05546875
10 0.9625 0.6984375 0.075 0.10625
3 0.928125 0.4765625 0.0234375 0.05
10 0.909375 0.49921875 0.0671875 0.109375
2 0.86171875 0.3859375 0.02421875 0.03046875
0 0.9015625 0.38828125 0.01796875 0.01875
3 0.9015625 0.34375 0.01796875 0.0359375
1 0.890625 0.35234375 0.04296875 0.08984375
3 0.828125 0.175 0.015625 0.03359375
10 0.82109375 0.190625 0.0328125 0.06640625
3 0.80234375 0.1109375 0.0140625 0.03125
10 0.79453125 0.13046875 0.03828125 0.06953125
0 0.7578125 0.09296875 0.015625 0.015625
3 0.7609375 0.06796875 0.0125 0.0265625
10 0.765625 0.07890625 0.03046875 0.046875
0 0.7453125 0.0671875 0.01171875 0.0140625
0 0.71640625 0.059375 0.01328125 0.01328125
3 0.75078125 0.04375 0.0125 0.0234375
3 0.71328125 0.02890625 0.01171875 0.02578125
10 0.71328125 0.0421875 0.03046875 0.0546875
1 0.74375 0.05234375 0.0296875 0.03984375
3 0.39765625 0.0765625 0.021875 0.04375