5 0.13671875 0.38671875 0.0109375 0.01875
7 0.125 0.37890625 0.02109375 0.03359375
3 0.1203125 0.31796875 0.01796875 0.03828125
10 0.13828125 0.33515625 0.05390625 0.08125
0 0.1515625 0.26796875 0.01640625 0.0140625
3 0.15078125 0.23125 0.01640625 0.03203125
1 0.15625 0.24296875 0.03671875 0.06875
3 0.19453125 0.14375 0.0125 0.0296875
2 0.18125 0.19921875 0.0125 0.01796875
2 0.2171875 0.19140625 0.01875 0.01796875
3 0.2140625 0.153125 0.015625 0.03359375
10 0.19375 0.15625 0.02890625 0.06640625
1 0.2265625 0.16640625 0.03984375 0.0640625
3 0.20703125 0.11328125 0.01015625 0.01953125
3 0.24453125 0.0984375 0.0125 0.03046875
1 0.246875 0.1078125 0.0296875 0.05078125
10 0.2109375 0.11640625 0.028125 0.0359375
2 0.26640625 0.09375 0.01484375 0.01484375
2 0.36484375 0.04140625 0.01171875 0.01015625
2 0.3984375 0.0359375 0.01640625 0.00703125
0 0.50703125 0.02265625 0.01875 0.01171875
3 0.57578125 0.00625 0.01015625 0.0109375
0 0.63828125 0.06796875 0.01171875 0.015625
3 0.6375 0.03828125 0.01328125 0.03046875
10 0.6375 0.046875 0.03828125 0.05546875
9 0.590625 0.03125 0.01640625 0.02890625
7 0.590625 0.06953125 0.01953125 0.0203125
10 0.5875 0.04296875 0.0390625 0.05859375
3 0.540625 0.01953125 0.01328125 0.028125
0 0.540625 0.05546875 0.01171875 0.009375
2 0.53828125 0.06796875 0.02265625 0.01796875
10 0.540625 0.0359375 0.0390625 0.05703125
2 0.46328125 0.06875 0.01484375 0.01328125
3 0.46796875 0.03203125 0.01171875 0.0234375
10 0.4703125 0.04296875 0.0375 0.0484375
0 0.46640625 0.05859375 0.01796875 0.01328125
2 0.434375 0.07109375 0.0265625 0.01484375
5 0.4265625 0.06953125 0.00859375 0.0046875
6 0.425 0.02265625 0.01328125 0.0265625
10 0.42890625 0.040625 0.0375 0.059375
0 0.359375 0.13359375 0.01796875 0.01171875
3 0.3546875 0.09140625 0.01484375 0.0296875
10 0.35390625 0.10625 0.04296875 0.06875
0 0.396875 0.11953125 0.0234375 0.01484375
2 0.390625 0.13671875 0.01796875 0.01953125
3 0.39765625 0.075 0.01875 0.03125
10 0.4 0.09375 0.04375 0.078125
2 0.49140625 0.12421875 0.01640625 0.01953125
2 0.53203125 0.128125 0.01796875 0.01796875
0 0.5734375 0.11796875 0.01640625 0.0140625
2 0.5734375 0.13046875 0.01875 0.01328125
3 0.57109375 0.078125 0.0171875 0.03203125
10 0.56640625 0.09375 0.04453125 0.06484375
0 0.61015625 0.11796875 0.01953125 0.015625
2 0.61171875 0.13046875 0.0203125 0.01328125
3 0.61015625 0.08125 0.01640625 0.034375
10 0.61015625 0.09375 0.04140625 0.0703125
0 0.653125 0.13046875 0.01484375 0.01640625
3 0.65390625 0.08515625 0.01796875 0.03125
10 0.6515625 0.10390625 0.04140625 0.07421875
2 0.71328125 0.20859375 0.02421875 0.01640625
2 0.6671875 0.20390625 0.02578125 0.01796875
2 0.62890625 0.20859375 0.02109375 0.01953125
2 0.509375 0.19765625 0.01953125 0.025
2 0.4484375 0.1984375 0.01875 0.01953125
2 0.415625 0.2 0.028125 0.0203125
2 0.35078125 0.20859375 0.02265625 0.02421875
2 0.28828125 0.2984375 0.02109375 0.0296875
2 0.3953125 0.29140625 0.02890625 0.01875
0 0.3953125 0.2734375 0.02734375 0.01875
3 0.3921875 0.21875 0.02265625 0.0515625
10 0.3984375 0.240625 0.06953125 0.0953125
3 0.46875 0.2125 0.0203125 0.04375
5 0.4703125 0.28125 0.00859375 0.015625
10 0.46875 0.23125 0.0515625 0.0890625
0 0.53046875 0.28125 0.03046875 0.028125
2 0.528125 0.3015625 0.0265625 0.02421875
3 0.52890625 0.21953125 0.02265625 0.04921875
10 0.528125 0.24375 0.07421875 0.1
0 0.70078125 0.2984375 0.02421875 0.02109375
3 0.7015625 0.24296875 0.01953125 0.04375
10 0.69765625 0.2609375 0.05546875 0.09453125
0 0.76015625 0.31796875 0.021875 0.025
3 0.7625 0.2453125 0.0234375 0.0484375
10 0.753125 0.27578125 0.05390625 0.11171875
0 0.78515625 0.41875 0.02578125 0.028125
3 0.78828125 0.3546875 0.02265625 0.05
10 0.78046875 0.38125 0.0640625 0.10625
0 0.72578125 0.41640625 0.03203125 0.02890625
2 0.72265625 0.43125 0.025 0.0265625
3 0.7265625 0.33125 0.028125 0.046875
10 0.71640625 0.36875 0.06328125 0.1203125
0 0.66171875 0.4109375 0.02421875 0.0296875
2 0.66171875 0.43203125 0.0296875 0.028125
3 0.65390625 0.30625 0.02734375 0.0609375
10 0.64609375 0.3484375 0.05546875 0.14609375
9 0.59375 0.29140625 0.0296875 0.05546875
10 0.5890625 0.325 0.0875 0.14296875
5 0.5890625 0.43671875 0.01171875 0.02890625
2 0.53125 0.41953125 0.0265625 0.04453125
2 0.4609375 0.40703125 0.0375 0.03359375
2 0.36953125 0.42421875 0.03671875 0.03046875
0 0.31484375 0.4 0.0296875 0.03125
3 0.3140625 0.34296875 0.02578125 0.05546875
1 0.321875 0.365625 0.07734375 0.10546875
5 0.253125 0.42421875 0.0171875 0.01640625
3 0.25234375 0.32421875 0.02109375 0.05546875
10 0.26171875 0.353125 0.05703125 0.1140625
0 0.1921875 0.43046875 0.015625 0.0203125
3 0.19140625 0.38203125 0.02265625 0.03984375
1 0.2015625 0.390625 0.06328125 0.10078125
2 0.76328125 0.60546875 0.03203125 0.053125
3 0.76328125 0.54296875 0.02890625 0.06484375
1 0.74296875 0.53125 0.08203125 0.10625
5 0.759375 0.59140625 0.01640625 0.0296875
0 0.8328125 0.60625 0.02578125 0.02890625
10 0.8171875 0.5390625 0.071875 0.16171875
3 0.83671875 0.51796875 0.0328125 0.05859375
0 0.9796875 0.74453125 0.015625 0.03046875
2 0.98359375 0.771875 0.0203125 0.03125
3 0.990625 0.70390625 0.01875 0.0546875
10 0.9625 0.70546875 0.07421875 0.10390625
3 0.92890625 0.48828125 0.021875 0.05078125
10 0.91015625 0.50546875 0.06953125 0.1046875
2 0.86171875 0.3859375 0.0234375 0.03046875
0 0.903125 0.38671875 0.0171875 0.01953125
3 0.90078125 0.33046875 0.01796875 0.04375
10 0.8890625 0.35 0.04609375 0.09296875
9 0.81953125 0.16796875 0.01875 0.034375
0 0.83046875 0.21640625 0.0109375 0.01328125
10 0.81640625 0.18671875 0.0375 0.07109375
3 0.8046875 0.11328125 0.01328125 0.03125
10 0.7953125 0.12734375 0.034375 0.0640625
0 0.75625 0.06875 0.01640625 0.021875
3 0.76953125 0.05546875 0.0125 0.028125
10 0.765625 0.0703125 0.0328125 0.059375
3 0.746875 0.03203125 0.0109375 0.025
10 0.74140625 0.04453125 0.03203125 0.0515625
9 0.7125 0.01875 0.0109375 0.028125
10 0.71015625 0.0328125 0.02890625 0.05859375