0 0.19140625 0.43125 0.015625 0.02109375
3 0.19140625 0.38046875 0.02265625 0.04453125
1 0.20078125 0.3890625 0.059375 0.09921875
0 0.2484375 0.434375 0.03046875 0.02578125
3 0.2484375 0.328125 0.021875 0.05546875
10 0.2578125 0.371875 0.05546875 0.15
0 0.3109375 0.4078125 0.034375 0.03203125
3 0.31015625 0.33671875 0.02578125 0.05625
1 0.31953125 0.365625 0.075 0.11875
2 0.36953125 0.4234375 0.03515625 0.03046875
2 0.4609375 0.40703125 0.03671875 0.03046875
2 0.53203125 0.41953125 0.02578125 0.0453125
0 0.59375 0.4078125 0.0296875 0.025
9 0.60078125 0.31875 0.02890625 0.06328125
10 0.5890625 0.3546875 0.07421875 0.1390625
0 0.66015625 0.41171875 0.02421875 0.0296875
2 0.6609375 0.43203125 0.028125 0.0203125
6 0.65546875 0.3171875 0.0265625 0.0640625
10 0.65390625 0.35546875 0.05859375 0.13828125
5 0.7296875 0.42265625 0.015625 0.025
3 0.73984375 0.34453125 0.02578125 0.05703125
10 0.71953125 0.359375 0.06640625 0.0859375
0 0.78515625 0.42578125 0.02578125 0.025
3 0.784375 0.35234375 0.02109375 0.0546875
3 0.78203125 0.38046875 0.05703125 0.1109375
2 0.79921875 0.42578125 0.04296875 0.03671875
0 0.76015625 0.31640625 0.02265625 0.02578125
0 0.70078125 0.29765625 0.025 0.025
3 0.70234375 0.24140625 0.02265625 0.04609375
3 0.76171875 0.24375 0.0234375 0.05
3 0.753125 0.27109375 0.053125 0.11015625
10 0.69765625 0.2625 0.05703125 0.09375
2 0.70078125 0.31640625 0.021875 0.0140625
0 0.525 0.28125 0.01796875 0.02890625
2 0.52890625 0.296875 0.02890625 0.03125
3 0.53125 0.2296875 0.02265625 0.0484375
1 0.528125 0.2421875 0.07421875 0.08984375
3 0.46328125 0.22265625 0.02109375 0.04375
5 0.4703125 0.28046875 0.00859375 0.01640625
10 0.4671875 0.23984375 0.05390625 0.078125
0 0.396875 0.27421875 0.0265625 0.0203125
2 0.3953125 0.29296875 0.03046875 0.01640625
10 0.39765625 0.23984375 0.06953125 0.09609375
3 0.39375 0.21796875 0.02421875 0.05078125
2 0.2875 0.296875 0.02265625 0.0265625
2 0.35078125 0.20859375 0.02265625 0.02421875
2 0.41640625 0.2015625 0.02578125 0.0234375
2 0.45 0.2015625 0.0171875 0.021875
2 0.503125 0.19609375 0.03046875 0.0265625
2 0.62890625 0.2078125 0.01953125 0.01953125
2 0.66640625 0.20390625 0.02734375 0.01875
2 0.7140625 0.20703125 0.025 0.01640625
0 0.65234375 0.13125 0.0140625 0.015625
3 0.64765625 0.08046875 0.01640625 0.03515625
9 0.62578125 0.08125 0.01875 0.0359375
1 0.6125 0.10078125 0.03984375 0.08046875
10 0.6515625 0.10078125 0.03828125 0.07578125
2 0.61171875 0.13046875 0.0203125 0.01796875
2 0.57421875 0.13046875 0.01953125 0.0140625
0 0.575 0.115625 0.0171875 0.01484375
3 0.57265625 0.07421875 0.01796875 0.03515625
10 0.56640625 0.090625 0.04453125 0.06875
2 0.53203125 0.12890625 0.01796875 0.01875
2 0.49140625 0.12421875 0.01796875 0.01953125
2 0.390625 0.1359375 0.01796875 0.01875
2 0.3578125 0.13671875 0.01484375 0.01875
0 0.396875 0.11953125 0.02109375 0.01796875
3 0.35390625 0.08203125 0.01484375 0.034375
3 0.39765625 0.07421875 0.01640625 0.03203125
10 0.35390625 0.09921875 0.03984375 0.06875
10 0.39921875 0.09296875 0.04296875 0.071875
2 0.3640625 0.040625 0.0125 0.00859375
2 0.3984375 0.0359375 0.01484375 0.00859375
2 0.42890625 0.0734375 0.01484375 0.015625
0 0.4296875 0.0546875 0.0125 0.01328125
6 0.42890625 0.021875 0.01171875 0.02578125
10 0.4296875 0.040625 0.03828125 0.06171875
2 0.46328125 0.06875 0.01484375 0.01328125
6 0.46953125 0.01875 0.01484375 0.0265625
0 0.465625 0.05625 0.01328125 0.01171875
10 0.46953125 0.0359375 0.03515625 0.059375
5 0.50625 0.03046875 0.01015625 0.00703125
2 0.49453125 0.0296875 0.0125 0.0109375
2 0.53828125 0.06796875 0.02265625 0.01953125
3 0.54140625 0.01796875 0.01328125 0.02890625
10 0.540625 0.03359375 0.03984375 0.06328125
0 0.53984375 0.05625 0.0109375 0.01015625
9 0.58125 0.01640625 0.0140625 0.02890625
10 0.57890625 0.03515625 0.03359375 0.06875
3 0.6375 0.0375 0.01328125 0.03046875
10 0.6375 0.04375 0.03828125 0.04296875
0 0.71875 0.06171875 0.00859375 0.00703125
3 0.71640625 0.028125 0.01171875 0.0265625
10 0.71484375 0.0421875 0.03359375 0.0546875
6 0.74375 0.03125 0.01015625 0.025
10 0.7453125 0.046875 0.028125 0.05625
0 0.75625 0.078125 0.01171875 0.0109375
3 0.7671875 0.05703125 0.0125 0.0296875
10 0.76640625 0.0703125 0.03203125 0.05703125
3 0.80703125 0.11953125 0.015625 0.03359375
10 0.796875 0.13359375 0.04296875 0.06171875
3 0.828125 0.17421875 0.0171875 0.03515625
10 0.82109375 0.190625 0.03203125 0.06875
2 0.8609375 0.3859375 0.025 0.03046875
0 0.9015625 0.3859375 0.01796875 0.01875
3 0.9015625 0.3296875 0.01796875 0.04296875
10 0.890625 0.3484375 0.04296875 0.09140625
3 0.928125 0.47578125 0.02578125 0.05
10 0.909375 0.49453125 0.0640625 0.10625
0 0.83125 0.59921875 0.02890625 0.0296875
3 0.8359375 0.50703125 0.03125 0.0609375
1 0.82109375 0.5328125 0.0671875 0.15859375
2 0.83203125 0.62421875 0.02890625 0.03046875
2 0.7625 0.60390625 0.0328125 0.0546875
0 0.759375 0.6015625 0.028125 0.03671875
3 0.77421875 0.525 0.03046875 0.05703125
1 0.75 0.54296875 0.0828125 0.13046875
0 0.98046875 0.74765625 0.0140625 0.03046875
2 0.984375 0.77265625 0.0203125 0.03046875
3 0.990625 0.7046875 0.01875 0.059375
1 0.9625 0.70390625 0.075 0.1140625
5 0.13515625 0.38828125 0.01328125 0.01875
10 0.128125 0.3484375 0.0578125 0.08046875
0 0.1546875 0.26640625 0.01484375 0.0203125
3 0.15546875 0.21875 0.01796875 0.03671875
10 0.159375 0.23203125 0.03671875 0.06875
0 0.18125 0.19375 0.01328125 0.01484375
2 0.178125 0.20625 0.0171875 0.0140625
3 0.184375 0.16640625 0.0140625 0.028125
1 0.190625 0.1703125 0.03359375 0.04296875
2 0.21875 0.190625 0.01953125 0.01796875
3 0.215625 0.15078125 0.015625 0.03203125
10 0.22578125 0.16640625 0.03828125 0.0640625
9 0.21640625 0.10625 0.01171875 0.0265625
10 0.2125 0.11796875 0.03359375 0.05078125
3 0.24375 0.08515625 0.0140625 0.028125
10 0.246875 0.1015625 0.0328125 0.06171875
2 0.26796875 0.09375 0.0140625 0.01328125