0 0.1921875 0.42890625 0.01796875 0.02109375
3 0.190625 0.37890625 0.0234375 0.040625
1 0.2015625 0.390625 0.05859375 0.1015625
0 0.25 0.43203125 0.03359375 0.02578125
3 0.25078125 0.3359375 0.021875 0.04453125
10 0.25859375 0.378125 0.05390625 0.14453125
0 0.31171875 0.41328125 0.0390625 0.0296875
3 0.3125 0.3359375 0.02578125 0.05546875
10 0.3203125 0.36796875 0.07265625 0.1234375
2 0.3703125 0.42421875 0.03671875 0.03125
2 0.4609375 0.40859375 0.03828125 0.03359375
2 0.53125 0.41953125 0.02734375 0.0453125
2 0.65703125 0.42109375 0.04921875 0.04921875
5 0.66796875 0.41796875 0.0171875 0.025
0 0.59140625 0.40625 0.028125 0.028125
3 0.59453125 0.32421875 0.02578125 0.05625
10 0.5890625 0.35546875 0.07109375 0.13828125
3 0.659375 0.27109375 0.02578125 0.059375
10 0.65078125 0.31875 0.06015625 0.15546875
0 0.72890625 0.42421875 0.034375 0.02890625
3 0.72890625 0.32890625 0.02734375 0.05546875
10 0.71640625 0.36796875 0.06328125 0.1359375
0 0.784375 0.43125 0.0265625 0.0265625
2 0.79921875 0.42421875 0.04453125 0.03515625
3 0.784375 0.34375 0.02109375 0.05
10 0.78046875 0.37890625 0.0609375 0.13046875
0 0.76015625 0.59921875 0.028125 0.04296875
2 0.7625 0.6046875 0.03359375 0.05546875
0 0.83203125 0.60078125 0.02421875 0.03046875
2 0.83203125 0.62265625 0.02734375 0.03203125
3 0.771875 0.5359375 0.0296875 0.0546875
3 0.834375 0.50546875 0.03046875 0.0609375
1 0.75078125 0.5421875 0.08125 0.115625
10 0.8203125 0.534375 0.06484375 0.16015625
3 0.9265625 0.47890625 0.02265625 0.04609375
10 0.91015625 0.4984375 0.06484375 0.103125
2 0.86171875 0.3859375 0.0234375 0.03125
0 0.9015625 0.38828125 0.01796875 0.01875
10 0.89140625 0.35 0.04140625 0.09296875
3 0.9015625 0.32734375 0.01640625 0.04140625
2 0.1265625 0.375 0.01953125 0.03125
5 0.13515625 0.3890625 0.01328125 0.01875
3 0.12890625 0.309375 0.02109375 0.0359375
10 0.140625 0.3265625 0.0578125 0.0859375
0 0.153125 0.26640625 0.0140625 0.01953125
3 0.1546875 0.21875 0.01640625 0.034375
10 0.159375 0.2359375 0.0359375 0.071875
2 0.22265625 0.18828125 0.02265625 0.01875
2 0.17890625 0.203125 0.01796875 0.01953125
5 0.19765625 0.18984375 0.01171875 0.00546875
9 0.19140625 0.13203125 0.01484375 0.0265625
10 0.19453125 0.15546875 0.034375 0.07421875
9 0.22734375 0.1234375 0.0171875 0.03125
10 0.2328125 0.146875 0.03359375 0.08515625
0 0.20390625 0.11796875 0.01484375 0.01640625
6 0.2078125 0.10625 0.0125 0.015625
10 0.20859375 0.11796875 0.02109375 0.04375
6 0.23984375 0.090625 0.0109375 0.0234375
10 0.24765625 0.103125 0.02890625 0.05390625
2 0.26640625 0.09296875 0.01640625 0.0140625
2 0.28828125 0.2984375 0.02265625 0.02578125
0 0.39609375 0.2765625 0.0265625 0.01953125
2 0.3953125 0.29296875 0.03046875 0.015625
3 0.39375 0.21953125 0.0234375 0.05
10 0.3984375 0.2390625 0.06875 0.09375
5 0.4703125 0.28125 0.009375 0.01640625
3 0.46171875 0.22421875 0.02265625 0.04375
10 0.46796875 0.23984375 0.0546875 0.07578125
5 0.528125 0.28828125 0.0109375 0.01796875
2 0.52890625 0.29609375 0.02734375 0.03359375
3 0.534375 0.20703125 0.0234375 0.0484375
10 0.528125 0.22890625 0.06640625 0.0953125
0 0.70078125 0.2984375 0.02421875 0.0203125
3 0.70078125 0.24296875 0.01953125 0.04453125
10 0.7 0.26328125 0.05078125 0.09453125
0 0.7609375 0.3171875 0.02265625 0.025
3 0.7609375 0.24296875 0.02109375 0.04921875
10 0.753125 0.27109375 0.05078125 0.1109375
6 0.83125 0.18125 0.01484375 0.03203125
10 0.821875 0.19296875 0.0375 0.05859375
6 0.8046875 0.1140625 0.0125 0.03125
10 0.79453125 0.13125 0.03671875 0.0703125
0 0.75703125 0.09375 0.01484375 0.0140625
3 0.7609375 0.06953125 0.0125 0.02421875
10 0.76484375 0.07890625 0.03125 0.046875
0 0.7453125 0.06796875 0.01328125 0.01328125
3 0.75 0.0453125 0.0109375 0.021875
1 0.74375 0.053125 0.0265625 0.03984375
3 0.71796875 0.03046875 0.0109375 0.02421875
10 0.7140625 0.0421875 0.03359375 0.05078125
2 0.71328125 0.20859375 0.02421875 0.015625
2 0.66640625 0.20390625 0.02734375 0.01640625
2 0.62890625 0.20859375 0.02109375 0.01953125
2 0.5078125 0.1984375 0.01796875 0.025
2 0.45 0.20078125 0.0171875 0.01875
2 0.41640625 0.2 0.02578125 0.0203125
2 0.35078125 0.209375 0.021875 0.0234375
0 0.35859375 0.13046875 0.0140625 0.01328125
2 0.35859375 0.140625 0.01484375 0.0109375
3 0.35703125 0.09609375 0.01484375 0.0296875
10 0.35546875 0.10625 0.03828125 0.05390625
2 0.390625 0.13671875 0.01796875 0.01953125
0 0.39609375 0.12109375 0.021875 0.015625
3 0.396875 0.075 0.0171875 0.03125
10 0.4 0.0921875 0.04453125 0.06953125
2 0.49140625 0.125 0.01796875 0.01875
7 0.521875 0.121875 0.0328125 0.02890625
2 0.575 0.128125 0.01796875 0.0203125
10 0.546875 0.08359375 0.06640625 0.07109375
0 0.59296875 0.12421875 0.01484375 0.021875
3 0.60390625 0.07578125 0.015625 0.03671875
10 0.60234375 0.09453125 0.0390625 0.078125
2 0.61328125 0.13125 0.01640625 0.01171875
0 0.65390625 0.13125 0.01875 0.01640625
3 0.64921875 0.078125 0.0171875 0.034375
10 0.64921875 0.09921875 0.040625 0.08125
2 0.42890625 0.0734375 0.01484375 0.01171875
6 0.428125 0.02578125 0.0109375 0.025
10 0.43125 0.040625 0.03984375 0.06015625
2 0.46328125 0.06875 0.01484375 0.01328125
9 0.478125 0.02109375 0.015625 0.02890625
10 0.4734375 0.034375 0.034375 0.06015625
0 0.5078125 0.02421875 0.01484375 0.0140625
2 0.49453125 0.02890625 0.01171875 0.01171875
3 0.540625 0.02109375 0.01328125 0.02578125
10 0.53984375 0.034375 0.0390625 0.06015625
2 0.53828125 0.06875 0.02109375 0.01640625
2 0.5859375 0.06953125 0.015625 0.01953125
3 0.584375 0.02890625 0.0140625 0.028125
10 0.5828125 0.040625 0.03671875 0.0546875
3 0.63828125 0.02890625 0.0125 0.02578125
10 0.63515625 0.0421875 0.0375 0.0546875
2 0.365625 0.04140625 0.01171875 0.009375
2 0.3984375 0.03671875 0.01484375 0.00859375
0 0.9796875 0.74921875 0.01640625 0.028125
2 0.98359375 0.77109375 0.0203125 0.0359375
10 0.9625 0.70078125 0.071875 0.10703125