2 0.928125 0.678125 0.0265625 0.0453125
7 0.8953125 0.3859375 0.03046875 0.03046875
3 0.89921875 0.33125 0.01953125 0.04140625
10 0.8828125 0.34453125 0.05859375 0.08828125
2 0.8609375 0.38125 0.02890625 0.0359375
2 0.66015625 0.2984375 0.03359375 0.03046875
2 0.72734375 0.31953125 0.02734375 0.0234375
7 0.70234375 0.3046875 0.0359375 0.03515625
3 0.70625 0.25625 0.02109375 0.04453125
1 0.7 0.2625 0.0703125 0.08984375
0 0.73046875 0.0640625 0.0140625 0.01328125
3 0.72109375 0.02734375 0.01328125 0.02890625
10 0.71796875 0.04140625 0.03828125 0.05625
2 0.53671875 0.03125 0.0140625 0.01328125
0 0.56953125 0.0265625 0.01328125 0.01171875
2 0.57734375 0.03203125 0.02421875 0.01328125
7 0.38515625 0.0859375 0.02265625 0.01875
2 0.428125 0.078125 0.0234375 0.015625
3 0.38671875 0.03125 0.01484375 0.03125
10 0.3890625 0.05546875 0.04296875 0.0765625
7 0.23671875 0.13359375 0.0265625 0.0234375
3 0.2421875 0.08359375 0.01328125 0.02890625
10 0.24765625 0.103125 0.03671875 0.0640625
7 0.11484375 0.3828125 0.0296875 0.04375
2 0.13203125 0.38984375 0.021875 0.03359375
3 0.12578125 0.34375 0.01796875 0.0390625
1 0.13515625 0.34296875 0.05078125 0.07109375
5 0.975 0.74375 0.01328125 0.03359375