7 0.12578125 0.37265625 0.02578125 0.0453125
5 0.13671875 0.38671875 0.0109375 0.01953125
3 0.12265625 0.31875 0.01953125 0.04296875
10 0.1375 0.3359375 0.0484375 0.08046875
3 0.15078125 0.2296875 0.01640625 0.03359375
3 0.1546875 0.24609375 0.046875 0.07578125
0 0.18125 0.19140625 0.01640625 0.0140625
2 0.18046875 0.20390625 0.01484375 0.01328125
3 0.184375 0.15546875 0.01328125 0.03125
10 0.18828125 0.16875 0.03828125 0.06015625
2 0.21796875 0.19140625 0.01953125 0.01953125
3 0.2171875 0.153125 0.01484375 0.0390625
10 0.22578125 0.16640625 0.03671875 0.06875
3 0.20703125 0.11015625 0.01171875 0.0296875
0 0.20625 0.1359375 0.0140625 0.009375
10 0.21328125 0.11796875 0.028125 0.0453125
0 0.2390625 0.12890625 0.015625 0.01328125
3 0.23828125 0.0984375 0.01484375 0.0296875
10 0.24609375 0.10625 0.03046875 0.04921875
2 0.26640625 0.09375 0.01640625 0.01328125
0 0.18984375 0.43046875 0.0140625 0.0203125
3 0.18828125 0.38203125 0.02421875 0.0453125
1 0.19921875 0.3875 0.0578125 0.10625
0 0.25390625 0.42421875 0.02421875 0.0296875
3 0.246875 0.37421875 0.0234375 0.04375
1 0.253125 0.38046875 0.05703125 0.11328125
0 0.31328125 0.40390625 0.034375 0.03046875
3 0.31171875 0.35078125 0.0265625 0.05546875
1 0.321875 0.36953125 0.08515625 0.09453125
2 0.36953125 0.42421875 0.03515625 0.03125
2 0.4609375 0.40703125 0.0375 0.03203125
2 0.53203125 0.41875 0.02734375 0.04453125
5 0.584375 0.415625 0.01171875 0.02578125
5 0.659375 0.42578125 0.01171875 0.02578125
2 0.66015625 0.4234375 0.03359375 0.04609375
3 0.5859375 0.2828125 0.02578125 0.06171875
10 0.58203125 0.32421875 0.071875 0.14453125
3 0.6515625 0.290625 0.02734375 0.06328125
10 0.64765625 0.33515625 0.0625 0.15546875
0 0.72578125 0.41796875 0.02890625 0.034375
2 0.72265625 0.43125 0.02421875 0.03046875
3 0.73203125 0.33515625 0.02890625 0.05546875
10 0.71640625 0.36875 0.06328125 0.128125
0 0.784375 0.41796875 0.02890625 0.028125
3 0.78828125 0.35546875 0.02265625 0.05
10 0.78125 0.38125 0.0640625 0.096875
0 0.76015625 0.31796875 0.02109375 0.025
3 0.7625 0.24296875 0.0234375 0.05078125
10 0.75390625 0.27578125 0.053125 0.11328125
10 0.69453125 0.24375 0.06484375 0.1296875
5 0.70078125 0.3046875 0.01015625 0.01640625
2 0.69921875 0.30546875 0.0234375 0.02578125
9 0.70078125 0.2 0.02421875 0.04453125
0 0.52890625 0.27421875 0.02734375 0.02890625
3 0.53125 0.21875 0.02421875 0.05
10 0.52890625 0.23828125 0.075 0.09375
2 0.52890625 0.29453125 0.028125 0.034375
5 0.46796875 0.28046875 0.0078125 0.01875
3 0.46953125 0.21796875 0.02109375 0.04375
10 0.4671875 0.23671875 0.06015625 0.08046875
2 0.51015625 0.19765625 0.02109375 0.025
2 0.62890625 0.20859375 0.021875 0.01953125
2 0.66484375 0.203125 0.0234375 0.01796875
3 0.65234375 0.08046875 0.0171875 0.03515625
0 0.659375 0.13125 0.0203125 0.01796875
10 0.6515625 0.10078125 0.04375 0.07578125
0 0.61171875 0.121875 0.0203125 0.01875
3 0.61015625 0.07890625 0.01640625 0.0390625
10 0.609375 0.09453125 0.04453125 0.07421875
3 0.56953125 0.0796875 0.01796875 0.03359375
0 0.5734375 0.11796875 0.015625 0.0140625
2 0.575 0.13046875 0.0203125 0.01328125
10 0.565625 0.09296875 0.04375 0.06171875
2 0.49140625 0.12421875 0.01796875 0.01953125
3 0.44453125 0.065625 0.01796875 0.034375
5 0.42578125 0.12265625 0.00703125 0.01171875
10 0.44453125 0.08359375 0.03984375 0.075
5 0.39375 0.13046875 0.0140625 0.00546875
2 0.39140625 0.13671875 0.01875 0.015625
6 0.4 0.04375 0.01875 0.03515625
10 0.40078125 0.0765625 0.04296875 0.1015625
2 0.359375 0.13984375 0.01640625 0.01484375
9 0.35625 0.090625 0.01796875 0.02890625
1 0.35078125 0.10546875 0.04296875 0.06328125
9 0.43203125 0.03125 0.0125 0.0265625
10 0.4296875 0.04296875 0.02890625 0.053125
1 0.46875 0.04375 0.03671875 0.04453125
9 0.46328125 0.03671875 0.01171875 0.02890625
2 0.46640625 0.06875 0.01328125 0.01171875
9 0.5125 0.028125 0.0140625 0.0265625
10 0.509375 0.04140625 0.0390625 0.053125
0 0.5421875 0.0578125 0.01171875 0.0140625
3 0.546875 0.02578125 0.01328125 0.03125
10 0.546875 0.03828125 0.0390625 0.05546875
2 0.546875 0.06875 0.01484375 0.0140625
9 0.58828125 0.03046875 0.01640625 0.03125
10 0.590625 0.04375 0.0421875 0.059375
3 0.6421875 0.04296875 0.01484375 0.02890625
10 0.6359375 0.053125 0.03828125 0.04921875
0 0.609375 0.03515625 0.01640625 0.01328125
3 0.61328125 0.00625 0.01171875 0.01015625
3 0.57578125 0.00703125 0.01015625 0.01171875
3 0.71875 0.02109375 0.01171875 0.02578125
10 0.7125 0.03359375 0.0265625 0.0515625
3 0.746875 0.03359375 0.0109375 0.02578125
0 0.74765625 0.059375 0.015625 0.01171875
10 0.74296875 0.0453125 0.03203125 0.0515625
0 0.75390625 0.078125 0.01171875 0.015625
3 0.765625 0.06171875 0.0125 0.02890625
10 0.7640625 0.0734375 0.03125 0.05625
3 0.80390625 0.11171875 0.01171875 0.03046875
10 0.79453125 0.12890625 0.03984375 0.06796875
3 0.83828125 0.19375 0.01796875 0.0390625
1 0.825 0.1984375 0.0421875 0.05390625
2 0.8609375 0.38515625 0.02421875 0.03125
0 0.90234375 0.38671875 0.0171875 0.01875
3 0.90234375 0.328125 0.0171875 0.04375
10 0.88828125 0.35078125 0.04453125 0.09375
0 0.93203125 0.5546875 0.01640625 0.028125
3 0.9359375 0.49375 0.021875 0.05
10 0.91328125 0.51328125 0.06953125 0.11171875
0 0.98203125 0.7515625 0.01796875 0.03671875
3 0.99296875 0.70546875 0.0140625 0.0546875
1 0.96328125 0.70390625 0.07265625 0.109375
0 0.8296875 0.60390625 0.02578125 0.03203125
0 0.765625 0.5921875 0.0265625 0.02109375
3 0.77265625 0.52265625 0.03046875 0.05625
3 0.83515625 0.5125 0.02890625 0.05859375
10 0.81953125 0.534375 0.06640625 0.15625
10 0.75 0.54140625 0.0859375 0.1203125
2 0.76328125 0.6171875 0.03046875 0.0359375
2 0.834375 0.62421875 0.02890625 0.03125