2 0.12578125 0.3796875 0.02265625 0.03515625
5 0.13671875 0.3859375 0.0109375 0.01875
3 0.128125 0.30625 0.01953125 0.03984375
10 0.14375 0.3265625 0.05078125 0.08671875
3 0.15 0.22890625 0.0171875 0.034375
1 0.15625 0.24453125 0.04296875 0.0796875
3 0.18203125 0.15546875 0.01328125 0.0296875
0 0.1796875 0.1875 0.015625 0.01796875
2 0.18046875 0.203125 0.0140625 0.01328125
1 0.18828125 0.16796875 0.03671875 0.0640625
3 0.2203125 0.128125 0.01640625 0.03203125
0 0.21875 0.175 0.01328125 0.01640625
10 0.22578125 0.14921875 0.03515625 0.0796875
2 0.2171875 0.190625 0.01875 0.01875
3 0.2015625 0.11875 0.0125 0.02421875
0 0.2046875 0.1390625 0.01171875 0.01171875
1 0.203125 0.125 0.0234375 0.04296875
3 0.23359375 0.103125 0.0140625 0.02578125
1 0.2421875 0.1125 0.03359375 0.05625
3 0.3296875 0.01796875 0.01640625 0.03203125
0 0.33203125 0.09140625 0.01484375 0.01875
10 0.32734375 0.0546875 0.03828125 0.1015625
2 0.365625 0.040625 0.01328125 0.009375
2 0.3984375 0.03515625 0.015625 0.00703125
0 0.35859375 0.13203125 0.0203125 0.015625
3 0.35390625 0.09375 0.015625 0.03359375
1 0.35390625 0.10703125 0.04453125 0.06484375
0 0.396875 0.11953125 0.0234375 0.015625
2 0.390625 0.1359375 0.01796875 0.01875
3 0.39765625 0.07421875 0.01875 0.03203125
10 0.4 0.09296875 0.04453125 0.07109375
0 0.42421875 0.0703125 0.01484375 0.01328125
2 0.43515625 0.07109375 0.025 0.01484375
3 0.42734375 0.040625 0.01171875 0.02890625
10 0.4265625 0.0515625 0.03515625 0.0515625
0 0.46796875 0.06171875 0.01953125 0.01015625
3 0.46796875 0.03125 0.0140625 0.028125
10 0.4703125 0.04375 0.03828125 0.05
2 0.49140625 0.12421875 0.01796875 0.01953125
2 0.53203125 0.128125 0.01640625 0.01796875
2 0.53828125 0.06875 0.02265625 0.01875
3 0.54140625 0.0234375 0.01328125 0.03046875
0 0.53828125 0.05546875 0.01171875 0.009375
10 0.540625 0.03671875 0.04140625 0.05703125
0 0.50625 0.02421875 0.0140625 0.015625
0 0.571875 0.11796875 0.01640625 0.0140625
2 0.57421875 0.13125 0.01953125 0.01171875
3 0.5671875 0.08046875 0.01875 0.03125
1 0.56328125 0.09453125 0.040625 0.06328125
0 0.6125 0.1234375 0.0203125 0.01875
3 0.6109375 0.08125 0.015625 0.03828125
10 0.609375 0.09765625 0.0453125 0.06953125
0 0.65234375 0.13125 0.0140625 0.015625
3 0.653125 0.08125 0.0171875 0.034375
10 0.6515625 0.10234375 0.03984375 0.0765625
9 0.584375 0.01796875 0.01796875 0.03125
10 0.58828125 0.0390625 0.03828125 0.075
7 0.58984375 0.06953125 0.01796875 0.021875
3 0.64140625 0.03984375 0.01484375 0.0296875
10 0.6375 0.05078125 0.0390625 0.05078125
2 0.71328125 0.2078125 0.025 0.01796875
2 0.66640625 0.20390625 0.02734375 0.01640625
2 0.628125 0.20859375 0.0203125 0.01953125
2 0.509375 0.196875 0.0203125 0.0234375
2 0.415625 0.2015625 0.02734375 0.021875
2 0.45078125 0.2 0.02109375 0.01875
2 0.35078125 0.20859375 0.02265625 0.0234375
2 0.2875 0.2984375 0.0234375 0.0296875
2 0.3953125 0.29140625 0.02890625 0.01796875
0 0.39609375 0.2734375 0.0265625 0.01953125
3 0.3921875 0.21796875 0.02421875 0.05390625
10 0.3984375 0.23984375 0.06796875 0.0984375
3 0.47578125 0.20625 0.02109375 0.04453125
10 0.47421875 0.23125 0.0515625 0.09296875
5 0.46796875 0.28046875 0.00859375 0.01484375
0 0.52890625 0.27890625 0.02890625 0.021875
2 0.52890625 0.29921875 0.02890625 0.02890625
3 0.528125 0.21875 0.02109375 0.05
10 0.52890625 0.24140625 0.07421875 0.09453125
0 0.70078125 0.296875 0.02265625 0.0234375
3 0.70234375 0.24296875 0.02265625 0.0453125
10 0.69765625 0.26171875 0.05859375 0.09453125
0 0.759375 0.31796875 0.02109375 0.025
3 0.7625 0.24453125 0.0234375 0.0484375
10 0.75390625 0.275 0.053125 0.10703125
0 0.78515625 0.41796875 0.02578125 0.025
3 0.7890625 0.35390625 0.02109375 0.05078125
10 0.78125 0.37890625 0.0640625 0.1015625
0 0.72578125 0.4171875 0.03359375 0.034375
3 0.72890625 0.33125 0.03125 0.04921875
10 0.71640625 0.36796875 0.06328125 0.125
0 0.6609375 0.4140625 0.02578125 0.02421875
3 0.66015625 0.321875 0.02578125 0.0640625
10 0.65703125 0.3578125 0.05546875 0.13828125
2 0.66171875 0.43203125 0.02890625 0.02421875
0 0.603125 0.4015625 0.0203125 0.021875
3 0.6109375 0.32109375 0.028125 0.06171875
10 0.596875 0.34375 0.08203125 0.13671875
2 0.53125 0.41953125 0.02734375 0.04375
2 0.4609375 0.4078125 0.0375 0.03203125
2 0.3703125 0.4234375 0.03671875 0.03046875
0 0.31328125 0.40390625 0.0375 0.0296875
3 0.31171875 0.3515625 0.02734375 0.053125
1 0.31953125 0.3703125 0.08671875 0.09609375
0 0.25390625 0.4234375 0.025 0.02890625
3 0.246875 0.36875 0.0234375 0.04375
3 0.18828125 0.38203125 0.02578125 0.04609375
0 0.1890625 0.43203125 0.015625 0.02109375
1 0.19921875 0.3875 0.0578125 0.0953125
1 0.25234375 0.3734375 0.0546875 0.10625
0 0.765625 0.59375 0.02578125 0.0265625
2 0.765625 0.61796875 0.03046875 0.03515625
3 0.771875 0.5203125 0.03125 0.059375
10 0.75 0.54296875 0.08828125 0.12890625
0 0.828125 0.5984375 0.021875 0.03046875
2 0.83359375 0.62421875 0.0296875 0.03125
3 0.83359375 0.51328125 0.0296875 0.06171875
10 0.821875 0.53359375 0.0640625 0.159375
0 0.984375 0.75625 0.0140625 0.03046875
2 0.98671875 0.77890625 0.0203125 0.03203125
3 0.9921875 0.70546875 0.015625 0.05703125
1 0.9640625 0.70859375 0.071875 0.1203125
0 0.9265625 0.54296875 0.02109375 0.0265625
3 0.92578125 0.48125 0.021875 0.05
10 0.9078125 0.50546875 0.06328125 0.10625
2 0.8609375 0.3859375 0.02421875 0.03125
0 0.903125 0.3859375 0.01640625 0.01953125
3 0.90078125 0.3296875 0.01875 0.04296875
10 0.8890625 0.34921875 0.04609375 0.09375
0 0.82890625 0.21484375 0.01171875 0.01640625
3 0.81953125 0.16796875 0.02109375 0.03828125
10 0.81640625 0.1859375 0.0375 0.06953125
3 0.8046875 0.11328125 0.0125 0.03046875
10 0.79453125 0.13125 0.03984375 0.06953125
0 0.7546875 0.078125 0.009375 0.01484375
3 0.76484375 0.06015625 0.0140625 0.03125
10 0.76640625 0.07421875 0.03046875 0.05546875
3 0.746875 0.034375 0.0109375 0.02421875
0 0.746875 0.06328125 0.0140625 0.01171875
10 0.74296875 0.04609375 0.0328125 0.0484375
3 0.715625 0.0234375 0.01328125 0.0296875
10 0.7125 0.03671875 0.0296875 0.05546875