7 0.12578125 0.3734375 0.02265625 0.0453125
5 0.1359375 0.38828125 0.01171875 0.01875
3 0.1171875 0.31796875 0.015625 0.0359375
10 0.1359375 0.34140625 0.05234375 0.090625
3 0.15078125 0.23046875 0.01640625 0.03984375
1 0.1546875 0.24609375 0.046875 0.078125
3 0.184375 0.15703125 0.0125 0.03046875
10 0.18828125 0.16953125 0.0375 0.05625
0 0.18203125 0.1921875 0.01796875 0.015625
2 0.18046875 0.20390625 0.01484375 0.01328125
3 0.2171875 0.15390625 0.01328125 0.03671875
2 0.21875 0.19140625 0.01953125 0.01953125
10 0.22578125 0.16640625 0.0375 0.0640625
3 0.2078125 0.11171875 0.0125 0.03125
0 0.20390625 0.1375 0.01484375 0.00859375
10 0.21328125 0.11875 0.02890625 0.04453125
0 0.2390625 0.12890625 0.01484375 0.01171875
3 0.2375 0.1 0.01171875 0.03125
10 0.24609375 0.10859375 0.03203125 0.0515625
2 0.26640625 0.09296875 0.01796875 0.0140625
2 0.36484375 0.04140625 0.01171875 0.01171875
2 0.39921875 0.0359375 0.01484375 0.009375
9 0.353125 0.090625 0.01796875 0.02890625
0 0.35703125 0.1328125 0.01640625 0.01171875
10 0.35 0.10546875 0.0390625 0.06484375
2 0.39140625 0.13671875 0.01796875 0.01953125
9 0.40078125 0.065625 0.01953125 0.03515625
10 0.403125 0.0859375 0.03984375 0.08125
9 0.434375 0.06796875 0.0203125 0.03203125
10 0.44453125 0.0859375 0.03984375 0.06953125
2 0.49140625 0.125 0.01640625 0.01875
2 0.46640625 0.06875 0.01484375 0.01328125
3 0.46875 0.03046875 0.01171875 0.02578125
10 0.46953125 0.040625 0.0375 0.053125
3 0.428125 0.04140625 0.0109375 0.02578125
3 0.5234375 0.01953125 0.01484375 0.0265625
10 0.51328125 0.0359375 0.03671875 0.05546875
0 0.540625 0.05625 0.0109375 0.0140625
3 0.546875 0.0265625 0.0140625 0.03046875
10 0.546875 0.03828125 0.03671875 0.05546875
2 0.53203125 0.12890625 0.01796875 0.01796875
0 0.57265625 0.11875 0.01640625 0.01328125
3 0.56953125 0.08125 0.01796875 0.03046875
10 0.56640625 0.09296875 0.04375 0.0640625
2 0.5734375 0.13125 0.01875 0.0140625
3 0.61015625 0.07890625 0.01640625 0.03515625
0 0.6109375 0.12265625 0.01875 0.01953125
0 0.609375 0.09453125 0.04296875 0.071875
7 0.5890625 0.0703125 0.01484375 0.021875
9 0.5890625 0.04296875 0.01640625 0.0265625
1 0.590625 0.0484375 0.03984375 0.0453125
0 0.5734375 0.03046875 0.0125 0.01171875
0 0.659375 0.13125 0.0203125 0.015625
3 0.6515625 0.08046875 0.01640625 0.03515625
10 0.653125 0.1015625 0.04296875 0.07578125
3 0.640625 0.04296875 0.01328125 0.02890625
10 0.6375 0.05390625 0.03828125 0.04921875
0 0.6078125 0.034375 0.015625 0.0140625
3 0.61484375 0.00625 0.01015625 0.01015625
2 0.7140625 0.2078125 0.02421875 0.01796875
2 0.6671875 0.20390625 0.02734375 0.01796875
2 0.628125 0.2078125 0.0203125 0.01953125
2 0.509375 0.19921875 0.0203125 0.021875
2 0.45 0.20078125 0.0203125 0.01953125
2 0.415625 0.2015625 0.02890625 0.0234375
2 0.35078125 0.20859375 0.02421875 0.0234375
2 0.28828125 0.29765625 0.02421875 0.03046875
0 0.396875 0.2765625 0.0265625 0.01953125
2 0.3953125 0.29296875 0.03046875 0.01484375
3 0.39375 0.21875 0.0234375 0.05390625
10 0.3984375 0.2390625 0.06953125 0.096875
0 0.46875 0.275 0.02109375 0.0296875
3 0.46875 0.21640625 0.02265625 0.04140625
10 0.46875 0.2359375 0.0578125 0.08203125
0 0.52890625 0.27890625 0.02578125 0.01953125
2 0.52890625 0.29921875 0.02890625 0.0296875
3 0.528125 0.2203125 0.0234375 0.0484375
10 0.5296875 0.24140625 0.07421875 0.08984375
0 0.70625 0.3015625 0.01953125 0.02421875
3 0.70625 0.2375 0.021875 0.04140625
10 0.6921875 0.25703125 0.065625 0.09609375
0 0.759375 0.31796875 0.02109375 0.0265625
3 0.7625 0.24296875 0.0234375 0.05078125
10 0.753125 0.27421875 0.05390625 0.11484375
0 0.78515625 0.41875 0.02734375 0.02421875
3 0.78828125 0.3546875 0.02265625 0.0515625
10 0.77890625 0.38046875 0.065625 0.10390625
2 0.7984375 0.42265625 0.04296875 0.03828125
0 0.72265625 0.4125 0.028125 0.03046875
2 0.72265625 0.43046875 0.02265625 0.03125
3 0.7296875 0.34375 0.028125 0.05625
10 0.71796875 0.3703125 0.05703125 0.11328125
0 0.66015625 0.4171875 0.02421875 0.03046875
3 0.65546875 0.31875 0.0265625 0.06484375
10 0.653125 0.3578125 0.0640625 0.13984375
2 0.66171875 0.43359375 0.0296875 0.025
0 0.58203125 0.39453125 0.01796875 0.021875
9 0.58515625 0.2984375 0.02890625 0.05625
10 0.590625 0.3359375 0.08515625 0.14453125
2 0.53203125 0.41953125 0.02578125 0.04453125
2 0.4609375 0.40703125 0.03515625 0.03203125
2 0.36953125 0.4234375 0.0375 0.03125
0 0.3125 0.4015625 0.03359375 0.03125
3 0.3125 0.3515625 0.0265625 0.05546875
1 0.31953125 0.36953125 0.0875 0.09375
0 0.2546875 0.4234375 0.02421875 0.02890625
3 0.2484375 0.37265625 0.02265625 0.04375
1 0.253125 0.37890625 0.0546875 0.115625
0 0.18984375 0.43125 0.01484375 0.01953125
3 0.18828125 0.38046875 0.02421875 0.04453125
1 0.19921875 0.38828125 0.05703125 0.1
0 0.765625 0.59453125 0.025 0.025
2 0.76328125 0.61640625 0.02890625 0.0359375
3 0.77265625 0.5234375 0.02890625 0.05625
10 0.75 0.54296875 0.0875 0.1265625
0 0.828125 0.60390625 0.02421875 0.03125
2 0.834375 0.621875 0.0265625 0.03125
3 0.83515625 0.5140625 0.03125 0.05546875
10 0.81953125 0.53515625 0.06640625 0.16328125
0 0.98203125 0.74765625 0.01796875 0.03828125
2 0.9859375 0.77109375 0.02265625 0.046875
3 0.9921875 0.70625 0.01484375 0.0546875
10 0.96328125 0.70234375 0.07265625 0.1046875
0 0.92578125 0.54375 0.01875 0.02578125
3 0.925 0.48046875 0.02109375 0.0484375
10 0.90703125 0.503125 0.06171875 0.1046875
2 0.8609375 0.3859375 0.02421875 0.03046875
0 0.90234375 0.38671875 0.01640625 0.01953125
3 0.90234375 0.32890625 0.0171875 0.04296875
10 0.890625 0.34921875 0.04453125 0.09375
3 0.83828125 0.19453125 0.01796875 0.04140625
1 0.82578125 0.1984375 0.04375 0.05546875
3 0.803125 0.1140625 0.01484375 0.0359375
10 0.79375 0.13125 0.0390625 0.0734375
0 0.75546875 0.078125 0.01015625 0.01484375
3 0.765625 0.0609375 0.01328125 0.02890625
10 0.765625 0.0734375 0.0296875 0.05625
3 0.7171875 0.03046875 0.01171875 0.02578125
10 0.7140625 0.04296875 0.034375 0.0515625
0 0.74765625 0.06015625 0.01328125 0.01328125
3 0.746875 0.03359375 0.0109375 0.02578125
10 0.74453125 0.04609375 0.02890625 0.04921875
0 0.70234375 0.02734375 0.01328125 0.01015625