5 0.13515625 0.38671875 0.01171875 0.01875
7 0.125 0.35625 0.0265625 0.028125
3 0.12578125 0.31328125 0.01875 0.04453125
10 0.1375 0.33046875 0.0515625 0.08359375
3 0.15078125 0.23125 0.01640625 0.0359375
0 0.15078125 0.26640625 0.015625 0.01640625
10 0.15390625 0.246875 0.04296875 0.08046875
0 0.18203125 0.19375 0.015625 0.01328125
3 0.18203125 0.15390625 0.01328125 0.03125
10 0.18828125 0.16875 0.03984375 0.06328125
2 0.21796875 0.190625 0.01953125 0.01875
3 0.21484375 0.15546875 0.0140625 0.03671875
1 0.22578125 0.16875 0.03828125 0.06328125
0 0.20390625 0.13828125 0.01328125 0.01328125
3 0.2 0.11796875 0.01328125 0.0234375
1 0.2078125 0.121875 0.03125 0.03671875
0 0.2375 0.134375 0.01328125 0.0109375
3 0.23359375 0.1015625 0.01328125 0.02421875
10 0.2421875 0.11328125 0.03359375 0.05078125
2 0.26640625 0.09375 0.01796875 0.01328125
2 0.3640625 0.040625 0.0125 0.009375
2 0.3984375 0.0359375 0.01484375 0.00859375
0 0.425 0.06953125 0.0140625 0.0109375
2 0.43515625 0.07109375 0.025 0.01484375
3 0.428125 0.04140625 0.01171875 0.02890625
10 0.4265625 0.0515625 0.03515625 0.0484375
0 0.3578125 0.13203125 0.01875 0.015625
3 0.35546875 0.1 0.01640625 0.03125
1 0.35390625 0.1109375 0.04609375 0.059375
0 0.396875 0.11953125 0.02265625 0.015625
2 0.390625 0.1359375 0.01796875 0.01875
3 0.39765625 0.07421875 0.01875 0.03203125
10 0.4 0.09296875 0.0421875 0.0703125
2 0.46484375 0.06875 0.01484375 0.01171875
0 0.46640625 0.06015625 0.01875 0.01328125
3 0.46796875 0.03203125 0.0140625 0.02578125
10 0.4703125 0.04296875 0.03984375 0.05
2 0.490625 0.125 0.01640625 0.01875
2 0.53203125 0.128125 0.01796875 0.01796875
0 0.50625 0.02265625 0.01328125 0.01171875
2 0.53828125 0.06796875 0.02265625 0.01953125
0 0.53984375 0.05546875 0.01171875 0.009375
3 0.54140625 0.02109375 0.01328125 0.028125
3 0.540625 0.03671875 0.04140625 0.05546875
0 0.57265625 0.11875 0.01484375 0.0140625
2 0.57421875 0.13125 0.01953125 0.0140625
3 0.56640625 0.08125 0.01953125 0.03046875
1 0.5625 0.09453125 0.0421875 0.06015625
0 0.61171875 0.1234375 0.0203125 0.01875
3 0.6109375 0.08125 0.01640625 0.03828125
1 0.609375 0.096875 0.0453125 0.06953125
6 0.58203125 0.02578125 0.01484375 0.03046875
10 0.5859375 0.04140625 0.040625 0.06015625
0 0.63828125 0.06875 0.01015625 0.01484375
3 0.640625 0.04140625 0.01328125 0.0296875
1 0.63828125 0.0515625 0.0375 0.04921875
0 0.65234375 0.13125 0.0140625 0.0140625
3 0.653125 0.08125 0.0171875 0.0359375
10 0.65078125 0.1015625 0.04140625 0.07421875
2 0.71328125 0.2078125 0.02421875 0.01796875
2 0.66640625 0.20390625 0.02578125 0.01796875
2 0.62890625 0.209375 0.02109375 0.01953125
0 0.76015625 0.31796875 0.02109375 0.025
3 0.7625 0.24453125 0.02265625 0.05
0 0.70078125 0.296875 0.02265625 0.02421875
3 0.70234375 0.24296875 0.0203125 0.04375
10 0.753125 0.27265625 0.0546875 0.11171875
10 0.69765625 0.26171875 0.05859375 0.09375
0 0.52890625 0.2765625 0.02578125 0.0265625
2 0.52890625 0.29453125 0.02890625 0.03203125
3 0.5265625 0.21796875 0.021875 0.04921875
10 0.52890625 0.240625 0.07421875 0.09453125
0 0.4625 0.27421875 0.0203125 0.03125
3 0.46875 0.22890625 0.02265625 0.0453125
10 0.46640625 0.24140625 0.05859375 0.0734375
0 0.3953125 0.27265625 0.02578125 0.01953125
2 0.3953125 0.29140625 0.03046875 0.01796875
3 0.3921875 0.21796875 0.02421875 0.053125
10 0.3984375 0.23984375 0.06953125 0.09609375
2 0.4546875 0.20390625 0.02890625 0.01953125
2 0.415625 0.20078125 0.02734375 0.01953125
2 0.35078125 0.20859375 0.02421875 0.0234375
2 0.28828125 0.296875 0.021875 0.02578125
0 0.19140625 0.43046875 0.015625 0.01953125
3 0.19140625 0.38203125 0.02265625 0.0484375
1 0.19921875 0.3890625 0.0578125 0.10078125
0 0.25625 0.42421875 0.0203125 0.0296875
3 0.24921875 0.36875 0.0234375 0.046875
1 0.253125 0.37421875 0.0546875 0.10859375
0 0.3125 0.40390625 0.03515625 0.03046875
3 0.31015625 0.34921875 0.02578125 0.05625
1 0.321875 0.36953125 0.0859375 0.0953125
2 0.3703125 0.4234375 0.03671875 0.03046875
2 0.4609375 0.4078125 0.0375 0.03203125
2 0.53125 0.41875 0.02734375 0.04375
0 0.6015625 0.40625 0.01796875 0.025
3 0.61328125 0.32421875 0.02578125 0.05703125
10 0.59453125 0.34375 0.08359375 0.13984375
0 0.66015625 0.415625 0.025 0.028125
2 0.6625 0.434375 0.02890625 0.02578125
10 0.65625 0.35625 0.0578125 0.13515625
0 0.72578125 0.4171875 0.03203125 0.03203125
2 0.721875 0.43125 0.02421875 0.0265625
3 0.728125 0.32890625 0.02890625 0.05078125
10 0.71796875 0.3671875 0.06171875 0.13203125
0 0.784375 0.41796875 0.02578125 0.02890625
3 0.78828125 0.35390625 0.02265625 0.05078125
3 0.78125 0.38046875 0.0640625 0.10390625
0 0.83125 0.60390625 0.021875 0.028125
2 0.834375 0.61171875 0.028125 0.05546875
3 0.83125 0.50546875 0.03203125 0.06015625
1 0.81875 0.53203125 0.0671875 0.165625
0 0.7671875 0.59609375 0.03046875 0.028125
2 0.76484375 0.61875 0.0296875 0.03359375
1 0.75 0.54140625 0.08671875 0.1203125
0 0.98203125 0.75390625 0.015625 0.03203125
2 0.9875 0.78046875 0.0171875 0.03046875
3 0.99375 0.69765625 0.0125 0.0546875
10 0.9640625 0.709375 0.07109375 0.1140625
0 0.92734375 0.54296875 0.01953125 0.025
3 0.925 0.48125 0.02109375 0.05078125
10 0.90625 0.50390625 0.06328125 0.10546875
2 0.86171875 0.3859375 0.0234375 0.03046875
0 0.90234375 0.3859375 0.01640625 0.01953125
9 0.9 0.328125 0.01796875 0.040625
10 0.88828125 0.35 0.04453125 0.09296875
3 0.81953125 0.16796875 0.02109375 0.0359375
0 0.83046875 0.2171875 0.0109375 0.01171875
10 0.81640625 0.1859375 0.03828125 0.06875
3 0.8046875 0.11484375 0.0125 0.03359375
10 0.796875 0.12890625 0.03515625 0.0640625
0 0.75625 0.07890625 0.01015625 0.0140625
3 0.76484375 0.059375 0.0140625 0.03125
10 0.765625 0.0734375 0.0296875 0.05546875
9 0.71640625 0.02109375 0.0125 0.02890625
10 0.71328125 0.0375 0.03359375 0.05625
0 0.74765625 0.0625 0.01484375 0.00859375
3 0.746875 0.0328125 0.0109375 0.025
10 0.74453125 0.04453125 0.03046875 0.05