7 0.12578125 0.38046875 0.02265625 0.034375
5 0.13671875 0.38671875 0.01171875 0.01875
3 0.125 0.334375 0.01953125 0.03671875
1 0.134375 0.34453125 0.04609375 0.071875
3 0.15078125 0.23125 0.01796875 0.03515625
1 0.1546875 0.2453125 0.04765625 0.0796875
3 0.18203125 0.14375 0.01484375 0.0296875
10 0.18828125 0.16328125 0.03515625 0.06875
2 0.1796875 0.20078125 0.015625 0.01796875
2 0.2171875 0.19140625 0.01875 0.01953125
3 0.21640625 0.153125 0.01484375 0.03828125
10 0.225 0.16796875 0.03828125 0.06640625
3 0.2078125 0.11328125 0.0125 0.0265625
10 0.2125 0.11875 0.0265625 0.04609375
0 0.2046875 0.13671875 0.0125 0.00859375
6 0.234375 0.09375 0.0125 0.0265625
0 0.2375 0.134375 0.01171875 0.01171875
10 0.24296875 0.1109375 0.0328125 0.059375
2 0.265625 0.09375 0.0171875 0.01484375
2 0.365625 0.040625 0.01328125 0.0109375
0 0.35703125 0.13125 0.01640625 0.01328125
3 0.3515625 0.09375 0.01640625 0.03046875
10 0.3484375 0.10703125 0.03828125 0.05859375
2 0.39140625 0.1359375 0.01796875 0.01953125
3 0.4125 0.02421875 0.0203125 0.03125
10 0.403125 0.06640625 0.0671875 0.12421875
3 0.43515625 0.015625 0.01640625 0.028125
10 0.4421875 0.06015625 0.04609375 0.11875
0 0.4703125 0.059375 0.01015625 0.0109375
3 0.46953125 0.03125 0.0125 0.02578125
10 0.4734375 0.0421875 0.02890625 0.05078125
2 0.53828125 0.06796875 0.02265625 0.01953125
0 0.53515625 0.05390625 0.01015625 0.015625
9 0.54609375 0.02265625 0.0140625 0.03046875
10 0.54375 0.0359375 0.04140625 0.05546875
2 0.490625 0.125 0.01640625 0.01875
2 0.53203125 0.12890625 0.01640625 0.01640625
0 0.57265625 0.11875 0.01640625 0.01484375
2 0.575 0.13046875 0.01953125 0.01328125
3 0.56953125 0.07421875 0.015625 0.03125
10 0.56484375 0.090625 0.04296875 0.06953125
9 0.609375 0.0734375 0.0203125 0.03359375
0 0.6109375 0.12265625 0.02109375 0.01953125
10 0.60859375 0.09375 0.0453125 0.07421875
0 0.65390625 0.121875 0.02578125 0.01875
3 0.64609375 0.08046875 0.01796875 0.03359375
10 0.653125 0.096875 0.04296875 0.06875
9 0.6375 0.04453125 0.0140625 0.0265625
1 0.64140625 0.05625 0.04296875 0.046875
9 0.590625 0.02578125 0.01640625 0.03046875
10 0.5921875 0.03828125 0.04140625 0.05546875
0 0.571875 0.02890625 0.0109375 0.01328125
0 0.6109375 0.034375 0.0125 0.01171875
3 0.61328125 0.00625 0.01015625 0.01015625
2 0.71328125 0.2078125 0.02421875 0.01796875
2 0.66640625 0.20390625 0.02734375 0.01640625
2 0.62890625 0.20859375 0.02109375 0.01953125
2 0.509375 0.1984375 0.0203125 0.02109375
2 0.41640625 0.20078125 0.028125 0.01953125
2 0.35078125 0.209375 0.02265625 0.02421875
2 0.2875 0.29921875 0.02421875 0.0296875
0 0.3953125 0.275 0.02578125 0.01875
2 0.3953125 0.29140625 0.03046875 0.01640625
3 0.3921875 0.21875 0.02265625 0.0515625
10 0.3984375 0.23828125 0.06953125 0.09375
5 0.46796875 0.28046875 0.0109375 0.01640625
3 0.46796875 0.2015625 0.0203125 0.05
10 0.46875 0.22734375 0.05546875 0.103125
0 0.52890625 0.27890625 0.02578125 0.021875
2 0.52890625 0.29921875 0.028125 0.02890625
3 0.528125 0.2203125 0.0203125 0.04609375
10 0.52890625 0.2390625 0.07421875 0.09375
0 0.70078125 0.29921875 0.025 0.021875
2 0.70234375 0.31328125 0.02421875 0.01953125
3 0.7015625 0.24296875 0.02109375 0.0453125
10 0.69765625 0.26171875 0.05703125 0.09375
0 0.759375 0.31875 0.0203125 0.02421875
3 0.7625 0.24375 0.0234375 0.0515625
10 0.753125 0.27265625 0.05234375 0.11171875
0 0.784375 0.41875 0.0265625 0.02578125
3 0.78828125 0.35390625 0.02109375 0.05078125
10 0.78046875 0.37890625 0.06484375 0.10078125
0 0.725 0.415625 0.0265625 0.03203125
3 0.73046875 0.34375 0.0296875 0.059375
10 0.7171875 0.37109375 0.06015625 0.11484375
0 0.66015625 0.4140625 0.02578125 0.0265625
2 0.6625 0.43203125 0.0296875 0.028125
3 0.66015625 0.32109375 0.02578125 0.0640625
10 0.65390625 0.35625 0.06171875 0.13671875
0 0.6 0.4 0.01640625 0.0203125
3 0.60703125 0.31953125 0.02734375 0.06015625
10 0.5953125 0.34296875 0.08515625 0.134375
2 0.53125 0.41953125 0.02734375 0.04453125
2 0.46171875 0.40703125 0.03828125 0.03203125
2 0.3703125 0.42421875 0.03671875 0.03125
0 0.3140625 0.4015625 0.03515625 0.03125
3 0.31171875 0.35234375 0.0265625 0.0546875
1 0.31953125 0.36953125 0.08828125 0.09296875
0 0.25390625 0.4234375 0.025 0.03046875
3 0.2484375 0.36953125 0.02109375 0.04375
1 0.2515625 0.3734375 0.05859375 0.10546875
0 0.18984375 0.43046875 0.01484375 0.021875
3 0.18984375 0.38046875 0.0234375 0.0484375
1 0.19765625 0.38515625 0.05625 0.1
0 0.765625 0.59453125 0.02578125 0.02890625
2 0.76484375 0.60625 0.0296875 0.0515625
3 0.77109375 0.53125 0.03203125 0.05859375
10 0.75 0.54453125 0.08828125 0.1296875
0 0.8296875 0.603125 0.02578125 0.03359375
2 0.8328125 0.6140625 0.02890625 0.053125
3 0.8359375 0.5140625 0.03125 0.0609375
10 0.81953125 0.534375 0.06640625 0.16171875
0 0.984375 0.753125 0.01484375 0.03203125
2 0.98671875 0.778125 0.0203125 0.0359375
3 0.99296875 0.70859375 0.0140625 0.053125
1 0.9640625 0.71171875 0.071875 0.11015625
0 0.9265625 0.54375 0.01796875 0.02421875
3 0.92578125 0.48125 0.02109375 0.05078125
10 0.90703125 0.50390625 0.06171875 0.10625
2 0.86171875 0.38515625 0.02421875 0.03125
0 0.90078125 0.38671875 0.01328125 0.01953125
3 0.90078125 0.32890625 0.01796875 0.04375
10 0.88828125 0.34921875 0.04609375 0.09296875
3 0.821875 0.16875 0.01796875 0.03515625
10 0.81640625 0.1859375 0.04140625 0.06953125
3 0.8046875 0.1109375 0.01328125 0.03125
10 0.796875 0.12734375 0.0359375 0.0640625
0 0.7546875 0.078125 0.01015625 0.0203125
3 0.765625 0.06015625 0.0140625 0.0296875
10 0.7640625 0.07265625 0.03125 0.05625
0 0.746875 0.06171875 0.0140625 0.01015625
3 0.74765625 0.034375 0.01015625 0.02578125
10 0.74453125 0.04609375 0.03046875 0.053125
3 0.71640625 0.03125 0.01328125 0.02890625
10 0.71484375 0.04296875 0.03515625 0.05390625
0 0.703125 0.02890625 0.0109375 0.0109375
3 0.703125 0.00625 0.01015625 0.01015625