1 0.1375 0.3453125 0.0515625 0.08671875
10 0.15390625 0.2296875 0.04140625 0.08671875
10 0.1953125 0.1609375 0.03359375 0.06484375
10 0.228125 0.16484375 0.03984375 0.059375
2 0.18046875 0.20078125 0.01484375 0.021875
2 0.21796875 0.19140625 0.01875 0.02109375
10 0.21015625 0.11640625 0.03359375 0.05859375
10 0.24609375 0.109375 0.034375 0.05546875
2 0.36484375 0.040625 0.01484375 0.01484375
10 0.35625 0.109375 0.0421875 0.06640625
10 0.4 0.096875 0.0484375 0.078125
1 0.44296875 0.103125 0.04296875 0.05625
10 0.43046875 0.046875 0.04140625 0.06640625
10 0.46875 0.0390625 0.0421875 0.0609375
10 0.51015625 0.04140625 0.0359375 0.05703125
10 0.5453125 0.0453125 0.04765625 0.06328125
10 0.5921875 0.04140625 0.04296875 0.06328125
10 0.6390625 0.05078125 0.03984375 0.04609375
10 0.65 0.09921875 0.04140625 0.08671875
10 0.609375 0.0953125 0.04375 0.078125
2 0.575 0.13125 0.0203125 0.015625
10 0.56484375 0.09453125 0.046875 0.0765625
2 0.5328125 0.128125 0.01953125 0.021875
2 0.49140625 0.12578125 0.01953125 0.0234375
2 0.35078125 0.2078125 0.02578125 0.03046875
2 0.41640625 0.20234375 0.02890625 0.02890625
2 0.45625 0.203125 0.03359375 0.03046875
2 0.51015625 0.1984375 0.02421875 0.03046875
2 0.2875 0.2984375 0.0265625 0.03203125
10 0.3984375 0.23828125 0.071875 0.10703125
10 0.46953125 0.23046875 0.0609375 0.10078125
10 0.52890625 0.24609375 0.07734375 0.09921875
2 0.62890625 0.2109375 0.02265625 0.0203125
10 0.69609375 0.26640625 0.06953125 0.10390625
10 0.753125 0.26875 0.05859375 0.1265625
1 0.7765625 0.38671875 0.0625 0.09296875
10 0.7171875 0.36953125 0.06328125 0.14453125
10 0.65546875 0.359375 0.06328125 0.15078125
10 0.5890625 0.35703125 0.08046875 0.1453125
2 0.53203125 0.4203125 0.03046875 0.04609375
2 0.4609375 0.40859375 0.04140625 0.03671875
2 0.37109375 0.42578125 0.040625 0.0359375
1 0.32265625 0.3703125 0.08359375 0.1
1 0.25625 0.37890625 0.0546875 0.12890625
1 0.20390625 0.38125 0.06171875 0.11015625
0 0.25390625 0.43046875 0.02265625 0.028125
10 0.74296875 0.53828125 0.0890625 0.1234375
10 0.81796875 0.53828125 0.07578125 0.159375
10 0.9625 0.70390625 0.07421875 0.1203125
0 0.98203125 0.7546875 0.02109375 0.040625
2 0.9859375 0.778125 0.02421875 0.0390625
10 0.9078125 0.50546875 0.06796875 0.11484375
1 0.85546875 0.3484375 0.0515625 0.10390625
10 0.89453125 0.3390625 0.03984375 0.09375
10 0.821875 0.19453125 0.0453125 0.0703125
10 0.7953125 0.12890625 0.03359375 0.065625
10 0.76640625 0.07578125 0.03203125 0.05859375
10 0.74375 0.046875 0.03046875 0.05078125
10 0.7125 0.03671875 0.03203125 0.06015625
3 0.125 0.33671875 0.02578125 0.04609375
2 0.1171875 0.40546875 0.02109375 0.0265625
7 0.12890625 0.37421875 0.0234375 0.03828125
3 0.146875 0.20625 0.01953125 0.03984375
3 0.1890625 0.146875 0.0171875 0.03359375
3 0.22109375 0.15625 0.0171875 0.03984375
6 0.20625 0.10546875 0.01640625 0.03203125
3 0.23984375 0.0984375 0.015625 0.03125
2 0.26640625 0.09375 0.01953125 0.01953125
9 0.39296875 0.02734375 0.01796875 0.03203125
10 0.3921875 0.04609375 0.03828125 0.0703125
6 0.4296875 0.03125 0.01484375 0.034375
0 0.42734375 0.07421875 0.01640625 0.01484375
3 0.46953125 0.0265625 0.015625 0.034375
2 0.465625 0.06953125 0.01640625 0.01796875
9 0.51171875 0.03046875 0.01796875 0.03359375
3 0.35546875 0.0953125 0.01875 0.03671875
5 0.359375 0.1359375 0.01484375 0.01171875
2 0.35859375 0.140625 0.01796875 0.0203125
3 0.39375 0.08125 0.02109375 0.04140625
0 0.390625 0.1265625 0.0234375 0.02109375
0 0.440625 0.11953125 0.02734375 0.01953125
3 0.44140625 0.09375 0.01953125 0.0359375
3 0.55 0.034375 0.01796875 0.03359375
7 0.54140625 0.07109375 0.02578125 0.01875
3 0.59296875 0.02890625 0.01796875 0.0359375
0 0.59453125 0.0640625 0.01796875 0.0203125
3 0.64140625 0.04453125 0.01640625 0.03203125
3 0.5703125 0.07890625 0.021875 0.03984375
0 0.5734375 0.12109375 0.02109375 0.01796875
0 0.61328125 0.12109375 0.01796875 0.02109375
3 0.6125 0.078125 0.0203125 0.04140625
3 0.65 0.07890625 0.02109375 0.0390625
3 0.74140625 0.1171875 0.025 0.04140625
10 0.746875 0.1609375 0.0515625 0.13125
3 0.534375 0.2296875 0.02578125 0.0515625
0 0.53203125 0.28125 0.03046875 0.03046875
2 0.528125 0.30078125 0.02890625 0.03046875
3 0.47421875 0.20859375 0.025 0.05390625
5 0.4671875 0.28203125 0.01328125 0.0234375
3 0.39375 0.21640625 0.0265625 0.05859375
0 0.39375 0.27578125 0.02734375 0.02421875
3 0.19609375 0.3765625 0.02890625 0.05703125
0 0.19765625 0.4234375 0.01875 0.0234375
3 0.24609375 0.3703125 0.02890625 0.05546875
3 0.31328125 0.35390625 0.03125 0.06171875
3 0.5953125 0.3328125 0.03203125 0.0640625
0 0.59609375 0.4109375 0.02734375 0.03359375
3 0.6578125 0.32421875 0.02890625 0.071875
0 0.6609375 0.41796875 0.02734375 0.02890625
3 0.7171875 0.33046875 0.02734375 0.0640625
3 0.79296875 0.38125 0.02578125 0.053125
7 0.72421875 0.4171875 0.03125 0.046875
0 0.78515625 0.4203125 0.02265625 0.03125
3 0.834375 0.5234375 0.03515625 0.06640625
3 0.76796875 0.53046875 0.03125 0.06640625
0 0.8328125 0.6015625 0.02734375 0.03359375
0 0.75625 0.59140625 0.0265625 0.040625
2 0.76484375 0.609375 0.03359375 0.05859375
10 0.30859375 0.50546875 0.103125 0.2140625
9 0.27734375 0.43984375 0.04296875 0.08125
7 0.34140625 0.60390625 0.03515625 0.065625
10 0.22578125 0.509375 0.06796875 0.15
9 0.21484375 0.47109375 0.02890625 0.06953125
10 0.16015625 0.4859375 0.07734375 0.18984375
3 0.13671875 0.421875 0.0296875 0.06328125
3 0.9265625 0.48359375 0.02421875 0.05703125
0 0.93203125 0.54921875 0.015625 0.028125
7 0.86640625 0.3921875 0.02109375 0.03203125
3 0.86796875 0.33046875 0.021875 0.0515625
3 0.8984375 0.3359375 0.0234375 0.04609375
3 0.83359375 0.18203125 0.01953125 0.04296875
3 0.8015625 0.11640625 0.01640625 0.03828125
3 0.765625 0.0640625 0.015625 0.03359375
0 0.75703125 0.08046875 0.01171875 0.01875
3 0.74765625 0.0359375 0.01328125 0.02890625
6 0.71796875 0.02578125 0.01484375 0.034375