10 0.13203125 0.34296875 0.05390625 0.084375
10 0.1546875 0.22890625 0.04375 0.0890625
10 0.1953125 0.159375 0.03359375 0.06953125
10 0.22734375 0.1625 0.03984375 0.05625
2 0.1796875 0.19921875 0.01640625 0.01953125
2 0.2171875 0.19140625 0.02109375 0.0234375
10 0.2125 0.11796875 0.0296875 0.053125
10 0.246875 0.10859375 0.0359375 0.05546875
2 0.365625 0.040625 0.0140625 0.01484375
10 0.35234375 0.1109375 0.0453125 0.06953125
10 0.4 0.09609375 0.0484375 0.07890625
1 0.4421875 0.1015625 0.04296875 0.05625
10 0.43125 0.04609375 0.03984375 0.06328125
10 0.46875 0.04296875 0.040625 0.05703125
10 0.51015625 0.04375 0.03359375 0.05546875
10 0.546875 0.04296875 0.04765625 0.0640625
10 0.590625 0.04296875 0.04296875 0.06328125
10 0.6375 0.05078125 0.0421875 0.04921875
10 0.65 0.09921875 0.0421875 0.08515625
10 0.6078125 0.09375 0.04375 0.078125
2 0.575 0.13125 0.0203125 0.015625
10 0.56484375 0.09375 0.0453125 0.07578125
2 0.53203125 0.12890625 0.01953125 0.021875
2 0.49140625 0.12421875 0.01953125 0.02109375
2 0.35078125 0.209375 0.02421875 0.03046875
2 0.41640625 0.20234375 0.02890625 0.02890625
2 0.51015625 0.19765625 0.02421875 0.03046875
2 0.28828125 0.29765625 0.02734375 0.03046875
10 0.39765625 0.23828125 0.07109375 0.10625
10 0.46640625 0.2234375 0.05859375 0.11875
10 0.52890625 0.24375 0.078125 0.1
2 0.62890625 0.209375 0.02265625 0.01953125
10 0.69609375 0.26640625 0.06953125 0.10390625
10 0.753125 0.26796875 0.05859375 0.1265625
1 0.7765625 0.3859375 0.06328125 0.09375
10 0.71640625 0.36875 0.06328125 0.1484375
10 0.65546875 0.3578125 0.0640625 0.14921875
10 0.5875 0.35625 0.08046875 0.1453125
2 0.53203125 0.41875 0.03046875 0.0453125
2 0.46015625 0.40703125 0.04140625 0.0359375
2 0.3703125 0.4265625 0.04140625 0.03828125
1 0.32265625 0.36953125 0.0875 0.10078125
1 0.25703125 0.37890625 0.05546875 0.12578125
1 0.20390625 0.37890625 0.06328125 0.10546875
0 0.25390625 0.428125 0.02734375 0.025
10 0.74453125 0.54375 0.08671875 0.1265625
10 0.8171875 0.528125 0.07578125 0.159375
10 0.9625 0.70390625 0.07421875 0.1203125
0 0.98203125 0.7546875 0.02109375 0.040625
2 0.9859375 0.778125 0.02421875 0.0390625
10 0.9078125 0.50546875 0.06796875 0.11484375
1 0.85546875 0.346875 0.0515625 0.10546875
10 0.89453125 0.340625 0.03828125 0.09296875
10 0.8203125 0.1859375 0.04921875 0.08125
10 0.79453125 0.128125 0.03515625 0.0640625
10 0.76640625 0.07421875 0.03203125 0.05625
10 0.74375 0.04453125 0.0328125 0.053125
2 0.11953125 0.40390625 0.025 0.02578125
7 0.12734375 0.378125 0.021875 0.03203125
5 0.1375 0.38671875 0.01484375 0.02109375
3 0.11796875 0.32734375 0.0234375 0.04921875
3 0.146875 0.20546875 0.01953125 0.04296875
0 0.15703125 0.23046875 0.015625 0.0296875
3 0.18828125 0.1453125 0.015625 0.03359375
3 0.21953125 0.15546875 0.01640625 0.04296875
3 0.2078125 0.109375 0.015625 0.03046875
3 0.240625 0.09609375 0.015625 0.034375
2 0.265625 0.09296875 0.0203125 0.01953125
3 0.39453125 0.028125 0.01484375 0.03515625
10 0.39140625 0.04375 0.04140625 0.06875
9 0.43203125 0.03125 0.01796875 0.03203125
5 0.359375 0.13515625 0.01484375 0.01328125
2 0.359375 0.13984375 0.01875 0.0203125
3 0.39453125 0.08046875 0.02265625 0.04296875
0 0.390625 0.12421875 0.02265625 0.01953125
3 0.44375 0.09375 0.0203125 0.0390625
3 0.4703125 0.03046875 0.015625 0.03515625
2 0.465625 0.06875 0.01796875 0.0203125
3 0.5109375 0.0328125 0.01640625 0.034375
3 0.55 0.03046875 0.0171875 0.03671875
7 0.5421875 0.06953125 0.028125 0.0203125
3 0.59296875 0.03046875 0.0171875 0.03671875
0 0.59375 0.06328125 0.015625 0.01875
0 0.57265625 0.11953125 0.01875 0.01796875
3 0.56953125 0.07890625 0.02109375 0.03984375
3 0.615625 0.078125 0.01953125 0.04375
0 0.61328125 0.1203125 0.01953125 0.021875
3 0.65 0.078125 0.0203125 0.040625
0 0.65703125 0.13203125 0.01328125 0.01953125
3 0.534375 0.228125 0.02734375 0.05390625
6 0.465625 0.19375 0.025 0.0546875
5 0.46640625 0.28125 0.01484375 0.025
0 0.53203125 0.28125 0.02890625 0.0265625
2 0.528125 0.29921875 0.02890625 0.03046875
3 0.39375 0.21796875 0.02890625 0.0609375
0 0.39375 0.27421875 0.0265625 0.021875
3 0.1953125 0.37578125 0.03046875 0.05625
3 0.246875 0.3734375 0.0265625 0.05546875
3 0.3125 0.353125 0.03046875 0.0609375
0 0.31328125 0.39921875 0.03359375 0.03125
3 0.59453125 0.33125 0.03203125 0.06484375
0 0.59609375 0.4078125 0.0265625 0.034375
3 0.6578125 0.321875 0.03125 0.075
0 0.66015625 0.41796875 0.025 0.02890625
3 0.7171875 0.33046875 0.02890625 0.06640625
3 0.79375 0.38046875 0.02578125 0.05390625
0 0.784375 0.41953125 0.02265625 0.03046875
7 0.721875 0.4171875 0.02890625 0.046875
3 0.7671875 0.53828125 0.03359375 0.06953125
0 0.75390625 0.59296875 0.02578125 0.0359375
2 0.765625 0.61484375 0.0296875 0.0484375
3 0.83203125 0.52890625 0.0375 0.07421875
7 0.8296875 0.60625 0.03359375 0.0640625
3 0.92578125 0.48125 0.02421875 0.05703125
0 0.93125 0.54921875 0.01640625 0.0296875
7 0.865625 0.39140625 0.02109375 0.03359375
3 0.86875 0.33046875 0.02265625 0.04609375
3 0.9 0.3390625 0.02421875 0.05
3 0.83203125 0.16796875 0.01875 0.03984375
3 0.80078125 0.115625 0.01640625 0.03828125
3 0.76640625 0.06171875 0.015625 0.03125
0 0.75625 0.0796875 0.01328125 0.01875
3 0.746875 0.034375 0.01328125 0.03125
6 0.71875 0.025 0.0140625 0.03125