1 0.1375 0.3484375 0.05703125 0.08125
10 0.15703125 0.221875 0.04140625 0.09453125
2 0.2171875 0.19140625 0.02109375 0.0234375
10 0.21171875 0.11875 0.0296875 0.053125
2 0.36484375 0.040625 0.0140625 0.01484375
10 0.35390625 0.10546875 0.04296875 0.07421875
10 0.4 0.09453125 0.0484375 0.07890625
1 0.4421875 0.103125 0.04296875 0.05546875
10 0.4296875 0.04765625 0.04296875 0.06796875
10 0.46875 0.0421875 0.040625 0.05859375
10 0.5109375 0.04296875 0.0375 0.053125
10 0.55234375 0.040625 0.04921875 0.0796875
10 0.59140625 0.03671875 0.04609375 0.07109375
10 0.6375 0.04921875 0.0359375 0.05625
10 0.65 0.0984375 0.0421875 0.084375
10 0.609375 0.09296875 0.04375 0.078125
2 0.575 0.13125 0.0203125 0.015625
10 0.5640625 0.09296875 0.046875 0.0765625
2 0.53203125 0.12890625 0.01953125 0.02421875
2 0.490625 0.12421875 0.01953125 0.02109375
2 0.35078125 0.20703125 0.025 0.03046875
2 0.41640625 0.20234375 0.02890625 0.02890625
2 0.45625 0.203125 0.03359375 0.03046875
2 0.51015625 0.1984375 0.02421875 0.03125
2 0.28828125 0.29453125 0.02734375 0.03828125
10 0.396875 0.23671875 0.07578125 0.10546875
10 0.46796875 0.24375 0.0578125 0.07421875
10 0.52890625 0.24375 0.07734375 0.1
2 0.62890625 0.209375 0.02265625 0.02578125
10 0.70078125 0.24375 0.059375 0.128125
10 0.753125 0.2703125 0.05703125 0.1203125
1 0.7765625 0.38671875 0.06171875 0.09609375
10 0.71640625 0.36875 0.06328125 0.1484375
10 0.65546875 0.35859375 0.0609375 0.146875
10 0.5875 0.35625 0.08046875 0.1453125
2 0.53125 0.41875 0.03046875 0.0484375
2 0.4609375 0.40546875 0.04140625 0.040625
2 0.3703125 0.4265625 0.04140625 0.03828125
1 0.31953125 0.36875 0.090625 0.1015625
10 0.26015625 0.35625 0.053125 0.11171875
1 0.20546875 0.38046875 0.06640625 0.109375
5 0.25703125 0.4296875 0.02109375 0.02421875
10 0.74453125 0.53671875 0.08515625 0.11953125
10 0.81796875 0.53828125 0.07421875 0.16328125
10 0.9625 0.70390625 0.07421875 0.1203125
0 0.98203125 0.7546875 0.02109375 0.040625
2 0.9859375 0.778125 0.02421875 0.0390625
10 0.9078125 0.50546875 0.06796875 0.11484375
1 0.85625 0.346875 0.05078125 0.10078125
10 0.89453125 0.33828125 0.040625 0.09375
1 0.82578125 0.196875 0.04609375 0.06171875
10 0.79453125 0.1296875 0.03515625 0.06484375
10 0.765625 0.07578125 0.03203125 0.05703125
10 0.74375 0.04609375 0.03046875 0.053125
10 0.7140625 0.03828125 0.02890625 0.05546875
2 0.11953125 0.40390625 0.025 0.0296875
7 0.12890625 0.37265625 0.025 0.03046875
5 0.1359375 0.38828125 0.01171875 0.02421875
3 0.1234375 0.34296875 0.02265625 0.046875
3 0.15703125 0.19765625 0.01796875 0.04375
0 0.16171875 0.22890625 0.0171875 0.0234375
3 0.1875 0.14375 0.01796875 0.03203125
10 0.196875 0.24296875 0.046875 0.1734375
9 0.18828125 0.1765625 0.02578125 0.04375
3 0.21953125 0.15546875 0.01640625 0.04296875
3 0.20703125 0.1109375 0.015625 0.03125
10 0.24609375 0.1828125 0.04296875 0.17109375
9 0.24140625 0.121875 0.02421875 0.04375
2 0.265625 0.09375 0.01953125 0.01875
10 0.3921875 0.046875 0.03671875 0.06015625
9 0.39375 0.03515625 0.01796875 0.03125
3 0.35078125 0.0890625 0.01796875 0.03984375
0 0.35703125 0.13203125 0.01796875 0.01640625
3 0.39453125 0.08046875 0.02265625 0.04296875
0 0.390625 0.125 0.0234375 0.0203125
2 0.3921875 0.140625 0.01953125 0.01640625
6 0.42890625 0.03046875 0.01484375 0.03359375
3 0.44140625 0.09296875 0.01953125 0.03984375
0 0.440625 0.11953125 0.0265625 0.01875
3 0.46953125 0.03046875 0.01640625 0.03515625
2 0.465625 0.06953125 0.01640625 0.01796875
0 0.428125 0.07109375 0.0203125 0.01484375
3 0.5125 0.03359375 0.01640625 0.03359375
2 0.51640625 0.0671875 0.02421875 0.01796875
9 0.55546875 0.01796875 0.0171875 0.03359375
9 0.59375 0.01875 0.0203125 0.03515625
0 0.59375 0.06328125 0.01796875 0.01953125
3 0.640625 0.04375 0.0171875 0.03515625
3 0.65078125 0.078125 0.01953125 0.03984375
0 0.65625 0.13046875 0.01953125 0.01875
3 0.61328125 0.078125 0.02109375 0.0453125
0 0.6125 0.11796875 0.01953125 0.02109375
3 0.56953125 0.078125 0.02109375 0.040625
0 0.571875 0.12109375 0.0171875 0.01953125
3 0.39375 0.215625 0.02734375 0.0609375
0 0.3921875 0.2765625 0.028125 0.02578125
2 0.3953125 0.29375 0.03203125 0.01875
3 0.46640625 0.234375 0.028125 0.0515625
0 0.4703125 0.27578125 0.01953125 0.03125
0 0.53203125 0.28125 0.03125 0.0265625
3 0.534375 0.225 0.02734375 0.05546875
2 0.528125 0.3 0.02890625 0.03125
3 0.59375 0.33125 0.0328125 0.06875
0 0.59375 0.4109375 0.0265625 0.03125
0 0.66015625 0.41796875 0.02578125 0.03046875
3 0.6578125 0.3234375 0.03203125 0.06875
3 0.71796875 0.33046875 0.02890625 0.06796875
7 0.725 0.41875 0.03046875 0.0484375
9 0.70625 0.20625 0.02890625 0.05078125
5 0.70234375 0.30234375 0.0140625 0.0234375
3 0.7625 0.24296875 0.02734375 0.06015625
0 0.76015625 0.31875 0.02421875 0.02578125
0 0.78515625 0.42109375 0.021875 0.028125
3 0.79375 0.38046875 0.02421875 0.05078125
3 0.76875 0.53125 0.03515625 0.065625
0 0.75546875 0.590625 0.02890625 0.04921875
2 0.76328125 0.60625 0.03359375 0.06015625
3 0.83359375 0.5171875 0.0328125 0.06953125
0 0.8328125 0.603125 0.028125 0.03359375
3 0.92734375 0.48125 0.02421875 0.05859375
0 0.93125 0.5484375 0.01640625 0.0296875
7 0.865625 0.39140625 0.02265625 0.03125
3 0.86796875 0.33046875 0.0234375 0.0484375
3 0.89609375 0.33203125 0.02265625 0.04296875
3 0.8375 0.19453125 0.01953125 0.04453125
3 0.8015625 0.11640625 0.01796875 0.0359375
3 0.765625 0.0640625 0.015625 0.034375
0 0.75703125 0.08125 0.0125 0.01953125
3 0.746875 0.03515625 0.01328125 0.03125
0 0.746875 0.06171875 0.01484375 0.01484375
6 0.71953125 0.0265625 0.01484375 0.03046875