1 0.13515625 0.34375 0.06015625 0.07421875
10 0.15 0.23828125 0.04609375 0.08828125
10 0.19453125 0.1609375 0.03515625 0.06875
10 0.22578125 0.1640625 0.04296875 0.06015625
2 0.1796875 0.2015625 0.01640625 0.02421875
2 0.21796875 0.19296875 0.02109375 0.02578125
10 0.2125 0.11796875 0.0296875 0.053125
10 0.24609375 0.1078125 0.03359375 0.05859375
2 0.36484375 0.04140625 0.01484375 0.015625
2 0.3984375 0.0359375 0.01796875 0.01796875
10 0.353125 0.109375 0.04453125 0.06875
10 0.4 0.09453125 0.05078125 0.08203125
1 0.4421875 0.10078125 0.04296875 0.05546875
10 0.42890625 0.04921875 0.04453125 0.065625
10 0.46953125 0.04296875 0.03984375 0.0546875
10 0.5109375 0.04296875 0.03359375 0.053125
10 0.54453125 0.0421875 0.04140625 0.06953125
10 0.590625 0.03828125 0.04453125 0.06953125
10 0.6375 0.05078125 0.0421875 0.04921875
10 0.64921875 0.096875 0.04609375 0.08671875
10 0.60859375 0.09375 0.0453125 0.08125
2 0.575 0.13125 0.0203125 0.015625
10 0.5640625 0.09296875 0.046875 0.0765625
2 0.53203125 0.12890625 0.01953125 0.02421875
2 0.490625 0.12421875 0.01953125 0.02109375
2 0.35078125 0.209375 0.02578125 0.03046875
2 0.41640625 0.20234375 0.02890625 0.02890625
2 0.45625 0.203125 0.03359375 0.03046875
2 0.51015625 0.1984375 0.02421875 0.03125
2 0.28828125 0.29453125 0.02734375 0.03828125
10 0.39609375 0.24609375 0.0671875 0.0984375
10 0.46875 0.2390625 0.05859375 0.0859375
10 0.52890625 0.24296875 0.07890625 0.10078125
2 0.628125 0.209375 0.0234375 0.02578125
10 0.69453125 0.26484375 0.06796875 0.1
10 0.753125 0.26796875 0.05859375 0.1265625
10 0.78125 0.371875 0.06796875 0.1359375
10 0.71640625 0.36640625 0.06328125 0.15
10 0.65234375 0.34921875 0.0640625 0.15625
10 0.5875 0.35625 0.08046875 0.1453125
2 0.53203125 0.42109375 0.03125 0.05078125
2 0.4609375 0.40546875 0.04140625 0.040625
2 0.3703125 0.4265625 0.04140625 0.03828125
1 0.31953125 0.36875 0.090625 0.1015625
10 0.26015625 0.35625 0.053125 0.11171875
1 0.20546875 0.38046875 0.06640625 0.109375
5 0.25703125 0.4296875 0.02109375 0.02421875
10 0.74453125 0.5359375 0.08515625 0.11875
10 0.81640625 0.5359375 0.075 0.16875
10 0.9625 0.70390625 0.07421875 0.1203125
0 0.98203125 0.7546875 0.02109375 0.040625
2 0.9859375 0.778125 0.02421875 0.0390625
10 0.9078125 0.50546875 0.06796875 0.11484375
1 0.85546875 0.34765625 0.0515625 0.1046875
10 0.89375 0.33828125 0.04140625 0.0953125
1 0.82578125 0.19921875 0.04453125 0.06015625
10 0.79375 0.1328125 0.0421875 0.0765625
10 0.76640625 0.0765625 0.03359375 0.06015625
10 0.74375 0.0484375 0.0328125 0.05390625
10 0.7125 0.03828125 0.0328125 0.05625
10 0.0671875 0.61171875 0.090625 0.24140625
3 0.03515625 0.5296875 0.02421875 0.0609375
10 0.12578125 0.45703125 0.07578125 0.23046875
6 0.10078125 0.37109375 0.02421875 0.0546875
3 0.12109375 0.34375 0.02734375 0.05
3 0.14453125 0.21796875 0.02109375 0.0453125
3 0.18828125 0.14375 0.01640625 0.034375
3 0.21875 0.15546875 0.01796875 0.04296875
0 0.18828125 0.17890625 0.01796875 0.015625
3 0.20625 0.1125 0.01484375 0.03046875
3 0.2390625 0.09765625 0.01484375 0.03046875
2 0.265625 0.09375 0.01953125 0.01875
3 0.35390625 0.09375 0.01953125 0.040625
0 0.3578125 0.1328125 0.01796875 0.01796875
3 0.3921875 0.08125 0.021875 0.04140625
0 0.390625 0.12578125 0.02578125 0.01953125
2 0.3921875 0.140625 0.01953125 0.01640625
3 0.44140625 0.09375 0.02109375 0.03671875
0 0.440625 0.11875 0.02578125 0.01875
9 0.43203125 0.0359375 0.01796875 0.03046875
0 0.4265625 0.07421875 0.01640625 0.009375
3 0.46953125 0.03125 0.015625 0.03203125
0 0.46796875 0.0609375 0.0171875 0.01640625
2 0.465625 0.06953125 0.01640625 0.01796875
3 0.51015625 0.03125 0.01640625 0.03125
7 0.51640625 0.0671875 0.02421875 0.01796875
9 0.534375 0.025 0.0171875 0.03359375
3 0.56953125 0.078125 0.021875 0.04296875
3 0.61328125 0.0765625 0.01953125 0.04375
9 0.590625 0.021875 0.0203125 0.0359375
0 0.59296875 0.06328125 0.01953125 0.01875
3 0.63828125 0.04296875 0.01640625 0.034375
3 0.65078125 0.07890625 0.01953125 0.040625
0 0.6546875 0.13125 0.021875 0.02109375
0 0.6125 0.11875 0.01953125 0.0234375
0 0.5734375 0.11953125 0.01640625 0.01875
3 0.3953125 0.23046875 0.02890625 0.05703125
0 0.38828125 0.28203125 0.01953125 0.025
2 0.396875 0.28984375 0.0328125 0.02578125
3 0.46875 0.2234375 0.0265625 0.05390625
5 0.465625 0.28046875 0.01328125 0.02421875
3 0.53515625 0.22265625 0.02734375 0.05625
0 0.53203125 0.28203125 0.03125 0.03203125
2 0.52890625 0.30078125 0.028125 0.03125
3 0.7 0.24375 0.02578125 0.0515625
3 0.76328125 0.24375 0.02578125 0.059375
0 0.69921875 0.29921875 0.02109375 0.0296875
0 0.7609375 0.31875 0.02421875 0.02578125
3 0.7875 0.33828125 0.028125 0.06171875
0 0.784375 0.41953125 0.0234375 0.03515625
3 0.71640625 0.32890625 0.028125 0.0640625
7 0.72421875 0.41796875 0.0328125 0.046875
3 0.6546875 0.30625 0.028125 0.06953125
0 0.65625 0.415625 0.01875 0.0265625
2 0.6625 0.4265625 0.0296875 0.05078125
2 0.79375 0.4234375 0.0265625 0.04453125
3 0.5953125 0.33984375 0.03203125 0.06328125
0 0.5953125 0.4109375 0.02734375 0.03203125
3 0.7671875 0.53515625 0.03359375 0.06875
0 0.75703125 0.5875 0.0375 0.0453125
2 0.76328125 0.6140625 0.034375 0.04921875
3 0.83515625 0.51796875 0.034375 0.0703125
0 0.83359375 0.603125 0.02578125 0.034375
3 0.9265625 0.4890625 0.02578125 0.05546875
0 0.93359375 0.54765625 0.0140625 0.0265625
3 0.86875 0.33203125 0.0234375 0.05078125
7 0.86640625 0.39140625 0.02265625 0.03359375
3 0.89921875 0.33828125 0.025 0.05078125
3 0.83828125 0.19375 0.01953125 0.04296875
3 0.80390625 0.11640625 0.015625 0.0390625
3 0.76640625 0.0640625 0.01484375 0.03125
0 0.75625 0.08046875 0.01328125 0.0203125
3 0.746875 0.0359375 0.0140625 0.0296875
6 0.71953125 0.02734375 0.01328125 0.03046875
10 0.66484375 0.053125 0.0453125 0.10390625
9 0.65 0.01171875 0.01953125 0.02109375