10 0.153125 0.22421875 0.0359375 0.09375
10 0.19609375 0.159375 0.0328125 0.0609375
10 0.228125 0.16328125 0.03984375 0.05859375
2 0.21953125 0.190625 0.015625 0.0203125
10 0.2125 0.11875 0.0296875 0.053125
10 0.246875 0.1109375 0.0359375 0.05546875
2 0.36484375 0.040625 0.0140625 0.01484375
10 0.35546875 0.109375 0.04296875 0.065625
10 0.4 0.096875 0.05078125 0.078125
1 0.4421875 0.10234375 0.04296875 0.05625
10 0.43125 0.046875 0.040625 0.0609375
10 0.4703125 0.0421875 0.03984375 0.0546875
10 0.509375 0.04375 0.03515625 0.0609375
10 0.546875 0.0453125 0.04765625 0.0609375
10 0.590625 0.040625 0.04140625 0.06328125
10 0.6375 0.05078125 0.03671875 0.0515625
10 0.64921875 0.09921875 0.0421875 0.08671875
10 0.61015625 0.09453125 0.04375 0.078125
2 0.575 0.13046875 0.0203125 0.01640625
10 0.56484375 0.09609375 0.046875 0.0765625
2 0.5328125 0.128125 0.01875 0.021875
2 0.49140625 0.125 0.01796875 0.021875
2 0.3515625 0.209375 0.02421875 0.028125
2 0.41640625 0.20234375 0.02890625 0.02890625
2 0.45625 0.203125 0.03359375 0.03046875
2 0.51015625 0.1984375 0.02421875 0.03046875
2 0.2890625 0.29921875 0.025 0.03125
10 0.4703125 0.23671875 0.06015625 0.09609375
10 0.53046875 0.24375 0.0765625 0.1046875
2 0.62890625 0.21015625 0.02265625 0.0203125
10 0.6859375 0.25703125 0.06015625 0.096875
10 0.75 0.27421875 0.06171875 0.11796875
10 0.778125 0.390625 0.06015625 0.096875
10 0.71875 0.36484375 0.06328125 0.14609375
10 0.65546875 0.35859375 0.06171875 0.146875
10 0.5875 0.35625 0.08046875 0.1453125
2 0.53125 0.41953125 0.03046875 0.046875
2 0.46171875 0.40859375 0.03984375 0.0390625
2 0.3703125 0.425 0.03828125 0.03515625
1 0.321875 0.3703125 0.0875 0.1015625
1 0.25625 0.378125 0.05546875 0.12578125
1 0.20390625 0.37890625 0.06171875 0.11015625
0 0.25078125 0.428125 0.0234375 0.02578125
10 0.7453125 0.5359375 0.0859375 0.109375
10 0.81875 0.54140625 0.07578125 0.15859375
10 0.9625 0.70390625 0.07421875 0.1203125
0 0.98203125 0.7546875 0.02109375 0.040625
2 0.9859375 0.778125 0.02421875 0.0390625
10 0.9078125 0.50546875 0.06796875 0.11484375
1 0.85546875 0.3484375 0.0515625 0.10390625
10 0.89453125 0.34921875 0.03984375 0.0984375
10 0.8203125 0.190625 0.04921875 0.07578125
10 0.7953125 0.1296875 0.03515625 0.06640625
10 0.76640625 0.0734375 0.03203125 0.06171875
10 0.74375 0.04609375 0.03203125 0.05390625
10 0.71171875 0.03828125 0.03046875 0.06015625
2 0.265625 0.09375 0.0203125 0.01953125
3 0.15234375 0.19921875 0.01953125 0.04296875
5 0.14609375 0.28125 0.01171875 0.01953125
10 0.18828125 0.21328125 0.05546875 0.0984375
3 0.178125 0.18671875 0.0203125 0.04296875
3 0.18984375 0.146875 0.01484375 0.03203125
3 0.221875 0.15625 0.01796875 0.040625
3 0.20703125 0.1125 0.015625 0.03046875
3 0.240625 0.10078125 0.01640625 0.03125
0 0.2375 0.13203125 0.01328125 0.015625
3 0.3921875 0.046875 0.01640625 0.03359375
1 0.390625 0.05546875 0.03984375 0.0546875
6 0.4296875 0.03359375 0.015625 0.034375
3 0.471875 0.034375 0.015625 0.03359375
0 0.428125 0.07109375 0.0171875 0.015625
3 0.359375 0.09921875 0.01953125 0.040625
0 0.3578125 0.13359375 0.01796875 0.01640625
3 0.39375 0.08671875 0.021875 0.040625
3 0.4390625 0.09296875 0.0203125 0.03515625
0 0.390625 0.1265625 0.02265625 0.02109375
0 0.434375 0.12109375 0.01875 0.01875
3 0.5703125 0.07890625 0.02109375 0.0390625
0 0.5734375 0.12109375 0.0203125 0.01796875
0 0.61328125 0.11875 0.01796875 0.02109375
3 0.6140625 0.08125 0.01953125 0.04296875
3 0.64921875 0.078125 0.01953125 0.040625
3 0.63828125 0.04375 0.01796875 0.034375
3 0.5921875 0.02890625 0.01796875 0.0359375
3 0.5484375 0.0359375 0.01796875 0.034375
7 0.5421875 0.07109375 0.02734375 0.02109375
6 0.51171875 0.03046875 0.01640625 0.03359375
2 0.46640625 0.07109375 0.01640625 0.01953125
2 0.396875 0.28828125 0.0328125 0.03125
3 0.47109375 0.21953125 0.0265625 0.05625
0 0.47265625 0.2765625 0.02265625 0.03203125
3 0.53515625 0.22109375 0.02734375 0.0546875
0 0.53203125 0.28125 0.0296875 0.0296875
3 0.696875 0.240625 0.02421875 0.04921875
0 0.70078125 0.29296875 0.021875 0.02109375
3 0.76171875 0.24609375 0.02578125 0.05859375
0 0.7609375 0.31953125 0.02421875 0.028125
0 0.784375 0.4234375 0.02265625 0.02890625
3 0.79296875 0.38125 0.02578125 0.05078125
3 0.73046875 0.32421875 0.03203125 0.065625
0 0.73046875 0.42109375 0.0328125 0.0296875
3 0.6578125 0.3234375 0.0296875 0.07109375
0 0.66171875 0.41640625 0.02421875 0.02578125
3 0.59375 0.33203125 0.03046875 0.06953125
0 0.59296875 0.409375 0.02421875 0.03125
3 0.19609375 0.37734375 0.028125 0.05625
0 0.19765625 0.425 0.01796875 0.021875
3 0.2453125 0.3734375 0.02734375 0.053125
0 0.315625 0.39921875 0.03359375 0.03359375
3 0.31328125 0.35078125 0.03046875 0.06015625
3 0.20078125 0.49375 0.03046875 0.065625
0 0.19609375 0.59296875 0.025 0.03359375
10 0.2125 0.5328125 0.06953125 0.15078125
9 0.2796875 0.45703125 0.03984375 0.0703125
10 0.28203125 0.50234375 0.1234375 0.16015625
5 0.20234375 0.61328125 0.01953125 0.0265625
3 0.4234375 0.4484375 0.03359375 0.0796875
10 0.43203125 0.49140625 0.07578125 0.16875
0 0.425 0.5453125 0.025 0.03515625
2 0.43046875 0.60546875 0.03515625 0.06796875
3 0.7703125 0.53515625 0.0328125 0.06640625
0 0.7546875 0.58671875 0.028125 0.05
2 0.76328125 0.61171875 0.03359375 0.05546875
3 0.8359375 0.53046875 0.03515625 0.071875
0 0.83359375 0.60390625 0.02890625 0.03359375
3 0.9265625 0.48046875 0.02421875 0.05625
0 0.93046875 0.54921875 0.01640625 0.02890625
3 0.86796875 0.33046875 0.02265625 0.046875
3 0.903125 0.32890625 0.0203125 0.0484375
7 0.86640625 0.39296875 0.02109375 0.03125
0 0.90234375 0.3859375 0.015625 0.02109375
3 0.83203125 0.171875 0.0203125 0.03984375
3 0.80234375 0.115625 0.01484375 0.03671875
9 0.76875 0.0578125 0.01640625 0.02890625
3 0.74765625 0.0359375 0.01328125 0.03125
3 0.71875 0.0265625 0.0140625 0.034375
0 0.74765625 0.0625 0.01484375 0.0140625
0 0.65703125 0.1328125 0.01328125 0.01953125