10 0.13359375 0.353125 0.05703125 0.1
10 0.15390625 0.23046875 0.04296875 0.08984375
10 0.2125 0.11796875 0.0296875 0.053125
10 0.246875 0.1109375 0.0359375 0.05625
2 0.36484375 0.040625 0.0140625 0.01484375
10 0.35546875 0.109375 0.0421875 0.06484375
10 0.40078125 0.096875 0.04765625 0.08046875
1 0.4421875 0.10078125 0.04296875 0.05546875
10 0.4328125 0.04609375 0.04140625 0.065625
10 0.4703125 0.04296875 0.03828125 0.05546875
10 0.509375 0.0421875 0.03515625 0.06015625
10 0.5453125 0.04375 0.04609375 0.0640625
10 0.590625 0.04296875 0.04296875 0.06328125
10 0.6390625 0.05078125 0.04140625 0.04921875
10 0.64921875 0.09921875 0.0421875 0.0859375
10 0.60859375 0.09453125 0.04375 0.078125
2 0.575 0.13046875 0.0203125 0.01640625
10 0.565625 0.0953125 0.046875 0.07578125
2 0.53203125 0.128125 0.01953125 0.0234375
2 0.4921875 0.12578125 0.01953125 0.0203125
2 0.35234375 0.2109375 0.02421875 0.02890625
2 0.41640625 0.20234375 0.02890625 0.02890625
2 0.45546875 0.2046875 0.03359375 0.028125
2 0.51015625 0.19921875 0.02421875 0.02890625
2 0.2890625 0.2984375 0.02578125 0.03046875
10 0.396875 0.23984375 0.07265625 0.1015625
1 0.46875 0.24765625 0.06015625 0.07109375
10 0.5296875 0.23984375 0.07578125 0.11640625
2 0.62890625 0.21171875 0.02265625 0.0234375
10 0.68671875 0.2578125 0.0609375 0.09375
10 0.7484375 0.2734375 0.0640625 0.11640625
10 0.77734375 0.38515625 0.0625 0.0984375
10 0.7171875 0.36953125 0.0625 0.14609375
10 0.65390625 0.359375 0.065625 0.1484375
10 0.5875 0.35703125 0.08046875 0.1453125
2 0.53125 0.421875 0.03046875 0.046875
2 0.4609375 0.409375 0.03984375 0.0390625
2 0.37109375 0.42578125 0.03984375 0.03359375
1 0.3234375 0.3671875 0.08671875 0.10859375
1 0.25546875 0.38125 0.0546875 0.13046875
1 0.203125 0.38046875 0.05859375 0.109375
5 0.253125 0.43046875 0.01953125 0.02109375
10 0.7453125 0.53828125 0.08671875 0.11953125
10 0.81953125 0.52578125 0.07265625 0.16640625
10 0.9625 0.70390625 0.07421875 0.1203125
0 0.98203125 0.7546875 0.02109375 0.040625
2 0.9859375 0.778125 0.02421875 0.0390625
10 0.9078125 0.50546875 0.06796875 0.11484375
1 0.85546875 0.34765625 0.0515625 0.1046875
10 0.89453125 0.3484375 0.03984375 0.096875
10 0.821875 0.1890625 0.04765625 0.07890625
10 0.7953125 0.1296875 0.03515625 0.06640625
10 0.76640625 0.07421875 0.03359375 0.05703125
10 0.74375 0.0453125 0.03203125 0.05390625
10 0.7109375 0.03671875 0.03125 0.06015625
2 0.26640625 0.09296875 0.02109375 0.01953125
3 0.1171875 0.33125 0.02421875 0.05078125
2 0.11953125 0.40390625 0.02734375 0.02578125
2 0.12890625 0.3765625 0.02421875 0.040625
5 0.1375 0.38828125 0.0140625 0.02421875
3 0.1453125 0.20546875 0.01953125 0.040625
0 0.1546875 0.23203125 0.015625 0.028125
3 0.17890625 0.190625 0.02265625 0.03984375
10 0.20546875 0.221875 0.0765625 0.13984375
3 0.1875 0.14765625 0.0171875 0.03203125
3 0.20625 0.11171875 0.01484375 0.03203125
3 0.23828125 0.10078125 0.01484375 0.03125
0 0.2375 0.13046875 0.0140625 0.015625
3 0.35703125 0.096875 0.01953125 0.03984375
5 0.359375 0.134375 0.0171875 0.01171875
2 0.35859375 0.140625 0.01796875 0.02109375
3 0.39375 0.028125 0.01484375 0.034375
10 0.39375 0.04375 0.03984375 0.07109375
9 0.4375 0.03046875 0.015625 0.03515625
7 0.43359375 0.07421875 0.02890625 0.01640625
3 0.39375 0.08203125 0.02265625 0.040625
0 0.38984375 0.12578125 0.025 0.02109375
3 0.43671875 0.09375 0.0203125 0.0390625
0 0.4375 0.11953125 0.02578125 0.02109375
3 0.471875 0.0328125 0.01640625 0.034375
6 0.5109375 0.03046875 0.015625 0.034375
2 0.465625 0.07109375 0.0171875 0.01875
3 0.5484375 0.034375 0.0171875 0.03515625
7 0.5421875 0.06953125 0.02734375 0.02109375
3 0.5703125 0.08046875 0.02109375 0.04140625
3 0.5921875 0.03046875 0.01796875 0.03828125
0 0.59296875 0.06328125 0.01640625 0.01796875
3 0.61484375 0.08046875 0.02109375 0.04375
0 0.6125 0.11875 0.0203125 0.01953125
3 0.63984375 0.04375 0.015625 0.03515625
3 0.64921875 0.078125 0.02109375 0.04140625
0 0.65703125 0.1328125 0.01328125 0.01953125
3 0.76171875 0.2453125 0.02734375 0.059375
0 0.7609375 0.31875 0.02421875 0.02578125
3 0.53671875 0.21328125 0.02734375 0.05703125
0 0.53203125 0.28203125 0.02734375 0.02890625
2 0.528125 0.30078125 0.028125 0.02890625
3 0.46796875 0.240625 0.02890625 0.05390625
0 0.47265625 0.27578125 0.0203125 0.03359375
3 0.39140625 0.21796875 0.028125 0.05859375
0 0.39375 0.27421875 0.02734375 0.025
3 0.19609375 0.3765625 0.0265625 0.053125
3 0.24375 0.371875 0.0265625 0.0546875
0 0.19765625 0.4234375 0.0171875 0.02109375
3 0.31640625 0.346875 0.0296875 0.06171875
0 0.31484375 0.3984375 0.03203125 0.034375
3 0.59609375 0.3296875 0.03359375 0.0703125
0 0.59609375 0.4109375 0.02890625 0.0359375
3 0.65703125 0.32421875 0.02890625 0.071875
0 0.6609375 0.41640625 0.02734375 0.028125
3 0.7171875 0.3296875 0.02890625 0.06484375
7 0.72421875 0.4171875 0.02890625 0.04921875
3 0.79296875 0.38203125 0.02578125 0.05546875
3 0.7859375 0.421875 0.02265625 0.03203125
7 0.83046875 0.609375 0.03359375 0.05859375
3 0.83359375 0.51640625 0.034375 0.06640625
3 0.7671875 0.53359375 0.0359375 0.06640625
0 0.7546875 0.590625 0.02734375 0.04453125
2 0.7640625 0.61328125 0.03359375 0.053125
3 0.4046875 0.46796875 0.04140625 0.0765625
5 0.43359375 0.59140625 0.01875 0.04296875
2 0.43046875 0.60390625 0.03515625 0.07109375
10 0.42265625 0.50078125 0.08984375 0.14921875
10 0.290625 0.496875 0.07265625 0.16875
3 0.28203125 0.44765625 0.03125 0.06953125
10 0.21796875 0.51796875 0.07734375 0.14921875
3 0.20546875 0.48046875 0.03125 0.06796875
0 0.18046875 0.5546875 0.025 0.03125
5 0.203125 0.61171875 0.02421875 0.03671875
3 0.9265625 0.48203125 0.0265625 0.05625
0 0.93125 0.54921875 0.015625 0.02890625
3 0.86796875 0.33046875 0.0234375 0.04921875
7 0.86640625 0.39140625 0.02109375 0.03359375
3 0.903125 0.328125 0.01953125 0.05
3 0.83125 0.17109375 0.01875 0.03984375
3 0.80234375 0.11640625 0.01796875 0.03828125
3 0.765625 0.0625 0.015625 0.034375
3 0.746875 0.0359375 0.01328125 0.03046875
0 0.746875 0.06171875 0.01640625 0.0140625
6 0.7171875 0.0234375 0.0140625 0.03203125