1 0.1359375 0.34296875 0.04921875 0.084375
7 0.1296875 0.37734375 0.02890625 0.03828125
2 0.1203125 0.4046875 0.02734375 0.028125
10 0.15390625 0.23671875 0.04609375 0.08046875
10 0.19375 0.165625 0.0328125 0.06484375
2 0.18046875 0.20078125 0.01640625 0.02421875
10 0.22734375 0.16796875 0.03984375 0.06171875
2 0.2171875 0.1921875 0.021875 0.025
10 0.21015625 0.11875 0.03359375 0.0515625
10 0.2453125 0.10625 0.03359375 0.06015625
2 0.2640625 0.09453125 0.01796875 0.01484375
2 0.36484375 0.04140625 0.0140625 0.015625
1 0.3921875 0.05546875 0.04140625 0.05546875
1 0.43984375 0.0984375 0.04609375 0.05546875
1 0.35390625 0.10703125 0.04375 0.06796875
1 0.39765625 0.10078125 0.04609375 0.07421875
10 0.43125 0.0453125 0.04140625 0.0609375
10 0.46875 0.04296875 0.03671875 0.053125
10 0.51015625 0.0359375 0.03359375 0.06796875
2 0.4921875 0.125 0.01875 0.0203125
2 0.5328125 0.128125 0.01875 0.0234375
10 0.54453125 0.03671875 0.03828125 0.059375
10 0.590625 0.04375 0.03828125 0.059375
1 0.63203125 0.04921875 0.03125 0.0546875
10 0.66015625 0.0609375 0.04453125 0.1203125
10 0.55 0.08203125 0.09140625 0.084375
2 0.6140625 0.12890625 0.02109375 0.02421875
10 0.70078125 0.16796875 0.05546875 0.0890625
10 0.640625 0.146875 0.0703125 0.09453125
2 0.621875 0.20546875 0.0234375 0.03046875
5 0.66328125 0.196875 0.015625 0.01953125
2 0.5109375 0.19921875 0.02421875 0.03046875
2 0.45625 0.2046875 0.03359375 0.0296875
2 0.415625 0.20234375 0.03046875 0.025
2 0.35078125 0.20703125 0.025 0.03125
2 0.28828125 0.296875 0.02578125 0.03046875
2 0.396875 0.28671875 0.0328125 0.03125
1 0.46953125 0.246875 0.05703125 0.06953125
10 0.53125 0.24375 0.0734375 0.1
2 0.52890625 0.2984375 0.02890625 0.03359375
10 0.69453125 0.2640625 0.059375 0.103125
10 0.7515625 0.26953125 0.05859375 0.11484375
10 0.7765625 0.3765625 0.06875 0.11953125
1 0.715625 0.37265625 0.0578125 0.11953125
10 0.65546875 0.3515625 0.06328125 0.1234375
10 0.58828125 0.35703125 0.07890625 0.1453125
9 0.6703125 0.428125 0.04140625 0.0765625
2 0.53203125 0.41796875 0.03046875 0.053125
2 0.46171875 0.40703125 0.03984375 0.04453125
2 0.36953125 0.42421875 0.03984375 0.04375
10 0.31953125 0.36796875 0.08515625 0.10859375
1 0.2546875 0.37109375 0.06015625 0.12421875
1 0.2 0.384375 0.06015625 0.10546875
2 0.184375 0.6046875 0.03359375 0.0609375
10 0.22421875 0.5 0.05859375 0.16875
10 0.27265625 0.54375 0.08125 0.15390625
2 0.26015625 0.628125 0.03359375 0.05390625
10 0.428125 0.51796875 0.08515625 0.1453125
2 0.43515625 0.60625 0.03671875 0.0734375
10 0.75078125 0.521875 0.08203125 0.13671875
10 0.81640625 0.53671875 0.07578125 0.15625
2 0.76328125 0.609375 0.034375 0.05546875
10 0.71328125 0.03125 0.028125 0.05625
10 0.74453125 0.0484375 0.02734375 0.05546875
10 0.73828125 0.08046875 0.03984375 0.0734375
10 0.771875 0.08046875 0.02890625 0.059375
10 0.79609375 0.128125 0.03359375 0.059375
1 0.82578125 0.19453125 0.034375 0.0546875
1 0.85546875 0.35 0.0578125 0.08125
10 0.8984375 0.35234375 0.04140625 0.09921875
10 0.96640625 0.70390625 0.065625 0.11328125
3 0.125 0.33359375 0.02109375 0.04609375
3 0.1453125 0.21875 0.01953125 0.04453125
3 0.18828125 0.15078125 0.015625 0.03125
3 0.21796875 0.15546875 0.0171875 0.040625
0 0.1921875 0.18203125 0.01640625 0.01640625
3 0.20390625 0.10859375 0.01484375 0.028125
0 0.203125 0.13671875 0.01640625 0.01875
3 0.240625 0.09296875 0.0140625 0.03203125
0 0.2390625 0.13046875 0.015625 0.01796875
5 0.26875 0.0921875 0.00703125 0.01171875
3 0.39375 0.046875 0.015625 0.03125
3 0.43203125 0.03125 0.01328125 0.03046875
3 0.35625 0.09375 0.0171875 0.03671875
0 0.35625 0.13046875 0.01484375 0.01875
3 0.39453125 0.084375 0.02109375 0.03828125
3 0.43046875 0.09375 0.01953125 0.03828125
0 0.38984375 0.1265625 0.01953125 0.01875
5 0.43046875 0.12734375 0.0109375 0.015625
3 0.46953125 0.03125 0.01484375 0.0296875
0 0.43515625 0.06796875 0.01875 0.015625
0 0.46640625 0.06171875 0.01796875 0.01796875
6 0.51171875 0.01953125 0.01484375 0.03125
3 0.54453125 0.02421875 0.01484375 0.03203125
2 0.5375 0.0640625 0.02734375 0.03125
9 0.56640625 0.06171875 0.02109375 0.04140625
5 0.57578125 0.12578125 0.01484375 0.01953125
2 0.5734375 0.12890625 0.02421875 0.02421875
3 0.5953125 0.03046875 0.01796875 0.03515625
0 0.59453125 0.065625 0.01796875 0.01796875
2 0.61171875 0.07578125 0.0265625 0.01875
3 0.6390625 0.0421875 0.015625 0.034375
9 0.6515625 0.11953125 0.021875 0.04140625
2 0.6625 0.203125 0.0296875 0.03359375
9 0.66015625 0.01796875 0.01953125 0.034375
10 0.68515625 0.07890625 0.03203125 0.13515625
9 0.6875 0.03125 0.01953125 0.03984375
10 0.70390625 0.1015625 0.05078125 0.11875
9 0.6984375 0.0609375 0.02109375 0.04296875
3 0.703125 0.14765625 0.01953125 0.04375
0 0.70703125 0.196875 0.02109375 0.0234375
3 0.7609375 0.24375 0.025 0.05703125
0 0.759375 0.315625 0.02734375 0.0296875
0 0.69921875 0.30234375 0.0203125 0.0265625
2 0.71875 0.30859375 0.028125 0.0390625
3 0.740625 0.0609375 0.0171875 0.03203125
3 0.76953125 0.06875 0.01484375 0.03125
3 0.746875 0.034375 0.01171875 0.03046875
6 0.7140625 0.01875 0.01328125 0.0296875
0 0.75 0.10625 0.0171875 0.015625
3 0.80078125 0.11796875 0.015625 0.03671875
3 0.83359375 0.19140625 0.0171875 0.04140625
10 0.78828125 0.2234375 0.04609375 0.19375
6 0.79765625 0.153125 0.02109375 0.04921875
3 0.703125 0.23984375 0.02578125 0.0515625
3 0.78515625 0.3453125 0.025 0.059375
0 0.78515625 0.421875 0.03125 0.03125
7 0.725 0.41953125 0.03046875 0.053125
3 0.71875 0.3453125 0.0328125 0.059375
3 0.66015625 0.3234375 0.03125 0.06953125
3 0.59453125 0.33046875 0.03046875 0.0609375
0 0.59375 0.40546875 0.021875 0.03359375
10 0.6625 0.4828125 0.08046875 0.19140625
5 0.66796875 0.6109375 0.0265625 0.04453125
3 0.3125 0.3453125 0.0296875 0.06328125
3 0.253125 0.3640625 0.02578125 0.05078125
0 0.3125 0.40625 0.03359375 0.034375
0 0.25703125 0.41796875 0.03046875 0.03046875
3 0.19375 0.37890625 0.025 0.0515625
0 0.19375 0.421875 0.01953125 0.02578125
10 0.16015625 0.5140625 0.06484375 0.1390625
3 0.14140625 0.478125 0.02734375 0.0609375
7 0.14375 0.57578125 0.03671875 0.08125
3 0.21796875 0.4515625 0.0296875 0.0640625
0 0.21640625 0.50703125 0.02734375 0.034375
3 0.265625 0.50625 0.03359375 0.06875
0 0.265625 0.60234375 0.02890625 0.0359375
3 0.41796875 0.48671875 0.0328125 0.08046875
0 0.41328125 0.58671875 0.04296875 0.05625
3 0.775 0.49140625 0.03046875 0.06796875
0 0.76328125 0.58359375 0.03046875 0.0359375
3 0.83125 0.5234375 0.03359375 0.06875
0 0.82890625 0.60078125 0.02890625 0.03046875
10 0.09375 0.72734375 0.0671875 0.17109375
3 0.078125 0.6828125 0.03203125 0.07890625
0 0.08203125 0.7859375 0.028125 0.04375
10 0.159375 0.70234375 0.11015625 0.2046875
6 0.12265625 0.6421875 0.03671875 0.08046875
3 0.46640625 0.24296875 0.028125 0.053125
3 0.534375 0.221875 0.02734375 0.05546875
0 0.528125 0.28046875 0.02421875 0.03359375
0 0.98515625 0.75390625 0.01875 0.03828125
0 0.865625 0.38828125 0.01875 0.03125
3 0.8734375 0.34140625 0.025 0.0515625
3 0.903125 0.33125 0.01953125 0.05078125
0 0.90390625 0.3890625 0.01796875 0.0234375