10 0.140625 0.328125 0.0515625 0.0859375
2 0.11953125 0.40390625 0.02734375 0.0265625
2 0.13203125 0.37421875 0.03359375 0.03203125
10 0.153125 0.24296875 0.0421875 0.07578125
2 0.1796875 0.20234375 0.01640625 0.02109375
2 0.2171875 0.1921875 0.01953125 0.0234375
10 0.19375 0.16640625 0.03359375 0.06015625
10 0.22578125 0.165625 0.04296875 0.0609375
10 0.2109375 0.11875 0.03125 0.05703125
10 0.24609375 0.1109375 0.0328125 0.05546875
10 0.27265625 0.06328125 0.03828125 0.05625
2 0.26953125 0.09296875 0.015625 0.015625
1 0.35390625 0.10859375 0.04453125 0.0640625
1 0.434375 0.10078125 0.0390625 0.05546875
2 0.38828125 0.13984375 0.01796875 0.01640625
2 0.359375 0.140625 0.01796875 0.01875
10 0.3953125 0.0890625 0.04609375 0.08828125
1 0.3921875 0.05625 0.040625 0.05625
10 0.43203125 0.04609375 0.03984375 0.05859375
10 0.4703125 0.04296875 0.0375 0.053125
10 0.4875 0.08515625 0.04921875 0.0796875
10 0.5125 0.0390625 0.0328125 0.05625
10 0.546875 0.0421875 0.04453125 0.065625
1 0.56875 0.0953125 0.04453125 0.0703125
2 0.49296875 0.1296875 0.0203125 0.021875
2 0.53359375 0.12734375 0.01953125 0.02109375
1 0.590625 0.053125 0.0390625 0.053125
10 0.6375 0.04921875 0.03671875 0.05703125
2 0.61328125 0.1296875 0.01875 0.021875
10 0.65390625 0.09921875 0.04375 0.08515625
10 0.70625 0.1703125 0.0609375 0.08515625
10 0.64765625 0.15625 0.04375 0.10859375
10 0.5734375 0.15390625 0.05625 0.09296875
5 0.6359375 0.20859375 0.01328125 0.01953125
2 0.51015625 0.1984375 0.02265625 0.0296875
2 0.415625 0.2 0.02890625 0.03125
10 0.403125 0.24375 0.06875 0.09453125
10 0.46875 0.24296875 0.0546875 0.08125
2 0.39609375 0.29375 0.03046875 0.02421875
10 0.52890625 0.24296875 0.07734375 0.10078125
2 0.52890625 0.2984375 0.03046875 0.03125
1 0.69375 0.2625 0.05546875 0.09375
2 0.7109375 0.31328125 0.04453125 0.0359375
10 0.753125 0.26796875 0.0625 0.125
10 0.77734375 0.371875 0.05859375 0.09609375
10 0.71953125 0.3609375 0.06484375 0.13203125
2 0.7296875 0.4390625 0.02578125 0.03984375
10 0.6578125 0.3609375 0.06484375 0.14375
10 0.5890625 0.35625 0.07890625 0.14921875
2 0.4609375 0.40625 0.03828125 0.03984375
2 0.53125 0.42109375 0.0296875 0.05
2 0.36953125 0.42578125 0.0375 0.0390625
10 0.32265625 0.36875 0.08515625 0.1203125
1 0.25234375 0.37734375 0.06171875 0.115625
1 0.2 0.38203125 0.06171875 0.10546875
1 0.146875 0.55 0.07578125 0.10546875
2 0.134375 0.60859375 0.02734375 0.05078125
2 0.184375 0.60546875 0.034375 0.05546875
10 0.22265625 0.49375 0.0625 0.17109375
10 0.2703125 0.53671875 0.07890625 0.14375
10 0.42265625 0.51171875 0.078125 0.16640625
10 0.671875 0.53203125 0.08828125 0.18125
1 0.81953125 0.534375 0.07421875 0.15625
10 0.96640625 0.70625 0.06484375 0.11953125
0 0.98359375 0.75625 0.0171875 0.034375
2 0.98828125 0.76640625 0.01796875 0.05
10 0.90390625 0.48984375 0.06640625 0.11640625
1 0.85859375 0.3515625 0.05546875 0.0890625
10 0.9 0.35859375 0.04140625 0.10078125
10 0.778125 0.1640625 0.05078125 0.08828125
10 0.82109375 0.18125 0.03203125 0.08203125
10 0.73203125 0.08046875 0.0375 0.06875
10 0.7140625 0.034375 0.028125 0.05625
2 0.92109375 0.54140625 0.02421875 0.046875
2 0.45546875 0.20234375 0.02890625 0.02890625
10 0.09140625 0.7265625 0.06015625 0.1734375
10 0.1453125 0.759375 0.09765625 0.22578125
2 0.12578125 0.81875 0.02890625 0.06640625
2 0.28828125 0.303125 0.02734375 0.03671875
10 0.7515625 0.53671875 0.075 0.11953125
2 0.76328125 0.60625 0.03515625 0.05546875
10 0.7578125 0.11796875 0.04140625 0.0765625
10 0.74375 0.04609375 0.03046875 0.05625
3 0.12890625 0.31015625 0.021875 0.04453125
3 0.14453125 0.228125 0.01875 0.0390625
3 0.1890625 0.15390625 0.01796875 0.03125
3 0.21640625 0.15390625 0.01640625 0.04140625
3 0.20625 0.1109375 0.015625 0.03046875
3 0.2390625 0.10078125 0.01640625 0.03125
0 0.240625 0.13125 0.0171875 0.01796875
9 0.26328125 0.053125 0.01796875 0.03203125
5 0.26640625 0.09296875 0.00703125 0.01015625
3 0.39375 0.04375 0.0171875 0.0359375
3 0.35546875 0.0953125 0.01953125 0.03671875
3 0.3984375 0.0859375 0.021875 0.04453125
3 0.434375 0.09375 0.02109375 0.0390625
3 0.43125 0.0328125 0.01640625 0.034375
3 0.46875 0.03203125 0.0171875 0.03125
0 0.43515625 0.06796875 0.01953125 0.015625
0 0.35625 0.13046875 0.01640625 0.01875
0 0.390625 0.12578125 0.0171875 0.01953125
0 0.4296875 0.12109375 0.01640625 0.01953125
0 0.4828125 0.115625 0.015625 0.0203125
2 0.475 0.1265625 0.01953125 0.02421875
3 0.51328125 0.03125 0.01796875 0.0359375
3 0.48828125 0.06875 0.02265625 0.04296875
3 0.54453125 0.0328125 0.01640625 0.0359375
3 0.59453125 0.04453125 0.01640625 0.03828125
3 0.56875 0.0859375 0.02109375 0.04140625
7 0.54453125 0.06875 0.028125 0.02109375
2 0.51328125 0.06875 0.028125 0.0203125
2 0.609375 0.07890625 0.02109375 0.01796875
3 0.64140625 0.04140625 0.01796875 0.03515625
3 0.65390625 0.078125 0.01953125 0.04296875
0 0.66015625 0.13046875 0.015625 0.0203125
3 0.70625 0.15625 0.0234375 0.05
3 0.64375 0.12890625 0.0234375 0.05
0 0.70625 0.20234375 0.02265625 0.0234375
2 0.66953125 0.20546875 0.03671875 0.03046875
7 0.58125 0.1984375 0.03203125 0.04140625
3 0.5765625 0.1328125 0.02578125 0.053125
6 0.35703125 0.18671875 0.02578125 0.05625
10 0.346875 0.22109375 0.0671875 0.1265625
0 0.3984375 0.27890625 0.02890625 0.028125
3 0.39765625 0.22890625 0.028125 0.0609375
3 0.46015625 0.228125 0.02578125 0.05390625
5 0.46640625 0.28359375 0.01484375 0.02578125
3 0.53828125 0.22890625 0.02890625 0.05546875
0 0.52890625 0.28125 0.021875 0.0296875
0 0.6984375 0.30234375 0.02109375 0.0265625
3 0.70390625 0.24375 0.02578125 0.0515625
3 0.7609375 0.24140625 0.028125 0.0609375
0 0.75859375 0.31796875 0.0265625 0.0296875
0 0.7828125 0.41875 0.021875 0.03515625
3 0.790625 0.3546875 0.02890625 0.05546875
3 0.73125 0.33125 0.03359375 0.06953125
5 0.72734375 0.434375 0.0140625 0.03046875
6 0.66015625 0.32421875 0.03046875 0.06953125
0 0.66484375 0.41875 0.0234375 0.03125
0 0.59375 0.40546875 0.0234375 0.0296875
3 0.5921875 0.33125 0.03125 0.06171875
3 0.3140625 0.34375 0.03203125 0.06484375
3 0.24453125 0.375 0.03046875 0.05546875
3 0.19375 0.38046875 0.02890625 0.05390625
0 0.19375 0.42578125 0.01953125 0.025
0 0.2515625 0.42890625 0.028125 0.0296875
0 0.3140625 0.40859375 0.0375 0.034375
3 0.13359375 0.53984375 0.0296875 0.06328125
0 0.1375 0.59765625 0.02265625 0.04375
9 0.21953125 0.44375 0.03125 0.06328125
3 0.26328125 0.50078125 0.03359375 0.075
0 0.21953125 0.54296875 0.02421875 0.03046875
0 0.25625 0.59453125 0.02265625 0.028125
3 0.08125 0.690625 0.03515625 0.0734375
3 0.11328125 0.69296875 0.03359375 0.08046875
0 0.078125 0.78046875 0.02109375 0.03046875
7 0.14453125 0.840625 0.03046875 0.07421875
9 0.40859375 0.471875 0.04921875 0.07578125
0 0.41875 0.571875 0.0328125 0.0390625
2 0.41328125 0.60546875 0.034375 0.05703125
6 0.6828125 0.49296875 0.040625 0.08515625
0 0.67578125 0.60546875 0.03359375 0.03671875
0 0.76484375 0.58046875 0.0265625 0.03125
3 0.77109375 0.51328125 0.03515625 0.06875
3 0.8359375 0.525 0.03671875 0.06875
0 0.83046875 0.59921875 0.0234375 0.03046875
2 0.82578125 0.60859375 0.03359375 0.05546875
0 0.92578125 0.5359375 0.01953125 0.02109375
3 0.9234375 0.465625 0.02578125 0.05703125
3 0.875 0.34140625 0.02421875 0.05
3 0.90390625 0.33671875 0.021875 0.053125
0 0.865625 0.390625 0.01796875 0.0296875
0 0.90390625 0.39609375 0.01875 0.0234375
3 0.82265625 0.1640625 0.01953125 0.03984375
3 0.78515625 0.14140625 0.01953125 0.040625
5 0.7921875 0.23046875 0.01796875 0.01796875
3 0.7671875 0.103125 0.02109375 0.04296875
3 0.803125 0.11484375 0.01796875 0.040625
3 0.7421875 0.06640625 0.01640625 0.03203125
3 0.74609375 0.0359375 0.0140625 0.03046875
3 0.7140625 0.021875 0.015625 0.03125