10 0.140625 0.32421875 0.04609375 0.09375
2 0.11953125 0.40390625 0.02734375 0.0265625
2 0.13203125 0.37421875 0.034375 0.03359375
10 0.153125 0.24296875 0.0421875 0.07578125
2 0.1796875 0.20234375 0.01640625 0.02109375
2 0.2171875 0.1921875 0.01953125 0.0234375
10 0.19375 0.16640625 0.03359375 0.06015625
10 0.2265625 0.1640625 0.03828125 0.06171875
10 0.2109375 0.11875 0.03125 0.05625
10 0.2453125 0.11015625 0.03515625 0.05546875
10 0.27578125 0.0671875 0.04140625 0.053125
1 0.35390625 0.10703125 0.04375 0.06328125
1 0.4375 0.10703125 0.0453125 0.0484375
2 0.38984375 0.13984375 0.0171875 0.01640625
2 0.35703125 0.14140625 0.01875 0.0203125
10 0.396875 0.09453125 0.0421875 0.06953125
10 0.3921875 0.04296875 0.03828125 0.065625
10 0.43203125 0.04609375 0.03984375 0.05859375
10 0.4703125 0.04296875 0.0375 0.0546875
10 0.48125 0.08203125 0.05 0.0796875
10 0.51015625 0.0421875 0.03203125 0.053125
10 0.546875 0.04296875 0.0421875 0.06015625
1 0.56796875 0.09453125 0.0453125 0.06640625
2 0.49296875 0.1296875 0.0203125 0.021875
2 0.53359375 0.12734375 0.01953125 0.02109375
10 0.59140625 0.04453125 0.040625 0.0609375
10 0.6375 0.0484375 0.03828125 0.05625
2 0.61328125 0.1296875 0.01875 0.021875
10 0.65390625 0.09609375 0.04375 0.08515625
10 0.70625 0.1703125 0.0609375 0.0890625
10 0.65078125 0.14453125 0.05 0.096875
1 0.57265625 0.15703125 0.06015625 0.09609375
5 0.6359375 0.2078125 0.0125 0.01953125
2 0.5109375 0.19609375 0.02421875 0.028125
2 0.41875 0.20234375 0.02265625 0.0265625
10 0.403125 0.24375 0.0734375 0.103125
10 0.4671875 0.2484375 0.05390625 0.07890625
2 0.39609375 0.29375 0.03046875 0.02421875
1 0.52890625 0.24296875 0.07734375 0.10078125
2 0.52890625 0.29765625 0.03046875 0.03203125
10 0.696875 0.2609375 0.06015625 0.10625
2 0.71015625 0.31171875 0.04140625 0.034375
10 0.75390625 0.271875 0.06015625 0.121875
10 0.775 0.38515625 0.05625 0.10546875
1 0.71953125 0.39375 0.06328125 0.10703125
10 0.6578125 0.35625 0.06484375 0.1453125
10 0.5890625 0.35625 0.07890625 0.14921875
2 0.4609375 0.4078125 0.03984375 0.03828125
2 0.53203125 0.41875 0.03046875 0.046875
2 0.36953125 0.42578125 0.0375 0.0390625
10 0.32265625 0.36796875 0.08515625 0.10625
1 0.2515625 0.37890625 0.059375 0.11796875
1 0.20078125 0.38359375 0.06015625 0.10546875
1 0.1484375 0.54609375 0.07421875 0.0953125
2 0.134375 0.6078125 0.02734375 0.05078125
2 0.18359375 0.60703125 0.034375 0.05546875
10 0.21015625 0.53046875 0.059375 0.13359375
10 0.2609375 0.53359375 0.08203125 0.15546875
10 0.43046875 0.50390625 0.07578125 0.1453125
10 0.671875 0.53359375 0.08828125 0.18125
2 0.69453125 0.62421875 0.03515625 0.05546875
1 0.8203125 0.53828125 0.07109375 0.15390625
10 0.96640625 0.70625 0.06484375 0.11953125
0 0.98359375 0.75625 0.0171875 0.034375
2 0.98828125 0.76640625 0.01796875 0.05
10 0.903125 0.49296875 0.0671875 0.11640625
1 0.8578125 0.353125 0.05546875 0.084375
10 0.9 0.35625 0.04140625 0.09921875
10 0.7875 0.17890625 0.04765625 0.07890625
10 0.821875 0.1859375 0.0296875 0.07109375
10 0.73203125 0.08125 0.0375 0.06875
10 0.7109375 0.03671875 0.03046875 0.06484375
2 0.92109375 0.54140625 0.02421875 0.046875
2 0.45546875 0.20234375 0.02890625 0.02890625
10 0.0921875 0.7265625 0.06015625 0.1734375
10 0.14296875 0.76484375 0.1046875 0.221875
2 0.125 0.81796875 0.0296875 0.0640625
2 0.28828125 0.303125 0.02734375 0.03671875
10 0.7515625 0.534375 0.07734375 0.115625
2 0.76484375 0.60546875 0.03359375 0.06328125
10 0.75859375 0.1203125 0.0453125 0.078125
10 0.74375 0.04453125 0.03046875 0.053125
3 0.1296875 0.30625 0.021875 0.0484375
3 0.14453125 0.2296875 0.01796875 0.040625
3 0.18828125 0.15546875 0.01796875 0.03203125
3 0.21875 0.15546875 0.01640625 0.040625
3 0.20546875 0.11015625 0.0171875 0.03125
3 0.240625 0.0984375 0.0171875 0.03046875
0 0.23828125 0.13125 0.01484375 0.01796875
3 0.27265625 0.05625 0.01484375 0.03359375
0 0.271875 0.08671875 0.0140625 0.01796875
3 0.2765625 0.0265625 0.01484375 0.03046875
9 0.39375 0.0296875 0.02109375 0.03515625
3 0.35390625 0.096875 0.01875 0.03984375
3 0.396875 0.0828125 0.02265625 0.04140625
3 0.4421875 0.10546875 0.021875 0.03984375
3 0.43203125 0.03359375 0.01640625 0.03359375
3 0.46875 0.03359375 0.0171875 0.03515625
9 0.48671875 0.065625 0.0234375 0.04296875
0 0.35625 0.13046875 0.015625 0.01875
0 0.390625 0.12421875 0.01796875 0.0203125
0 0.4296875 0.12578125 0.01484375 0.025
3 0.44375 0.10546875 0.02109375 0.03828125
0 0.434375 0.06875 0.01875 0.01484375
0 0.48671875 0.11328125 0.0171875 0.01953125
2 0.4765625 0.128125 0.01953125 0.02109375
3 0.51328125 0.03203125 0.015625 0.034375
2 0.5140625 0.06953125 0.028125 0.015625
3 0.546875 0.0328125 0.0171875 0.03828125
7 0.54453125 0.06796875 0.02578125 0.02109375
3 0.596875 0.03515625 0.0203125 0.04453125
3 0.640625 0.040625 0.01796875 0.03671875
2 0.6109375 0.07578125 0.01796875 0.01875
3 0.56875 0.0859375 0.0203125 0.04375
3 0.65390625 0.07578125 0.02109375 0.04375
3 0.70546875 0.15546875 0.0234375 0.053125
0 0.70546875 0.19921875 0.0234375 0.0296875
2 0.6671875 0.2046875 0.040625 0.0296875
3 0.653125 0.12109375 0.0234375 0.04375
3 0.57265625 0.1359375 0.02578125 0.04609375
7 0.5796875 0.1953125 0.034375 0.040625
5 0.55078125 0.20546875 0.0125 0.0203125
3 0.5375 0.23203125 0.02734375 0.05390625
3 0.46796875 0.23828125 0.0265625 0.05546875
3 0.3984375 0.2234375 0.028125 0.0609375
0 0.39921875 0.28046875 0.02890625 0.02890625
0 0.46328125 0.28046875 0.021875 0.0296875
0 0.52890625 0.28203125 0.02421875 0.03515625
9 0.3609375 0.18203125 0.02890625 0.0546875
10 0.3515625 0.21953125 0.06015625 0.13203125
2 0.3515625 0.30625 0.02734375 0.046875
3 0.19453125 0.37890625 0.02734375 0.0546875
3 0.24609375 0.37578125 0.0296875 0.0546875
3 0.31484375 0.35078125 0.03125 0.06640625
0 0.19375 0.42265625 0.01796875 0.0234375
0 0.25390625 0.4296875 0.025 0.028125
0 0.3125 0.4015625 0.0328125 0.03125
3 0.59453125 0.32890625 0.03359375 0.065625
6 0.66015625 0.32109375 0.03359375 0.07109375
0 0.59453125 0.40625 0.02265625 0.03125
0 0.6640625 0.41796875 0.02421875 0.03359375
2 0.66328125 0.43828125 0.03203125 0.03125
8 0.728125 0.396875 0.0375 0.059375
3 0.78828125 0.37421875 0.02734375 0.05859375
0 0.78203125 0.42265625 0.02109375 0.03046875
0 0.6984375 0.3 0.02109375 0.03125
3 0.7046875 0.24296875 0.02890625 0.05078125
3 0.7609375 0.24140625 0.02890625 0.05859375
0 0.759375 0.31640625 0.0265625 0.0296875
3 0.83828125 0.53046875 0.03515625 0.06953125
3 0.77421875 0.5359375 0.03046875 0.06875
3 0.684375 0.49453125 0.0390625 0.08515625
0 0.67421875 0.603125 0.0359375 0.0359375
0 0.759375 0.58828125 0.0265625 0.04375
0 0.83125 0.60390625 0.0234375 0.03359375
2 0.82578125 0.6078125 0.034375 0.05625
3 0.41953125 0.478125 0.03671875 0.08359375
0 0.421875 0.553125 0.03203125 0.0359375
2 0.4234375 0.60078125 0.06015625 0.06875
3 0.24921875 0.496875 0.0328125 0.075
0 0.24375 0.59453125 0.0296875 0.034375
3 0.20546875 0.4984375 0.028125 0.06953125
0 0.20625 0.57890625 0.02421875 0.034375
3 0.134375 0.5484375 0.03046875 0.06171875
0 0.1390625 0.590625 0.01953125 0.04609375
3 0.08203125 0.69375 0.03203125 0.07421875
0 0.078125 0.77890625 0.0234375 0.0296875
3 0.109375 0.69609375 0.0359375 0.078125
7 0.14140625 0.83671875 0.03203125 0.071875
3 0.640625 0.69609375 0.0421875 0.078125
10 0.6515625 0.72109375 0.11953125 0.14140625
2 0.71171875 0.81875 0.0515625 0.08359375
0 0.92578125 0.53671875 0.01953125 0.01953125
3 0.92265625 0.46640625 0.02421875 0.05859375
3 0.87421875 0.340625 0.02421875 0.05390625
3 0.9046875 0.33671875 0.02265625 0.05390625
0 0.865625 0.38984375 0.01796875 0.028125
0 0.9015625 0.3953125 0.01796875 0.02578125
3 0.821875 0.17109375 0.01796875 0.04140625
3 0.80078125 0.16171875 0.02265625 0.04296875
5 0.7921875 0.22890625 0.015625 0.015625
2 0.71953125 0.21875 0.02109375 0.021875
10 0.8 0.128125 0.04140625 0.059375
3 0.80703125 0.1171875 0.01796875 0.0359375
3 0.76953125 0.10546875 0.02109375 0.04375
0 0.7703125 0.14765625 0.01796875 0.01953125
3 0.7421875 0.065625 0.01640625 0.03359375
9 0.76484375 0.0515625 0.0171875 0.03125
3 0.746875 0.034375 0.0140625 0.03125
3 0.7140625 0.02109375 0.01640625 0.034375
10 0.76640625 0.06875 0.03203125 0.06328125