10 0.1421875 0.32890625 0.04765625 0.09375
2 0.11953125 0.40390625 0.02734375 0.0265625
2 0.13203125 0.3734375 0.034375 0.03125
10 0.153125 0.24296875 0.0421875 0.07578125
2 0.1796875 0.20234375 0.01640625 0.02109375
2 0.2171875 0.1921875 0.01953125 0.0234375
10 0.19375 0.16640625 0.03359375 0.06015625
10 0.225 0.165625 0.0390625 0.06171875
10 0.21015625 0.11875 0.03046875 0.0515625
10 0.24453125 0.109375 0.03359375 0.05625
10 0.27890625 0.05546875 0.04375 0.06875
2 0.26953125 0.09296875 0.015625 0.015625
1 0.35390625 0.10625 0.04453125 0.06328125
10 0.4390625 0.09296875 0.040625 0.08125
2 0.38828125 0.13671875 0.01796875 0.01875
2 0.359375 0.140625 0.01796875 0.01875
10 0.39765625 0.09453125 0.04375 0.071875
1 0.39140625 0.04296875 0.03515625 0.05625
10 0.43203125 0.04375 0.040625 0.059375
10 0.4703125 0.04296875 0.0375 0.0546875
10 0.48125 0.0921875 0.05390625 0.07109375
10 0.51171875 0.0421875 0.0328125 0.05625
10 0.546875 0.04296875 0.0421875 0.0546875
1 0.56796875 0.09296875 0.0421875 0.06796875
2 0.49296875 0.1296875 0.0203125 0.021875
2 0.53359375 0.12734375 0.01953125 0.02109375
1 0.590625 0.040625 0.0421875 0.07109375
2 0.61328125 0.1296875 0.01875 0.021875
10 0.65390625 0.09375 0.04375 0.08046875
10 0.70703125 0.16875 0.06015625 0.090625
10 0.646875 0.15390625 0.05234375 0.084375
10 0.5734375 0.15625 0.059375 0.103125
5 0.6359375 0.209375 0.0125 0.01953125
2 0.5109375 0.19921875 0.02421875 0.03125
2 0.41875 0.20234375 0.02265625 0.0265625
10 0.403125 0.24375 0.07109375 0.0984375
10 0.46796875 0.24765625 0.0546875 0.08046875
2 0.39609375 0.29375 0.03046875 0.02421875
1 0.52890625 0.24375 0.07734375 0.0984375
2 0.52890625 0.29765625 0.02890625 0.03046875
1 0.69453125 0.26171875 0.059375 0.0953125
2 0.7109375 0.3078125 0.04453125 0.0359375
10 0.75234375 0.26875 0.0640625 0.11953125
10 0.7734375 0.38046875 0.05859375 0.115625
1 0.71875 0.39375 0.065625 0.10703125
10 0.6578125 0.35625 0.06484375 0.1453125
10 0.5875 0.35703125 0.07890625 0.14921875
2 0.4609375 0.40625 0.03984375 0.04140625
2 0.53203125 0.41953125 0.03046875 0.05
2 0.36953125 0.42578125 0.0375 0.0390625
10 0.32265625 0.36796875 0.08671875 0.11171875
1 0.253125 0.37578125 0.06015625 0.11875
1 0.20078125 0.38203125 0.06015625 0.10546875
1 0.1484375 0.5515625 0.07265625 0.11484375
2 0.1328125 0.6125 0.02578125 0.04375
2 0.184375 0.60546875 0.034375 0.05546875
10 0.2171875 0.5296875 0.06953125 0.13359375
10 0.26953125 0.534375 0.08203125 0.15
10 0.43125 0.50859375 0.08203125 0.1734375
10 0.67265625 0.53046875 0.08828125 0.18125
1 0.81640625 0.54140625 0.08203125 0.16015625
10 0.96640625 0.70625 0.06484375 0.11953125
0 0.98359375 0.75625 0.0171875 0.034375
2 0.98828125 0.76640625 0.01796875 0.05
10 0.903125 0.49296875 0.0671875 0.11640625
1 0.85859375 0.34921875 0.05234375 0.084375
10 0.9 0.35625 0.04140625 0.09921875
10 0.78203125 0.16484375 0.04609375 0.0890625
10 0.82265625 0.184375 0.03203125 0.07578125
10 0.73203125 0.08125 0.040625 0.06796875
10 0.71328125 0.0390625 0.03046875 0.0640625
2 0.92109375 0.54140625 0.02421875 0.046875
2 0.45625 0.20390625 0.03046875 0.0296875
10 0.09140625 0.7265625 0.06015625 0.1734375
10 0.1453125 0.759375 0.10859375 0.23046875
2 0.12578125 0.81796875 0.02890625 0.065625
2 0.28828125 0.303125 0.02734375 0.03671875
10 0.7484375 0.51640625 0.07890625 0.1359375
2 0.76328125 0.60625 0.03671875 0.06328125
10 0.759375 0.11796875 0.03984375 0.075
10 0.74453125 0.04453125 0.03046875 0.05078125
3 0.13125 0.309375 0.02265625 0.04375
3 0.14375 0.22890625 0.0171875 0.04140625
3 0.18828125 0.15390625 0.01796875 0.03125
3 0.2171875 0.15546875 0.01640625 0.04140625
3 0.20390625 0.10859375 0.015625 0.03125
3 0.2375 0.103125 0.0171875 0.034375
0 0.23984375 0.13046875 0.01484375 0.01640625
9 0.27578125 0.03671875 0.01875 0.03046875
5 0.26640625 0.09296875 0.01015625 0.01015625
3 0.35390625 0.09375 0.01953125 0.03828125
3 0.3953125 0.084375 0.02265625 0.04453125
3 0.39375 0.04453125 0.01796875 0.03046875
3 0.43203125 0.03046875 0.015625 0.03359375
3 0.43515625 0.07265625 0.02109375 0.04375
3 0.46875 0.03046875 0.0171875 0.03359375
3 0.4796875 0.078125 0.02109375 0.040625
0 0.35625 0.13046875 0.01484375 0.01484375
0 0.38828125 0.12578125 0.01953125 0.01953125
5 0.43203125 0.12890625 0.01171875 0.015625
0 0.47890625 0.11640625 0.01953125 0.01953125
3 0.5125 0.03125 0.0171875 0.03203125
2 0.51484375 0.06796875 0.02890625 0.015625
3 0.546875 0.03125 0.01796875 0.034375
7 0.54453125 0.06796875 0.02578125 0.02109375
6 0.5953125 0.02578125 0.01875 0.03828125
0 0.59375 0.06328125 0.0171875 0.01875
2 0.60703125 0.0734375 0.02109375 0.01953125
10 0.63671875 0.053125 0.0390625 0.05703125
3 0.64140625 0.04296875 0.01796875 0.03671875
3 0.653125 0.0765625 0.0203125 0.0390625
3 0.56875 0.084375 0.02109375 0.04453125
3 0.70625 0.15390625 0.02265625 0.0546875
2 0.6671875 0.20546875 0.03828125 0.03046875
9 0.653125 0.134375 0.0234375 0.04375
5 0.55078125 0.20546875 0.01171875 0.02109375
7 0.57578125 0.196875 0.03515625 0.03125
3 0.56953125 0.13046875 0.025 0.0484375
3 0.35625 0.19140625 0.02578125 0.05859375
10 0.35 0.21875 0.06484375 0.12421875
3 0.39921875 0.225 0.0265625 0.059375
0 0.3984375 0.278125 0.028125 0.0265625
3 0.46640625 0.24375 0.03203125 0.0515625
3 0.53671875 0.23203125 0.02734375 0.05546875
0 0.4625 0.28046875 0.021875 0.0296875
0 0.52890625 0.28046875 0.021875 0.0296875
3 0.703125 0.24296875 0.02890625 0.05078125
0 0.6984375 0.3015625 0.01953125 0.0265625
3 0.7609375 0.2421875 0.028125 0.06015625
3 0.7875 0.3546875 0.02734375 0.05703125
0 0.78125 0.42421875 0.02265625 0.03125
8 0.715625 0.390625 0.03359375 0.06015625
6 0.66015625 0.321875 0.03046875 0.06953125
0 0.665625 0.4171875 0.0265625 0.03203125
3 0.5953125 0.32890625 0.03359375 0.06640625
0 0.59375 0.40625 0.0234375 0.03046875
3 0.31328125 0.34375 0.034375 0.06171875
3 0.2453125 0.3765625 0.03203125 0.05390625
3 0.19453125 0.37734375 0.02578125 0.053125
0 0.19375 0.42109375 0.0203125 0.02890625
0 0.25234375 0.4265625 0.0296875 0.03046875
0 0.3125 0.40546875 0.03828125 0.03203125
3 0.13515625 0.53359375 0.02890625 0.06484375
0 0.140625 0.59296875 0.0234375 0.03203125
9 0.22890625 0.496875 0.034375 0.06953125
0 0.19140625 0.56171875 0.02109375 0.04609375
0 0.25625 0.59453125 0.02421875 0.0296875
3 0.26484375 0.50390625 0.03359375 0.07578125
0 0.07890625 0.778125 0.021875 0.03203125
3 0.08046875 0.69296875 0.03203125 0.0765625
3 0.1125 0.690625 0.0390625 0.078125
7 0.14453125 0.83984375 0.034375 0.07578125
9 0.421875 0.4671875 0.04765625 0.075
0 0.446875 0.56171875 0.0234375 0.03125
7 0.425 0.59765625 0.06171875 0.08046875
3 0.68984375 0.49453125 0.04296875 0.08359375
3 0.66328125 0.66796875 0.04375 0.08203125
10 0.67109375 0.7015625 0.0953125 0.1859375
2 0.7109375 0.81875 0.05 0.08515625
0 0.68515625 0.5984375 0.02421875 0.03125
3 0.83828125 0.53125 0.03671875 0.06796875
3 0.76875 0.48203125 0.03671875 0.06640625
0 0.83125 0.60078125 0.025 0.03125
2 0.82578125 0.60703125 0.03515625 0.05703125
0 0.92578125 0.53359375 0.01875 0.021875
0 0.865625 0.38984375 0.01640625 0.0296875
3 0.9046875 0.334375 0.02109375 0.04921875
3 0.87421875 0.34140625 0.02421875 0.0515625
0 0.9015625 0.39375 0.01796875 0.021875
3 0.821875 0.16875 0.01953125 0.040625
3 0.79375 0.14296875 0.02109375 0.04296875
3 0.76953125 0.10390625 0.02109375 0.04140625
3 0.74375 0.06640625 0.01796875 0.034375
3 0.71640625 0.02265625 0.01484375 0.03046875
3 0.746875 0.034375 0.0140625 0.03046875