1 0.1375 0.34375 0.0578125 0.0703125
2 0.11953125 0.40390625 0.02734375 0.0265625
7 0.13203125 0.3734375 0.03359375 0.03046875
10 0.153125 0.24296875 0.0421875 0.07578125
2 0.1796875 0.20234375 0.01640625 0.02109375
2 0.2171875 0.1921875 0.01953125 0.0234375
10 0.19375 0.16640625 0.03359375 0.06015625
10 0.22578125 0.1671875 0.03828125 0.06171875
10 0.21015625 0.11796875 0.03125 0.05625
10 0.24453125 0.10859375 0.03515625 0.05546875
10 0.27890625 0.05703125 0.034375 0.0640625
1 0.353125 0.10625 0.04453125 0.06328125
1 0.43828125 0.10625 0.04453125 0.046875
2 0.38828125 0.140625 0.01796875 0.01640625
2 0.35859375 0.140625 0.0171875 0.01796875
10 0.3953125 0.09609375 0.04375 0.06953125
10 0.39375 0.05546875 0.0421875 0.05859375
10 0.43203125 0.04921875 0.040625 0.05546875
10 0.4703125 0.04296875 0.0375 0.0546875
10 0.48125 0.090625 0.04609375 0.065625
10 0.51015625 0.04296875 0.03046875 0.05078125
10 0.54609375 0.04375 0.03984375 0.05703125
1 0.56640625 0.096875 0.04609375 0.06953125
2 0.49296875 0.1296875 0.0203125 0.021875
2 0.53359375 0.12734375 0.01953125 0.02109375
1 0.59140625 0.04375 0.04453125 0.05625
10 0.6375 0.0484375 0.03671875 0.05625
2 0.61328125 0.1296875 0.01875 0.021875
10 0.65390625 0.09609375 0.04453125 0.0859375
10 0.70625 0.17265625 0.0609375 0.08203125
10 0.65390625 0.15625 0.04375 0.09140625
10 0.5734375 0.15546875 0.06171875 0.1015625
2 0.5109375 0.19765625 0.025 0.03046875
2 0.41875 0.20234375 0.02265625 0.0265625
10 0.40390625 0.24296875 0.07109375 0.103125
10 0.46953125 0.24375 0.05234375 0.07578125
10 0.53203125 0.24296875 0.07109375 0.1
2 0.52890625 0.29375 0.02890625 0.03671875
10 0.696875 0.2609375 0.06328125 0.10546875
2 0.709375 0.31015625 0.0421875 0.03125
10 0.75390625 0.27109375 0.06328125 0.11953125
1 0.7734375 0.3828125 0.05625 0.103125
1 0.721875 0.396875 0.0703125 0.11875
10 0.6578125 0.35703125 0.065625 0.153125
10 0.58828125 0.35625 0.08125 0.14921875
2 0.4609375 0.40546875 0.03984375 0.040625
2 0.53203125 0.41875 0.03046875 0.05
2 0.36953125 0.42578125 0.0375 0.0390625
10 0.32265625 0.3671875 0.08515625 0.10625
1 0.253125 0.3765625 0.0609375 0.1140625
1 0.20078125 0.38671875 0.06015625 0.10625
1 0.14921875 0.55546875 0.07421875 0.1109375
2 0.134375 0.6078125 0.0265625 0.05078125
2 0.184375 0.60546875 0.034375 0.05546875
10 0.2171875 0.534375 0.05703125 0.153125
10 0.26953125 0.5296875 0.07890625 0.15703125
10 0.42890625 0.50390625 0.07421875 0.1453125
10 0.671875 0.534375 0.08828125 0.18046875
2 0.69453125 0.62421875 0.03359375 0.05625
1 0.821875 0.53671875 0.0734375 0.153125
10 0.96640625 0.70625 0.06484375 0.11953125
0 0.98359375 0.75625 0.0171875 0.034375
2 0.98828125 0.76640625 0.01796875 0.05
10 0.903125 0.49296875 0.0671875 0.11640625
1 0.85703125 0.3546875 0.05546875 0.08671875
10 0.9 0.359375 0.04140625 0.09921875
10 0.78828125 0.17890625 0.05078125 0.07890625
10 0.821875 0.18828125 0.0296875 0.06953125
10 0.73203125 0.08046875 0.0375 0.06875
10 0.71328125 0.0390625 0.03125 0.0640625
2 0.92109375 0.54140625 0.02421875 0.046875
2 0.45546875 0.20234375 0.02890625 0.02890625
10 0.08984375 0.75859375 0.0640625 0.23203125
10 0.159375 0.7390625 0.0890625 0.18515625
2 0.125 0.81875 0.02890625 0.06328125
2 0.28828125 0.30390625 0.02734375 0.034375
10 0.75078125 0.53125 0.075 0.11484375
2 0.7625 0.60625 0.03359375 0.05859375
10 0.7609375 0.12109375 0.04453125 0.078125
10 0.74375 0.046875 0.03046875 0.05625
3 0.12109375 0.34375 0.0234375 0.04609375
3 0.14375 0.23046875 0.01953125 0.04296875
3 0.18828125 0.15078125 0.01640625 0.03125
3 0.21796875 0.15546875 0.0171875 0.040625
3 0.2046875 0.10703125 0.01484375 0.03125
3 0.2390625 0.0984375 0.015625 0.03125
0 0.2375 0.13046875 0.0140625 0.01640625
9 0.2828125 0.04375 0.01796875 0.03359375
0 0.26875 0.0859375 0.01015625 0.01953125
3 0.35390625 0.0953125 0.01875 0.0390625
3 0.39453125 0.04140625 0.01640625 0.0359375
3 0.43203125 0.03359375 0.015625 0.03125
3 0.44375 0.10625 0.02109375 0.04140625
3 0.3953125 0.0859375 0.02421875 0.04375
0 0.35625 0.12890625 0.01484375 0.01953125
0 0.38828125 0.12421875 0.01875 0.01875
0 0.4296875 0.1234375 0.01484375 0.0296875
0 0.48515625 0.1109375 0.01484375 0.01875
3 0.46953125 0.03125 0.01640625 0.03359375
0 0.434375 0.06875 0.0203125 0.01640625
3 0.48125 0.078125 0.02109375 0.03984375
2 0.4765625 0.12890625 0.01796875 0.025
2 0.5140625 0.06875 0.02578125 0.015625
3 0.51171875 0.034375 0.01640625 0.03125
3 0.54453125 0.03515625 0.01796875 0.03125
7 0.54375 0.06875 0.0265625 0.021875
3 0.56875 0.0890625 0.02265625 0.03828125
3 0.5953125 0.03828125 0.01875 0.03828125
0 0.596875 0.065625 0.01640625 0.01484375
2 0.6125 0.07890625 0.0203125 0.01640625
3 0.64140625 0.040625 0.01640625 0.0359375
3 0.65390625 0.078125 0.02109375 0.040625
9 0.65390625 0.13125 0.02265625 0.04375
3 0.70625 0.15625 0.02265625 0.04921875
0 0.70625 0.2015625 0.0234375 0.02421875
2 0.71953125 0.21875 0.02109375 0.0203125
7 0.66875 0.2015625 0.03984375 0.0390625
3 0.57578125 0.13125 0.025 0.04921875
7 0.590625 0.18125 0.02421875 0.03671875
7 0.5796875 0.20546875 0.03671875 0.028125
2 0.35078125 0.30546875 0.02578125 0.0484375
5 0.33046875 0.3015625 0.01640625 0.025
9 0.359375 0.18046875 0.02734375 0.05390625
10 0.35390625 0.21875 0.06015625 0.134375
3 0.39921875 0.22109375 0.02890625 0.06015625
0 0.39921875 0.27890625 0.02734375 0.025
3 0.46796875 0.2328125 0.02578125 0.053125
5 0.46640625 0.28203125 0.01484375 0.0265625
5 0.53359375 0.28984375 0.01640625 0.02421875
3 0.54140625 0.21796875 0.03046875 0.05625
3 0.70546875 0.24140625 0.02734375 0.05
3 0.76171875 0.24140625 0.02890625 0.059375
0 0.6984375 0.303125 0.01875 0.025
0 0.75859375 0.31875 0.0265625 0.02578125
3 0.78828125 0.37421875 0.02734375 0.05546875
0 0.7828125 0.41953125 0.02265625 0.03046875
8 0.72578125 0.40234375 0.03828125 0.0640625
0 0.66328125 0.41796875 0.02578125 0.034375
3 0.65859375 0.31875 0.0328125 0.071875
3 0.5953125 0.328125 0.03203125 0.065625
0 0.59453125 0.40625 0.02265625 0.03203125
3 0.19453125 0.3796875 0.02890625 0.05546875
3 0.2453125 0.37734375 0.02578125 0.0546875
3 0.31484375 0.35234375 0.03125 0.065625
0 0.19453125 0.42578125 0.01953125 0.02421875
0 0.253125 0.4265625 0.02578125 0.03203125
0 0.3140625 0.40078125 0.03359375 0.03046875
3 0.1328125 0.54921875 0.02890625 0.05703125
9 0.21875 0.49296875 0.03203125 0.06796875
0 0.14375 0.59609375 0.01796875 0.03359375
3 0.25703125 0.48984375 0.034375 0.07578125
0 0.259375 0.59296875 0.03359375 0.03046875
6 0.07890625 0.69921875 0.034375 0.08203125
0 0.07890625 0.7875 0.021875 0.034375
9 0.13515625 0.68203125 0.04296875 0.08359375
2 0.14453125 0.8390625 0.034375 0.07578125
3 0.42265625 0.475 0.03515625 0.08125
0 0.4234375 0.55625 0.03203125 0.0359375
2 0.42421875 0.59921875 0.06015625 0.06953125
3 0.684375 0.49921875 0.0390625 0.08125
3 0.77265625 0.51171875 0.03203125 0.07109375
0 0.67734375 0.60390625 0.03359375 0.03515625
0 0.7609375 0.5875 0.02578125 0.046875
3 0.83828125 0.5296875 0.03515625 0.0703125
0 0.83046875 0.60078125 0.02265625 0.03125
2 0.82734375 0.609375 0.034375 0.05625
9 0.6546875 0.64375 0.04140625 0.08671875
10 0.6578125 0.696875 0.12421875 0.190625
2 0.71015625 0.81875 0.05078125 0.0890625
0 0.925 0.53671875 0.01796875 0.0203125
3 0.9234375 0.46875 0.02421875 0.05703125
3 0.87421875 0.34296875 0.0234375 0.053125
3 0.9046875 0.3359375 0.02109375 0.05
0 0.86640625 0.39140625 0.015625 0.028125
0 0.903125 0.396875 0.01953125 0.02421875
3 0.82109375 0.175 0.01875 0.04296875
3 0.8015625 0.1640625 0.02109375 0.04453125
5 0.7921875 0.23046875 0.01484375 0.01640625
3 0.76875 0.10546875 0.02109375 0.04296875
0 0.76953125 0.1484375 0.01796875 0.01953125
3 0.80625 0.11640625 0.01640625 0.03671875
10 0.8 0.12890625 0.03984375 0.065625
3 0.7421875 0.065625 0.01796875 0.034375
3 0.77265625 0.071875 0.01640625 0.03671875
3 0.74609375 0.03515625 0.01328125 0.03125
3 0.71640625 0.025 0.01484375 0.03125