10 0.1359375 0.34296875 0.05546875 0.08203125
2 0.11953125 0.40390625 0.02734375 0.0265625
7 0.13046875 0.37421875 0.0296875 0.03203125
10 0.153125 0.24296875 0.0421875 0.07578125
2 0.1796875 0.20234375 0.01640625 0.02109375
2 0.2171875 0.1921875 0.01953125 0.0234375
10 0.19375 0.16640625 0.03359375 0.06015625
10 0.22578125 0.16171875 0.03828125 0.06015625
10 0.21015625 0.11796875 0.03125 0.05625
10 0.28125 0.05859375 0.03515625 0.06640625
2 0.26953125 0.09296875 0.015625 0.015625
1 0.35390625 0.1078125 0.04453125 0.0640625
1 0.4375 0.10703125 0.0453125 0.04921875
2 0.38828125 0.13984375 0.01796875 0.01640625
2 0.35703125 0.14140625 0.01796875 0.01796875
10 0.396875 0.09609375 0.04296875 0.071875
10 0.39375 0.0515625 0.0421875 0.0609375
10 0.4703125 0.04296875 0.0375 0.0546875
10 0.48125 0.09140625 0.04765625 0.06640625
10 0.50859375 0.040625 0.0359375 0.05703125
10 0.546875 0.04296875 0.0421875 0.05625
1 0.56875 0.09453125 0.0453125 0.06484375
2 0.49296875 0.1296875 0.0203125 0.021875
2 0.53359375 0.12734375 0.01953125 0.02109375
1 0.59140625 0.04453125 0.04453125 0.05703125
2 0.61328125 0.1296875 0.01875 0.021875
10 0.65390625 0.09453125 0.04375 0.08046875
10 0.70625 0.17109375 0.0609375 0.08828125
10 0.65390625 0.16171875 0.04609375 0.09375
10 0.56875 0.15703125 0.06328125 0.09375
5 0.64765625 0.2078125 0.0125 0.01953125
2 0.41875 0.20234375 0.02265625 0.0265625
10 0.403125 0.24296875 0.0734375 0.103125
10 0.46640625 0.23359375 0.05546875 0.1
2 0.39609375 0.29453125 0.03046875 0.02421875
10 0.525 0.22578125 0.07109375 0.1390625
2 0.528125 0.29453125 0.02890625 0.03515625
10 0.690625 0.24296875 0.06171875 0.12109375
2 0.7109375 0.31328125 0.04453125 0.0359375
10 0.75078125 0.26796875 0.06328125 0.11953125
1 0.775 0.38515625 0.05859375 0.10546875
1 0.72265625 0.39375 0.06875 0.11171875
2 0.72890625 0.44140625 0.02734375 0.04375
10 0.65625 0.35859375 0.0671875 0.15390625
10 0.5875 0.35625 0.07890625 0.14921875
2 0.4609375 0.40703125 0.03984375 0.03828125
2 0.53125 0.41796875 0.03046875 0.046875
2 0.36953125 0.42578125 0.0375 0.0390625
10 0.32265625 0.3671875 0.08515625 0.10625
1 0.25234375 0.37421875 0.06171875 0.11640625
1 0.20078125 0.38671875 0.06015625 0.10546875
1 0.1484375 0.553125 0.07578125 0.103125
2 0.134375 0.60625 0.02734375 0.05078125
2 0.184375 0.60546875 0.034375 0.05546875
10 0.2234375 0.49296875 0.0625 0.17109375
10 0.271875 0.53046875 0.0828125 0.15
10 0.4234375 0.515625 0.08984375 0.1546875
10 0.675 0.5359375 0.08828125 0.18125
2 0.69375 0.6234375 0.03515625 0.05625
1 0.8203125 0.5375 0.07265625 0.15625
10 0.96640625 0.70625 0.06484375 0.11953125
0 0.98359375 0.75625 0.0171875 0.034375
2 0.98828125 0.76640625 0.01796875 0.05
10 0.903125 0.49296875 0.0671875 0.11640625
1 0.8578125 0.35625 0.05546875 0.08828125
10 0.9 0.35703125 0.04140625 0.09921875
10 0.78828125 0.18046875 0.04921875 0.078125
10 0.82265625 0.18984375 0.02578125 0.071875
10 0.73203125 0.08046875 0.0375 0.06875
10 0.7140625 0.03515625 0.028125 0.05546875
2 0.92109375 0.54140625 0.02421875 0.046875
10 0.09140625 0.7265625 0.06015625 0.1734375
10 0.15234375 0.71875 0.1046875 0.17578125
2 0.12578125 0.81875 0.03125 0.0703125
2 0.28828125 0.30390625 0.02578125 0.03515625
1 0.75078125 0.54296875 0.07890625 0.11796875
2 0.7640625 0.60546875 0.03359375 0.05703125
10 0.759375 0.12109375 0.04375 0.0765625
10 0.7453125 0.0484375 0.02890625 0.05390625
3 0.12421875 0.33125 0.02265625 0.04921875
3 0.14375 0.2296875 0.0203125 0.0390625
3 0.18828125 0.15390625 0.01796875 0.03359375
3 0.21875 0.153125 0.01796875 0.04140625
3 0.2046875 0.109375 0.015625 0.03046875
3 0.2390625 0.1 0.015625 0.03125
10 0.246875 0.11171875 0.0359375 0.05625
0 0.23828125 0.13046875 0.015625 0.01640625
3 0.278125 0.04375 0.01796875 0.03125
3 0.39375 0.040625 0.0171875 0.0359375
3 0.353125 0.09609375 0.01953125 0.03984375
3 0.39453125 0.0859375 0.02421875 0.04453125
3 0.44375 0.10625 0.02265625 0.03828125
3 0.43125 0.03359375 0.01640625 0.03515625
10 0.43203125 0.0453125 0.03828125 0.059375
0 0.43359375 0.06796875 0.01953125 0.015625
0 0.35625 0.1296875 0.01328125 0.01640625
0 0.38828125 0.125 0.01953125 0.01875
0 0.4296875 0.12421875 0.01484375 0.021875
3 0.48203125 0.078125 0.021875 0.03984375
2 0.47578125 0.1296875 0.01875 0.028125
3 0.46953125 0.03359375 0.01796875 0.03359375
3 0.51171875 0.03125 0.01484375 0.034375
2 0.51328125 0.06796875 0.02734375 0.02109375
3 0.5484375 0.03359375 0.01796875 0.03515625
7 0.54453125 0.06875 0.02890625 0.02578125
3 0.56875 0.08671875 0.0203125 0.03984375
3 0.59453125 0.03828125 0.01953125 0.03828125
2 0.6109375 0.078125 0.02265625 0.01796875
3 0.64140625 0.0390625 0.01953125 0.03828125
10 0.63671875 0.0515625 0.03671875 0.05625
3 0.653125 0.078125 0.02109375 0.040625
3 0.70546875 0.15546875 0.02265625 0.046875
0 0.70703125 0.2015625 0.02578125 0.0265625
2 0.67890625 0.20859375 0.02734375 0.028125
2 0.71953125 0.21875 0.02265625 0.0203125
7 0.659375 0.2 0.0234375 0.04296875
2 0.621875 0.203125 0.0234375 0.0265625
9 0.65859375 0.13671875 0.0234375 0.04609375
7 0.58671875 0.19609375 0.0234375 0.03515625
3 0.5671875 0.140625 0.021875 0.053125
0 0.53515625 0.28203125 0.02109375 0.034375
9 0.51640625 0.18515625 0.02734375 0.05546875
9 0.46328125 0.2125 0.02890625 0.05625
5 0.46640625 0.28359375 0.01328125 0.02578125
3 0.3984375 0.22109375 0.028125 0.06015625
0 0.39765625 0.27890625 0.02734375 0.0265625
2 0.35078125 0.30546875 0.02578125 0.0453125
9 0.35703125 0.1859375 0.02890625 0.05625
10 0.35390625 0.22109375 0.05859375 0.13046875
5 0.3296875 0.3015625 0.01640625 0.02421875
3 0.19375 0.378125 0.0296875 0.0546875
3 0.2453125 0.378125 0.02734375 0.05078125
3 0.315625 0.353125 0.0328125 0.06484375
0 0.19375 0.42578125 0.01953125 0.02578125
0 0.2515625 0.42578125 0.02734375 0.03203125
0 0.31484375 0.39921875 0.0359375 0.03515625
3 0.59609375 0.32578125 0.0328125 0.06953125
6 0.659375 0.31875 0.03203125 0.071875
0 0.59765625 0.41484375 0.02890625 0.03515625
7 0.66328125 0.43125 0.03203125 0.0453125
8 0.72578125 0.403125 0.0375 0.05859375
3 0.78984375 0.375 0.0265625 0.05546875
0 0.78046875 0.421875 0.02421875 0.03046875
3 0.83828125 0.52890625 0.03515625 0.0703125
0 0.83046875 0.60078125 0.0234375 0.03046875
2 0.82734375 0.6078125 0.03515625 0.0546875
3 0.7734375 0.53359375 0.03203125 0.065625
0 0.7640625 0.590625 0.03671875 0.03671875
3 0.68203125 0.5 0.03984375 0.08125
0 0.6765625 0.60546875 0.03359375 0.04140625
0 0.925 0.53671875 0.01875 0.021875
3 0.87421875 0.34296875 0.0234375 0.05
0 0.86640625 0.39140625 0.015625 0.02578125
3 0.9046875 0.3375 0.02109375 0.053125
0 0.903125 0.39609375 0.01796875 0.021875
3 0.8203125 0.17421875 0.01796875 0.04296875
3 0.80078125 0.1640625 0.021875 0.04375
0 0.77109375 0.14921875 0.0171875 0.01875
10 0.8 0.12734375 0.040625 0.06171875
3 0.80625 0.11640625 0.0171875 0.0359375
3 0.7421875 0.065625 0.01796875 0.03359375
3 0.77734375 0.075 0.015625 0.03359375
3 0.746875 0.03671875 0.0140625 0.03046875
3 0.71796875 0.0234375 0.015625 0.03046875