10 0.13515625 0.34375 0.05546875 0.0890625
0 0.128125 0.37421875 0.02421875 0.03046875
2 0.1203125 0.4046875 0.02734375 0.028125
10 0.15390625 0.2421875 0.04296875 0.0765625
10 0.19375 0.165625 0.0328125 0.06484375
2 0.18046875 0.20078125 0.01640625 0.02421875
10 0.22734375 0.16640625 0.03984375 0.06171875
2 0.2171875 0.1921875 0.021875 0.025
10 0.2109375 0.11875 0.03203125 0.05390625
10 0.24609375 0.10625 0.03515625 0.0609375
10 0.28046875 0.06015625 0.03515625 0.05546875
2 0.36875 0.0390625 0.0140625 0.01953125
10 0.39453125 0.05234375 0.03984375 0.06171875
1 0.43828125 0.10625 0.04453125 0.04921875
1 0.35390625 0.10703125 0.04296875 0.06328125
10 0.39765625 0.09921875 0.04296875 0.06953125
10 0.43203125 0.04609375 0.03984375 0.05625
10 0.46875 0.03828125 0.03671875 0.06171875
10 0.5109375 0.04140625 0.03359375 0.05625
2 0.47578125 0.12890625 0.01953125 0.025
2 0.534375 0.128125 0.01875 0.0234375
10 0.5484375 0.0390625 0.04296875 0.065625
1 0.59140625 0.04296875 0.04375 0.05859375
10 0.63671875 0.04375 0.0359375 0.06484375
10 0.653125 0.09375 0.04453125 0.08515625
1 0.56796875 0.09296875 0.0453125 0.06171875
2 0.61328125 0.1296875 0.02109375 0.02421875
10 0.70625 0.16875 0.05859375 0.08359375
10 0.65625 0.16875 0.04453125 0.0890625
2 0.62265625 0.203125 0.02421875 0.03046875
5 0.64765625 0.20625 0.015625 0.01953125
2 0.41875 0.1984375 0.0265625 0.03046875
2 0.2875 0.303125 0.0265625 0.0359375
0 0.4 0.28046875 0.0265625 0.0265625
1 0.4671875 0.23125 0.05390625 0.0953125
10 0.52890625 0.22890625 0.06875 0.121875
2 0.52890625 0.29453125 0.02734375 0.03671875
10 0.69765625 0.259375 0.06015625 0.10625
10 0.75390625 0.26875 0.05859375 0.11953125
1 0.7734375 0.38203125 0.059375 0.10546875
1 0.7203125 0.39296875 0.06640625 0.11015625
10 0.65625 0.35546875 0.06484375 0.15546875
10 0.58828125 0.35546875 0.08046875 0.14609375
7 0.66328125 0.43125 0.03125 0.0453125
2 0.53203125 0.41796875 0.03046875 0.053125
2 0.46171875 0.40625 0.03984375 0.04453125
2 0.36953125 0.42265625 0.03984375 0.04375
10 0.32265625 0.36875 0.08359375 0.109375
1 0.25390625 0.3765625 0.05625 0.11171875
1 0.2 0.390625 0.059375 0.096875
2 0.19453125 0.6046875 0.03359375 0.0609375
10 0.43125 0.50390625 0.07734375 0.14453125
2 0.4234375 0.603125 0.06171875 0.06953125
10 0.753125 0.5359375 0.07890625 0.11796875
10 0.8203125 0.54375 0.07421875 0.18046875
2 0.76328125 0.60625 0.03359375 0.05546875
10 0.71328125 0.03125 0.02734375 0.053125
10 0.74375 0.04296875 0.0265625 0.04453125
10 0.73203125 0.0796875 0.040625 0.06484375
10 0.80078125 0.13046875 0.040625 0.06484375
10 0.821875 0.1859375 0.0265625 0.06875
1 0.85546875 0.35390625 0.05859375 0.08125
10 0.90078125 0.35546875 0.03828125 0.1109375
10 0.96953125 0.70625 0.06015625 0.096875
2 0.35078125 0.30546875 0.02734375 0.046875
10 0.48203125 0.09140625 0.04921875 0.06171875
2 0.49375 0.1296875 0.0203125 0.02421875
2 0.51328125 0.06796875 0.02734375 0.01953125
10 0.56953125 0.159375 0.065625 0.08046875
10 0.35 0.228125 0.06796875 0.1203125
10 0.403125 0.24375 0.0703125 0.09609375
10 0.675 0.53359375 0.0875 0.18125
2 0.69453125 0.62734375 0.034375 0.05859375
2 0.71171875 0.81796875 0.0546875 0.09375
10 0.090625 0.75625 0.0609375 0.225
10 0.16015625 0.74140625 0.09921875 0.1515625
2 0.14453125 0.8390625 0.03671875 0.075
2 0.125 0.81875 0.0296875 0.059375
10 0.90390625 0.49140625 0.06796875 0.1140625
10 0.78671875 0.18046875 0.0484375 0.07578125
10 0.7609375 0.11953125 0.04140625 0.0765625
2 0.6796875 0.2078125 0.02265625 0.03046875
2 0.71953125 0.21640625 0.02421875 0.0296875
3 0.08125 0.6984375 0.0328125 0.08046875
0 0.078125 0.78046875 0.02265625 0.03515625
0 0.12578125 0.79140625 0.028125 0.04296875
3 0.13203125 0.71796875 0.03828125 0.08046875
10 0.0734375 0.56796875 0.078125 0.18984375
9 0.04921875 0.50625 0.0265625 0.06171875
2 0.13515625 0.60546875 0.03359375 0.059375
5 0.13828125 0.60625 0.01640625 0.04375
10 0.16796875 0.4859375 0.0828125 0.20546875
9 0.14453125 0.4265625 0.03359375 0.0765625
3 0.12578125 0.32734375 0.02265625 0.04921875
3 0.14453125 0.228125 0.02109375 0.04296875
3 0.18828125 0.15078125 0.01640625 0.03125
3 0.21953125 0.15625 0.01796875 0.03828125
3 0.20390625 0.10859375 0.01484375 0.03125
0 0.20390625 0.13671875 0.015625 0.01953125
3 0.2390625 0.09453125 0.01328125 0.03046875
9 0.2703125 0.04375 0.01484375 0.0265625
2 0.26875 0.09296875 0.01484375 0.01796875
3 0.39453125 0.04140625 0.015625 0.03046875
3 0.43203125 0.03125 0.01484375 0.03203125
3 0.44375 0.10546875 0.02109375 0.03515625
3 0.396875 0.09375 0.0203125 0.04296875
3 0.35390625 0.09453125 0.01875 0.03515625
0 0.35390625 0.13046875 0.01484375 0.01796875
2 0.35859375 0.14140625 0.01796875 0.02109375
0 0.390625 0.125 0.0203125 0.01875
0 0.4296875 0.1234375 0.01484375 0.03046875
0 0.43515625 0.06875 0.01796875 0.01640625
6 0.46796875 0.021875 0.0140625 0.03125
3 0.48125 0.07890625 0.01953125 0.0390625
0 0.48515625 0.115625 0.01796875 0.01953125
3 0.51015625 0.03046875 0.01484375 0.03125
7 0.54296875 0.06796875 0.02734375 0.02890625
3 0.56953125 0.0859375 0.01953125 0.04140625
3 0.5953125 0.03515625 0.01875 0.04296875
2 0.61171875 0.07578125 0.02109375 0.01875
6 0.6390625 0.03125 0.01484375 0.03203125
6 0.65390625 0.06875 0.01796875 0.0390625
9 0.66328125 0.14375 0.02265625 0.040625
7 0.66328125 0.20390625 0.02109375 0.02578125
3 0.70625 0.15390625 0.02109375 0.04375
0 0.70546875 0.19921875 0.02421875 0.01953125
3 0.57421875 0.14296875 0.0234375 0.0453125
0 0.575 0.19140625 0.02265625 0.02109375
2 0.5875 0.20625 0.0234375 0.025
9 0.4609375 0.2125 0.02578125 0.05625
3 0.51953125 0.19375 0.02578125 0.05703125
0 0.53671875 0.28203125 0.02109375 0.03125
9 0.40859375 0.2265625 0.0265625 0.05390625
9 0.34453125 0.19296875 0.02734375 0.05078125
5 0.33046875 0.3015625 0.01484375 0.0234375
3 0.19375 0.3796875 0.02890625 0.05
3 0.246875 0.378125 0.02734375 0.04921875
3 0.31484375 0.35078125 0.03046875 0.0609375
0 0.19375 0.4234375 0.0203125 0.01953125
0 0.2515625 0.4234375 0.02890625 0.03125
0 0.315625 0.40234375 0.0328125 0.034375
3 0.59765625 0.3265625 0.03125 0.06328125
0 0.59765625 0.41328125 0.02890625 0.0359375
6 0.66171875 0.31796875 0.0296875 0.071875
8 0.72578125 0.4 0.03515625 0.05546875
3 0.78828125 0.3765625 0.02578125 0.053125
0 0.7578125 0.31640625 0.02890625 0.028125
0 0.77890625 0.41875 0.02421875 0.0296875
3 0.7609375 0.24140625 0.02578125 0.05625
3 0.70703125 0.24140625 0.02734375 0.04921875
0 0.69921875 0.30078125 0.0203125 0.03046875
2 0.71875 0.3109375 0.02734375 0.04140625
3 0.68828125 0.50625 0.0375 0.0765625
0 0.68046875 0.60546875 0.02890625 0.03671875
3 0.775 0.53046875 0.0328125 0.06640625
0 0.76015625 0.5859375 0.028125 0.0546875
3 0.840625 0.51796875 0.03515625 0.0640625
0 0.83125 0.59921875 0.02421875 0.03125
3 0.42109375 0.4734375 0.0328125 0.08046875
0 0.42421875 0.55546875 0.0265625 0.03671875
0 0.9859375 0.753125 0.01796875 0.04296875
3 0.9234375 0.46875 0.025 0.05546875
0 0.925 0.534375 0.01953125 0.01953125
3 0.87265625 0.34375 0.02265625 0.05
0 0.86640625 0.38828125 0.015625 0.03125
3 0.9 0.321875 0.0203125 0.04375
0 0.90390625 0.39375 0.02109375 0.02890625
3 0.82265625 0.16953125 0.01875 0.03984375
5 0.79140625 0.23046875 0.01484375 0.01640625
3 0.8 0.1609375 0.0203125 0.04453125
0 0.77109375 0.146875 0.01953125 0.01953125
3 0.76953125 0.10625 0.01875 0.03984375
3 0.80703125 0.11640625 0.015625 0.0359375
3 0.7421875 0.06328125 0.01640625 0.03125
9 0.7578125 0.05625 0.01171875 0.0234375
3 0.746875 0.03203125 0.01171875 0.03125
6 0.71484375 0.01796875 0.01328125 0.02890625
1 0.36640625 0.021875 0.03828125 0.04140625