10 0.13671875 0.34296875 0.04921875 0.08046875
2 0.1203125 0.4046875 0.02734375 0.028125
10 0.15078125 0.24296875 0.04296875 0.0765625
10 0.19375 0.165625 0.0328125 0.06484375
2 0.18046875 0.20078125 0.01640625 0.02421875
10 0.22734375 0.16640625 0.03984375 0.06171875
2 0.2171875 0.1921875 0.021875 0.025
10 0.2109375 0.11875 0.03203125 0.05390625
10 0.24609375 0.10546875 0.03359375 0.059375
10 0.2828125 0.06484375 0.034375 0.06328125
2 0.3671875 0.03671875 0.01484375 0.01875
10 0.39453125 0.053125 0.040625 0.059375
1 0.43828125 0.10625 0.04453125 0.04921875
1 0.35390625 0.10625 0.04296875 0.06328125
10 0.39453125 0.096875 0.04296875 0.06875
10 0.43203125 0.04609375 0.03984375 0.05625
10 0.46953125 0.04375 0.0375 0.05390625
10 0.509375 0.04296875 0.03515625 0.059375
2 0.47578125 0.12890625 0.01953125 0.025
2 0.534375 0.128125 0.01875 0.0234375
10 0.5484375 0.04296875 0.04296875 0.06640625
1 0.59140625 0.04296875 0.04375 0.05859375
10 0.6375 0.04765625 0.03671875 0.05625
10 0.653125 0.096875 0.04453125 0.08046875
1 0.56796875 0.09296875 0.0453125 0.06171875
2 0.61328125 0.1296875 0.02109375 0.02421875
10 0.7046875 0.16875 0.05546875 0.08359375
10 0.65625 0.16875 0.04453125 0.0890625
2 0.62265625 0.203125 0.02421875 0.03046875
5 0.64765625 0.20625 0.015625 0.01953125
2 0.45625 0.2046875 0.03359375 0.0296875
2 0.41875 0.1984375 0.0265625 0.03046875
2 0.2875 0.303125 0.0265625 0.0359375
0 0.4 0.28046875 0.0265625 0.0265625
1 0.46953125 0.24375 0.05390625 0.07578125
10 0.525 0.24296875 0.0671875 0.13359375
0 0.5375 0.29296875 0.0203125 0.028125
10 0.696875 0.259375 0.0609375 0.10625
10 0.753125 0.26875 0.05703125 0.1203125
1 0.7734375 0.38203125 0.059375 0.10546875
1 0.7203125 0.39296875 0.06640625 0.11015625
10 0.65625 0.35546875 0.06484375 0.15546875
10 0.58984375 0.35546875 0.08046875 0.14609375
7 0.66328125 0.43125 0.03125 0.0453125
2 0.53203125 0.41796875 0.03046875 0.053125
2 0.46171875 0.40625 0.03984375 0.04453125
2 0.36953125 0.42265625 0.03984375 0.04375
10 0.32265625 0.36796875 0.084375 0.10625
1 0.25625 0.37734375 0.05390625 0.1140625
1 0.2 0.39140625 0.0609375 0.1046875
2 0.19453125 0.6046875 0.03359375 0.0609375
10 0.24921875 0.48046875 0.0984375 0.20390625
10 0.4296875 0.50625 0.07265625 0.1453125
2 0.4234375 0.603125 0.06171875 0.06953125
10 0.75234375 0.53125 0.07421875 0.11015625
10 0.81953125 0.53515625 0.071875 0.15546875
2 0.76328125 0.60625 0.03359375 0.05546875
10 0.7140625 0.03125 0.02734375 0.053125
10 0.74375 0.04296875 0.0265625 0.04453125
1 0.73203125 0.0796875 0.040625 0.06484375
10 0.76640625 0.071875 0.03515625 0.06875
10 0.80078125 0.13046875 0.040625 0.06484375
10 0.82109375 0.1859375 0.0265625 0.06875
1 0.85546875 0.35390625 0.05859375 0.08125
10 0.9015625 0.35546875 0.03984375 0.1015625
10 0.96953125 0.70625 0.06015625 0.096875
2 0.35078125 0.30625 0.02734375 0.046875
10 0.48125 0.09140625 0.04921875 0.0640625
2 0.49375 0.1296875 0.0203125 0.02421875
2 0.51484375 0.06796875 0.0296875 0.02109375
10 0.56953125 0.15625 0.065625 0.084375
10 0.353125 0.22265625 0.0578125 0.13046875
10 0.403125 0.24375 0.07109375 0.10546875
10 0.67578125 0.53125 0.084375 0.18125
2 0.69453125 0.628125 0.034375 0.05859375
2 0.71171875 0.81796875 0.0546875 0.09375
10 0.090625 0.75625 0.0609375 0.225
10 0.16015625 0.74296875 0.09921875 0.1515625
2 0.14453125 0.8390625 0.03671875 0.075
2 0.125 0.81875 0.0296875 0.059375
10 0.90390625 0.49140625 0.06796875 0.1140625
10 0.78671875 0.18046875 0.0484375 0.07578125
10 0.76015625 0.11875 0.04140625 0.0765625
2 0.6796875 0.2078125 0.02265625 0.03046875
2 0.71953125 0.21640625 0.02421875 0.0296875
3 0.1234375 0.33125 0.021875 0.0484375
0 0.128125 0.36796875 0.0171875 0.025
3 0.14375 0.22890625 0.01796875 0.04296875
3 0.18828125 0.15390625 0.015625 0.0296875
3 0.21875 0.1546875 0.0171875 0.040625
3 0.20390625 0.10859375 0.01328125 0.03125
3 0.240625 0.09375 0.01484375 0.03125
0 0.20390625 0.1390625 0.015625 0.015625
0 0.2375 0.1296875 0.01640625 0.01484375
9 0.275 0.0484375 0.01640625 0.03046875
3 0.39453125 0.04140625 0.01484375 0.03203125
3 0.43203125 0.03203125 0.01484375 0.03125
3 0.35390625 0.09375 0.01796875 0.03671875
3 0.39375 0.084375 0.0203125 0.04453125
0 0.35390625 0.12890625 0.01484375 0.01953125
2 0.35859375 0.14140625 0.0171875 0.0234375
0 0.38828125 0.12421875 0.02109375 0.01875
3 0.44375 0.10390625 0.0203125 0.03984375
0 0.4296875 0.12265625 0.01484375 0.03046875
0 0.43359375 0.06875 0.0171875 0.01640625
0 0.46796875 0.059375 0.0203125 0.01953125
3 0.46875 0.03046875 0.01484375 0.03125
3 0.48203125 0.07890625 0.02109375 0.03828125
9 0.51328125 0.0296875 0.01796875 0.03359375
3 0.55078125 0.028125 0.01640625 0.03515625
7 0.54765625 0.06796875 0.02890625 0.025
3 0.59609375 0.03515625 0.0171875 0.04296875
0 0.59765625 0.065625 0.01796875 0.01796875
2 0.6109375 0.07421875 0.02109375 0.01953125
3 0.64140625 0.03203125 0.015625 0.0359375
3 0.65390625 0.0765625 0.01796875 0.040625
3 0.70546875 0.15390625 0.0203125 0.046875
3 0.6625 0.14296875 0.0203125 0.04375
7 0.6625 0.2046875 0.02109375 0.028125
0 0.703125 0.2015625 0.0171875 0.0234375
3 0.57265625 0.1390625 0.02421875 0.04921875
3 0.56953125 0.08515625 0.02109375 0.04296875
0 0.57265625 0.1859375 0.02421875 0.01953125
2 0.5875 0.20625 0.02265625 0.0265625
3 0.51875 0.20625 0.0265625 0.05859375
3 0.46953125 0.234375 0.02890625 0.05625
0 0.4640625 0.28046875 0.02109375 0.03046875
3 0.4 0.21796875 0.0265625 0.05859375
5 0.3296875 0.2984375 0.01640625 0.03125
6 0.35625 0.1875 0.02578125 0.05625
3 0.19375 0.38125 0.0296875 0.05078125
0 0.19375 0.42734375 0.0203125 0.02890625
3 0.246875 0.37734375 0.0265625 0.05078125
0 0.2515625 0.4234375 0.02734375 0.03046875
3 0.315625 0.3515625 0.0296875 0.06171875
0 0.315625 0.4015625 0.03203125 0.03515625
3 0.59765625 0.3265625 0.03125 0.06328125
0 0.59765625 0.4140625 0.02890625 0.03515625
6 0.66015625 0.31875 0.02890625 0.0703125
8 0.72578125 0.40390625 0.03515625 0.059375
3 0.78828125 0.3734375 0.02734375 0.05546875
0 0.78125 0.41875 0.02109375 0.03359375
3 0.83828125 0.521875 0.034375 0.06953125
0 0.8296875 0.59375 0.02578125 0.04609375
0 0.7625 0.58125 0.0296875 0.046875
3 0.77265625 0.53046875 0.03203125 0.06640625
3 0.69453125 0.49140625 0.0375 0.07890625
0 0.67578125 0.603125 0.03515625 0.04140625
3 0.42265625 0.47265625 0.03359375 0.08046875
0 0.4234375 0.55625 0.028125 0.03203125
9 0.22109375 0.41796875 0.0390625 0.075
0 0.209375 0.51796875 0.02578125 0.04921875
10 0.1703125 0.50234375 0.09921875 0.16171875
3 0.13984375 0.46875 0.0359375 0.06328125
1 0.14453125 0.5546875 0.06796875 0.11328125
6 0.13203125 0.52890625 0.03046875 0.05390625
0 0.1390625 0.59375 0.025 0.040625
3 0.07890625 0.70234375 0.034375 0.0765625
3 0.13203125 0.71875 0.03984375 0.0796875
0 0.125 0.79375 0.02421875 0.04296875
0 0.92578125 0.534375 0.01953125 0.01875
3 0.9234375 0.46875 0.02421875 0.05703125
0 0.8671875 0.3859375 0.01796875 0.03125
3 0.87421875 0.34140625 0.02109375 0.0515625
3 0.90390625 0.33046875 0.02109375 0.0515625
3 0.70625 0.2421875 0.0265625 0.05078125
0 0.6984375 0.303125 0.01875 0.0296875
2 0.71875 0.309375 0.02734375 0.04453125
3 0.7609375 0.2421875 0.02890625 0.05625
0 0.759375 0.31796875 0.0265625 0.0265625
3 0.81953125 0.16875 0.01953125 0.0390625
3 0.80078125 0.16171875 0.02109375 0.04453125
5 0.7921875 0.23046875 0.01640625 0.01875
3 0.76953125 0.10546875 0.01875 0.03984375
0 0.76953125 0.14609375 0.01640625 0.01953125
3 0.80703125 0.11640625 0.015625 0.03671875
3 0.7421875 0.06640625 0.01796875 0.03203125
6 0.765625 0.05546875 0.01484375 0.03203125
3 0.71875 0.01953125 0.0140625 0.03046875
3 0.746875 0.03359375 0.01328125 0.03125
1 0.3671875 0.02109375 0.03515625 0.040625