1 0.13515625 0.34375 0.04375 0.08046875
7 0.128125 0.3734375 0.02734375 0.04375
2 0.1203125 0.4046875 0.02734375 0.028125
10 0.15390625 0.234375 0.04375 0.08828125
10 0.18984375 0.1640625 0.0265625 0.06171875
10 0.2453125 0.109375 0.03359375 0.059375
1 0.27578125 0.07265625 0.04296875 0.046875
2 0.36796875 0.040625 0.01484375 0.01640625
1 0.390625 0.05703125 0.0390625 0.053125
10 0.353125 0.10625 0.0421875 0.07421875
1 0.3953125 0.0984375 0.04296875 0.0703125
10 0.4296875 0.05234375 0.03984375 0.04921875
10 0.46875 0.04375 0.03671875 0.0515625
10 0.509375 0.040625 0.03828125 0.0640625
2 0.534375 0.128125 0.01875 0.0234375
10 0.54765625 0.04296875 0.03984375 0.06015625
10 0.59296875 0.04453125 0.04609375 0.06171875
10 0.63828125 0.0484375 0.04140625 0.05625
10 0.653125 0.09375 0.04453125 0.0796875
1 0.56640625 0.09609375 0.04765625 0.0640625
2 0.61328125 0.1296875 0.02109375 0.02421875
1 0.7046875 0.1765625 0.059375 0.08125
10 0.65546875 0.16171875 0.0453125 0.096875
2 0.62265625 0.203125 0.02421875 0.03046875
2 0.28828125 0.30390625 0.028125 0.03515625
0 0.40625 0.27734375 0.0265625 0.0265625
10 0.46953125 0.23515625 0.05390625 0.10546875
10 0.53125 0.24140625 0.0734375 0.09140625
0 0.53203125 0.28046875 0.03125 0.03359375
10 0.6984375 0.25625 0.05390625 0.0890625
10 0.753125 0.271875 0.0609375 0.11875
10 0.778125 0.38046875 0.06796875 0.109375
1 0.71640625 0.396875 0.065625 0.10546875
1 0.65546875 0.36875 0.0640625 0.1296875
10 0.5890625 0.35625 0.08125 0.134375
2 0.53203125 0.421875 0.03046875 0.053125
2 0.46171875 0.40703125 0.03984375 0.04453125
2 0.36953125 0.425 0.03984375 0.040625
10 0.32265625 0.3671875 0.08359375 0.11796875
10 0.25546875 0.371875 0.06171875 0.11484375
1 0.2015625 0.390625 0.05859375 0.10546875
2 0.19765625 0.60546875 0.03359375 0.0609375
1 0.2703125 0.55625 0.08671875 0.1296875
10 0.41328125 0.5140625 0.07734375 0.15703125
1 0.75625 0.546875 0.0734375 0.1265625
1 0.82421875 0.55078125 0.07109375 0.16875
10 0.7125 0.03828125 0.0296875 0.05625
10 0.740625 0.078125 0.034375 0.06171875
10 0.8 0.13046875 0.03515625 0.0546875
10 0.82109375 0.190625 0.02890625 0.071875
10 0.85625 0.34296875 0.0484375 0.10859375
1 0.89453125 0.3484375 0.03828125 0.096875
10 0.96875 0.70546875 0.06171875 0.10546875
2 0.36953125 0.309375 0.028125 0.03984375
10 0.48125 0.0921875 0.04921875 0.06796875
7 0.5140625 0.06875 0.02890625 0.02109375
10 0.58125 0.14375 0.059375 0.09609375
10 0.34453125 0.24921875 0.05703125 0.11875
10 0.40703125 0.24296875 0.06953125 0.103125
2 0.7296875 0.846875 0.05546875 0.09453125
10 0.90625 0.49140625 0.06953125 0.1140625
10 0.78984375 0.18125 0.04765625 0.0765625
10 0.765625 0.12421875 0.0390625 0.08125
7 0.66328125 0.215625 0.04296875 0.0359375
2 0.7234375 0.21796875 0.02109375 0.02109375
10 0.30703125 0.03359375 0.03359375 0.05078125
1 0.3671875 0.021875 0.03515625 0.04140625
10 0.5109375 0.1578125 0.05859375 0.0765625
10 0.45546875 0.15625 0.05546875 0.0984375
10 0.4046875 0.14609375 0.05078125 0.10078125
2 0.609375 0.07734375 0.02109375 0.01953125
1 0.14609375 0.55625 0.0703125 0.121875
10 0.20546875 0.51796875 0.071875 0.12890625
10 0.35 0.53125 0.07265625 0.16953125
10 0.60859375 0.51875 0.08984375 0.16328125
7 0.59765625 0.61015625 0.04765625 0.06875
10 0.68125 0.53359375 0.08125 0.1734375
10 0.67578125 0.71171875 0.12578125 0.21640625
3 0.12578125 0.33125 0.02109375 0.0453125
5 0.1375 0.38203125 0.01640625 0.02578125
5 0.159375 0.27890625 0.01328125 0.0234375
3 0.1453125 0.21484375 0.01875 0.04453125
3 0.18828125 0.15 0.01484375 0.03125
0 0.18984375 0.184375 0.01640625 0.01484375
2 0.18046875 0.2015625 0.01640625 0.02421875
10 0.215625 0.2078125 0.04609375 0.18203125
3 0.21328125 0.14296875 0.02265625 0.05078125
10 0.28671875 0.16953125 0.05390625 0.14375
3 0.2734375 0.1234375 0.02421875 0.05
3 0.23828125 0.0984375 0.01640625 0.03046875
0 0.2375 0.13125 0.01640625 0.01796875
3 0.265625 0.0671875 0.015625 0.03203125
3 0.3515625 0.090625 0.01796875 0.0390625
3 0.29765625 0.02421875 0.01484375 0.02890625
3 0.39609375 0.04765625 0.0171875 0.0359375
3 0.425 0.04375 0.01484375 0.0296875
0 0.35625 0.134375 0.01484375 0.01640625
6 0.39765625 0.11953125 0.025 0.05
5 0.3828125 0.20390625 0.01328125 0.01953125
2 0.3828125 0.20703125 0.02265625 0.03046875
1 0.434375 0.1015625 0.0421875 0.05625
3 0.44296875 0.09765625 0.0203125 0.03984375
0 0.4296875 0.1203125 0.01640625 0.0203125
3 0.46796875 0.03515625 0.01484375 0.03125
0 0.4671875 0.06171875 0.01796875 0.01796875
3 0.484375 0.07890625 0.0203125 0.03515625
9 0.51640625 0.0234375 0.015625 0.034375
0 0.484375 0.115625 0.0171875 0.01640625
3 0.4578125 0.1328125 0.02109375 0.046875
3 0.5125 0.14296875 0.0203125 0.04375
0 0.50703125 0.190625 0.01953125 0.02421875
9 0.55078125 0.03125 0.01796875 0.034375
7 0.54921875 0.0703125 0.02890625 0.021875
3 0.5734375 0.0828125 0.01875 0.0359375
3 0.59453125 0.03359375 0.01796875 0.03671875
0 0.59453125 0.06875 0.01796875 0.01640625
3 0.64375 0.040625 0.01953125 0.03828125
6 0.65625 0.07578125 0.01953125 0.03671875
9 0.58828125 0.11796875 0.02265625 0.0453125
2 0.575 0.20078125 0.0265625 0.03125
5 0.57890625 0.20546875 0.01796875 0.01640625
3 0.66015625 0.13515625 0.02109375 0.04453125
3 0.7046875 0.165625 0.01875 0.04296875
0 0.7046875 0.20859375 0.01796875 0.0234375
3 0.34609375 0.2203125 0.025 0.0609375
2 0.34765625 0.290625 0.02578125 0.03671875
5 0.365625 0.30625 0.0203125 0.01953125
3 0.40390625 0.221875 0.025 0.05859375
9 0.46640625 0.2109375 0.03046875 0.0546875
0 0.46328125 0.28203125 0.02109375 0.03203125
3 0.53671875 0.22734375 0.02734375 0.053125
5 0.5234375 0.29609375 0.0125 0.02421875
3 0.7078125 0.24609375 0.02578125 0.05078125
5 0.70234375 0.30625 0.01953125 0.01875
3 0.7609375 0.24140625 0.02578125 0.05546875
0 0.76015625 0.31875 0.02578125 0.02578125
3 0.7875 0.35546875 0.02421875 0.05625
0 0.784375 0.42109375 0.0296875 0.03046875
8 0.72578125 0.40078125 0.0375 0.05859375
5 0.6484375 0.43125 0.01640625 0.03515625
8 0.66328125 0.384375 0.02890625 0.05625
3 0.59609375 0.33671875 0.0296875 0.05859375
0 0.596875 0.4109375 0.0296875 0.03359375
3 0.315625 0.34375 0.03046875 0.06484375
0 0.3171875 0.40703125 0.03515625 0.03515625
3 0.25703125 0.37109375 0.02734375 0.0515625
0 0.25859375 0.4234375 0.028125 0.03203125
3 0.19140625 0.38046875 0.028125 0.05078125
0 0.19453125 0.43046875 0.02109375 0.02578125
3 0.13515625 0.53203125 0.02734375 0.06171875
0 0.1390625 0.6015625 0.02421875 0.0359375
9 0.1890625 0.49140625 0.03671875 0.07109375
5 0.196875 0.5984375 0.01953125 0.03828125
0 0.26171875 0.6046875 0.0328125 0.03125
3 0.25859375 0.5375 0.03203125 0.06015625
3 0.37265625 0.48359375 0.02734375 0.071875
0 0.33828125 0.6015625 0.02890625 0.03671875
3 0.396875 0.4765625 0.03515625 0.08046875
0 0.3921875 0.56796875 0.03359375 0.03203125
2 0.43203125 0.603125 0.05859375 0.0609375
3 0.63515625 0.4859375 0.03671875 0.075
3 0.68828125 0.5 0.03359375 0.0796875
3 0.77265625 0.5328125 0.03203125 0.06796875
0 0.7765625 0.59375 0.03046875 0.02890625
2 0.76328125 0.6234375 0.03046875 0.0453125
3 0.83984375 0.52734375 0.0359375 0.06953125
0 0.83359375 0.60859375 0.02421875 0.02890625
0 0.68359375 0.603125 0.03359375 0.03359375
9 0.68671875 0.646875 0.0390625 0.084375
0 0.68828125 0.8015625 0.04375 0.03515625
0 0.98671875 0.75625 0.01796875 0.04375
3 0.9265625 0.4640625 0.02421875 0.05625
0 0.92578125 0.53671875 0.01875 0.02421875
3 0.9046875 0.33203125 0.02109375 0.04609375
3 0.86484375 0.31875 0.021875 0.0515625
0 0.86953125 0.38671875 0.01640625 0.0234375
3 0.821875 0.1734375 0.0171875 0.04140625
3 0.8015625 0.165625 0.01953125 0.040625
5 0.7921875 0.2296875 0.01328125 0.021875
3 0.771875 0.10703125 0.01953125 0.04140625
0 0.7734375 0.1546875 0.01484375 0.0203125
3 0.80625 0.1203125 0.01640625 0.03671875
3 0.746875 0.06484375 0.01796875 0.03359375
3 0.74765625 0.03671875 0.01328125 0.0296875
6 0.71875 0.0265625 0.01328125 0.03125