0 0.1359375 0.6 0.01796875 0.03125
3 0.13125 0.5546875 0.0234375 0.05
1 0.14140625 0.55859375 0.0625 0.08671875
0 0.1890625 0.60234375 0.01953125 0.03828125
3 0.190625 0.51796875 0.0265625 0.06015625
10 0.20390625 0.54296875 0.06484375 0.1234375
2 0.25625 0.6125 0.0328125 0.05859375
0 0.24765625 0.55703125 0.02109375 0.0296875
6 0.25625 0.48046875 0.02890625 0.06484375
10 0.271875 0.52890625 0.08046875 0.16015625
0 0.33828125 0.60390625 0.02734375 0.034375
6 0.33984375 0.46875 0.02890625 0.0734375
10 0.3453125 0.52734375 0.07421875 0.1859375
0 0.41328125 0.58515625 0.025 0.05
3 0.41640625 0.51875 0.03125 0.08203125
2 0.4265625 0.59765625 0.05859375 0.06796875
10 0.43125 0.53203125 0.0828125 0.115625
0 0.68515625 0.81640625 0.04140625 0.03359375
2 0.72890625 0.84296875 0.05078125 0.08984375
3 0.70625 0.71953125 0.040625 0.07421875
10 0.6765625 0.74375 0.121875 0.171875
0 0.7703125 0.6125 0.02578125 0.03046875
0 0.8359375 0.6109375 0.03125 0.03125
2 0.76328125 0.6171875 0.02890625 0.0546875
2 0.8375 0.621875 0.0359375 0.03984375
3 0.84375 0.53203125 0.03359375 0.059375
10 0.82578125 0.5453125 0.06640625 0.15703125
3 0.7796875 0.509375 0.02890625 0.0640625
10 0.75703125 0.553125 0.07421875 0.14609375
0 0.6828125 0.60625 0.025 0.03828125
2 0.69453125 0.621875 0.03359375 0.06015625
6 0.68515625 0.47890625 0.034375 0.078125
10 0.6828125 0.53046875 0.07421875 0.18359375
9 0.62421875 0.46796875 0.03828125 0.07890625
10 0.60390625 0.503125 0.084375 0.15
0 0.19375 0.4265625 0.01484375 0.0234375
0 0.25546875 0.41953125 0.028125 0.0265625
3 0.1921875 0.37421875 0.02421875 0.04453125
3 0.2515625 0.37421875 0.02421875 0.0453125
1 0.19921875 0.38125 0.0578125 0.09453125
1 0.2546875 0.37265625 0.05859375 0.10625
0 0.32265625 0.40859375 0.02265625 0.02421875
3 0.321875 0.3484375 0.0265625 0.05703125
10 0.32265625 0.36875 0.07890625 0.10390625
2 0.36953125 0.42421875 0.0375 0.03046875
2 0.4609375 0.4078125 0.03828125 0.0359375
2 0.53203125 0.41953125 0.028125 0.0453125
0 0.596875 0.4109375 0.0265625 0.03125
0 0.65234375 0.42890625 0.02421875 0.03515625
3 0.5953125 0.3359375 0.028125 0.05625
10 0.5875 0.35625 0.0765625 0.13828125
8 0.6625 0.38125 0.02734375 0.0546875
1 0.65546875 0.36875 0.06015625 0.12421875
8 0.725 0.3984375 0.0328125 0.053125
1 0.71640625 0.396875 0.06171875 0.10546875
0 0.78359375 0.42109375 0.0296875 0.025
3 0.78515625 0.35625 0.02265625 0.053125
10 0.77890625 0.38046875 0.0625 0.1015625
0 0.696875 0.29375 0.02578125 0.021875
2 0.709375 0.31171875 0.04296875 0.03125
0 0.7609375 0.30625 0.021875 0.0296875
3 0.70078125 0.21796875 0.02109375 0.04921875
10 0.6984375 0.24921875 0.05625 0.10859375
3 0.7625 0.2078125 0.02265625 0.0546875
10 0.75234375 0.253125 0.0515625 0.140625
5 0.52265625 0.296875 0.01015625 0.01875
0 0.528125 0.28125 0.01953125 0.03046875
3 0.534375 0.215625 0.02421875 0.053125
10 0.52890625 0.2359375 0.07265625 0.09453125
0 0.46875 0.2796875 0.02890625 0.02578125
3 0.46796875 0.23203125 0.0234375 0.04453125
1 0.46640625 0.246875 0.05390625 0.06953125
0 0.40390625 0.2765625 0.028125 0.021875
3 0.4015625 0.21796875 0.02421875 0.0546875
10 0.40625 0.240625 0.0640625 0.09921875
2 0.3953125 0.29453125 0.03046875 0.021875
3 0.340625 0.21796875 0.02109375 0.05625
2 0.34765625 0.29296875 0.025 0.03359375
2 0.36875 0.30859375 0.02578125 0.03515625
5 0.3640625 0.30546875 0.01875 0.01328125
2 0.28828125 0.3015625 0.02734375 0.03125
2 0.38125 0.20546875 0.0203125 0.028125
9 0.43203125 0.1328125 0.021875 0.046875
10 0.415625 0.1546875 0.0546875 0.0890625
0 0.45625 0.19375 0.0265625 0.01875
3 0.4546875 0.13125 0.02109375 0.0453125
10 0.4578125 0.15546875 0.05390625 0.090625
0 0.50703125 0.18984375 0.01640625 0.02421875
3 0.51328125 0.14609375 0.01953125 0.04140625
10 0.51015625 0.15703125 0.046875 0.065625
5 0.5734375 0.2015625 0.01484375 0.009375
2 0.5734375 0.2015625 0.021875 0.0265625
9 0.584375 0.13046875 0.02109375 0.04453125
10 0.5734375 0.16171875 0.05234375 0.10625
2 0.621875 0.203125 0.0234375 0.02421875
6 0.659375 0.134375 0.01796875 0.0390625
2 0.6625 0.21796875 0.0421875 0.0265625
10 0.65625 0.15703125 0.04296875 0.08515625
3 0.70703125 0.16171875 0.01953125 0.0453125
1 0.70625 0.171875 0.05703125 0.07578125
3 0.66015625 0.07890625 0.01796875 0.03671875
10 0.653125 0.09609375 0.03984375 0.0765625
2 0.61328125 0.12890625 0.01796875 0.0203125
0 0.56640625 0.1203125 0.01484375 0.01640625
3 0.57265625 0.09375 0.01796875 0.03359375
1 0.5640625 0.0984375 0.05234375 0.05625
2 0.53359375 0.128125 0.0171875 0.01953125
0 0.4828125 0.11640625 0.015625 0.0140625
3 0.48125 0.07890625 0.0203125 0.03203125
10 0.47890625 0.09296875 0.05078125 0.059375
3 0.434375 0.0890625 0.0171875 0.034375
10 0.43671875 0.09609375 0.0390625 0.04921875
3 0.38828125 0.08984375 0.01953125 0.03515625
0 0.38984375 0.1296875 0.02109375 0.01640625
0 0.35625 0.13203125 0.01328125 0.01640625
2 0.35859375 0.14140625 0.01796875 0.01953125
1 0.396875 0.10078125 0.0421875 0.06953125
3 0.35625 0.0890625 0.01640625 0.03515625
10 0.35390625 0.10546875 0.04296875 0.0703125
3 0.39453125 0.04765625 0.01328125 0.03046875
1 0.38984375 0.05625 0.03828125 0.046875
0 0.4375 0.065625 0.01640625 0.01328125
3 0.43515625 0.034375 0.0125 0.028125
10 0.434375 0.0453125 0.03828125 0.0515625
3 0.4609375 0.04140625 0.01484375 0.02890625
10 0.47109375 0.04375 0.0328125 0.040625
7 0.51328125 0.06875 0.02578125 0.0203125
3 0.51328125 0.028125 0.01328125 0.0296875
10 0.509375 0.04140625 0.0375 0.05546875
7 0.54609375 0.06953125 0.02421875 0.01953125
3 0.5484375 0.03203125 0.01484375 0.02890625
1 0.5484375 0.04375 0.03828125 0.0515625
0 0.5953125 0.0625 0.021875 0.01953125
3 0.58828125 0.0234375 0.01484375 0.03125
10 0.590625 0.040625 0.0421875 0.06484375
2 0.609375 0.07734375 0.02109375 0.0140625
3 0.63828125 0.03359375 0.01328125 0.03125
10 0.63671875 0.04609375 0.03515625 0.05625
0 0.98515625 0.75546875 0.01640625 0.0390625
2 0.9859375 0.76875 0.02109375 0.040625
0 0.92578125 0.5390625 0.01796875 0.02109375
2 0.92109375 0.54140625 0.02421875 0.046875
3 0.928125 0.46875 0.02109375 0.05078125
10 0.90625 0.49453125 0.0640625 0.1046875
0 0.86875 0.3859375 0.0140625 0.01953125
2 0.865625 0.390625 0.02578125 0.03125
0 0.9015625 0.39453125 0.01328125 0.02578125
3 0.8640625 0.31796875 0.02109375 0.0453125
10 0.85234375 0.34375 0.0515625 0.1015625
3 0.91328125 0.35390625 0.01796875 0.04140625
1 0.9 0.365625 0.04453125 0.07890625
0 0.803125 0.196875 0.01484375 0.02421875
9 0.81875 0.17109375 0.0203125 0.0390625
3 0.8328125 0.171875 0.01484375 0.0359375
10 0.80390625 0.18125 0.05 0.05625
10 0.83046875 0.1890625 0.01953125 0.06875
0 0.77265625 0.15390625 0.01484375 0.01953125
3 0.775 0.10546875 0.0171875 0.0390625
10 0.76328125 0.12421875 0.040625 0.078125
3 0.8046875 0.11875 0.01328125 0.03515625
10 0.8 0.12890625 0.0328125 0.05625
0 0.73828125 0.1015625 0.01328125 0.01875
3 0.7421875 0.0625 0.01484375 0.03046875
10 0.7359375 0.07890625 0.03515625 0.06171875
3 0.746875 0.03828125 0.01171875 0.025
10 0.74375 0.05078125 0.0328125 0.04921875
3 0.71484375 0.0203125 0.0140625 0.028125
10 0.709375 0.03125 0.03046875 0.05
3 0.303125 0.0203125 0.01171875 0.02578125
10 0.30859375 0.03203125 0.03203125 0.05
0 0.30234375 0.0515625 0.0109375 0.01328125
6 0.27734375 0.028125 0.01328125 0.03046875
3 0.26953125 0.0578125 0.015625 0.0265625
10 0.28203125 0.06875 0.03984375 0.04453125
5 0.2703125 0.08984375 0.00859375 0.009375
2 0.2671875 0.09296875 0.01953125 0.0140625
3 0.23828125 0.103125 0.01484375 0.02890625
0 0.2375 0.13046875 0.01640625 0.015625
10 0.24609375 0.11171875 0.0328125 0.053125
0 0.2046875 0.1359375 0.015625 0.01640625
3 0.20703125 0.10703125 0.01328125 0.028125
10 0.2125 0.11796875 0.0296875 0.046875
2 0.2171875 0.19140625 0.01953125 0.0203125
2 0.18046875 0.20078125 0.01484375 0.01875
0 0.190625 0.18046875 0.015625 0.01484375
3 0.18828125 0.1484375 0.01484375 0.03125
10 0.19375 0.16171875 0.0328125 0.05703125
3 0.2171875 0.146875 0.01328125 0.03828125
10 0.22734375 0.159375 0.03828125 0.06328125
0 0.14140625 0.271875 0.01015625 0.0140625
3 0.140625 0.21640625 0.01796875 0.0390625
10 0.153125 0.2390625 0.0484375 0.084375
7 0.13203125 0.3671875 0.03828125 0.0453125
5 0.13828125 0.38203125 0.01484375 0.0203125
3 0.121875 0.33046875 0.02109375 0.0359375
10 0.13828125 0.34296875 0.05390625 0.06953125