0 0.13515625 0.59921875 0.01875 0.03203125
2 0.134375 0.609375 0.02578125 0.04375
3 0.13125 0.55546875 0.02578125 0.05
1 0.1453125 0.55703125 0.06953125 0.08671875
5 0.19453125 0.61171875 0.02109375 0.03125
2 0.19765625 0.60546875 0.03203125 0.05390625
9 0.1828125 0.49296875 0.02734375 0.05703125
10 0.203125 0.51953125 0.065625 0.11640625
0 0.2375 0.60703125 0.01953125 0.03125
2 0.25625 0.6109375 0.02734375 0.05625
9 0.25546875 0.496875 0.03359375 0.06953125
10 0.2734375 0.5421875 0.08984375 0.16015625
9 0.37109375 0.48984375 0.0296875 0.0609375
10 0.359375 0.51796875 0.07265625 0.12109375
5 0.3359375 0.62734375 0.01796875 0.03828125
5 0.40703125 0.58828125 0.01640625 0.0359375
2 0.42734375 0.59765625 0.0609375 0.06953125
3 0.4140625 0.49375 0.03125 0.08046875
10 0.428125 0.51796875 0.08203125 0.12890625
0 0.68515625 0.81640625 0.04140625 0.03203125
2 0.72890625 0.84375 0.05078125 0.08671875
3 0.703125 0.71875 0.03671875 0.071875
10 0.67890625 0.74296875 0.12421875 0.17109375
2 0.69140625 0.61953125 0.03671875 0.06015625
2 0.7625 0.60546875 0.0328125 0.05703125
2 0.83515625 0.603125 0.03359375 0.06015625
9 0.64921875 0.31953125 0.0359375 0.08125
0 0.6125 0.44140625 0.021875 0.0359375
10 0.64140625 0.42421875 0.09296875 0.2984375
9 0.76015625 0.43046875 0.040625 0.06875
10 0.74140625 0.48828125 0.11484375 0.18046875
9 0.88515625 0.38671875 0.02421875 0.05546875
10 0.8703125 0.47421875 0.071875 0.234375
10 0.903125 0.58046875 0.0984375 0.35703125
5 0.9859375 0.75859375 0.0125 0.03359375
2 0.984375 0.7625 0.0234375 0.0546875
3 0.784375 0.35546875 0.02265625 0.0515625
10 0.77578125 0.378125 0.06796875 0.09296875
8 0.72265625 0.39609375 0.03203125 0.04921875
1 0.7125 0.39375 0.0578125 0.0984375
3 0.5953125 0.3234375 0.028125 0.05859375
10 0.584375 0.35390625 0.0640625 0.13515625
2 0.53203125 0.4203125 0.028125 0.04609375
2 0.3703125 0.42421875 0.03828125 0.03046875
2 0.4609375 0.40859375 0.0375 0.034375
0 0.315625 0.40859375 0.0359375 0.028125
3 0.31484375 0.34296875 0.02734375 0.05625
10 0.32265625 0.36875 0.08125 0.109375
0 0.19375 0.42578125 0.01640625 0.02421875
0 0.25703125 0.42109375 0.025 0.025
3 0.1921875 0.37421875 0.02578125 0.04453125
3 0.2515625 0.375 0.02578125 0.04609375
1 0.19921875 0.38515625 0.05859375 0.09453125
1 0.2546875 0.37421875 0.05703125 0.10546875
2 0.28828125 0.303125 0.02578125 0.0296875
2 0.346875 0.2921875 0.02421875 0.03203125
2 0.36953125 0.30859375 0.02578125 0.03515625
2 0.3953125 0.2953125 0.02890625 0.0203125
5 0.3640625 0.30546875 0.01875 0.0109375
3 0.33984375 0.21875 0.02109375 0.05390625
10 0.3453125 0.24140625 0.05546875 0.10078125
0 0.40546875 0.2765625 0.0265625 0.021875
3 0.40390625 0.21796875 0.02421875 0.053125
10 0.40703125 0.24140625 0.06484375 0.09609375
5 0.46796875 0.28125 0.01015625 0.02109375
9 0.45625 0.19375 0.02578125 0.04609375
10 0.46328125 0.22890625 0.04765625 0.11640625
5 0.52265625 0.29765625 0.01015625 0.01953125
5 0.53203125 0.2859375 0.01171875 0.01875
9 0.5265625 0.2109375 0.02578125 0.0453125
10 0.52890625 0.2390625 0.07421875 0.1015625
0 0.696875 0.29296875 0.02421875 0.0234375
2 0.72109375 0.31328125 0.0203125 0.03125
3 0.70078125 0.21875 0.01953125 0.0484375
10 0.6984375 0.24921875 0.05546875 0.10546875
0 0.759375 0.315625 0.0234375 0.02421875
3 0.759375 0.240625 0.02421875 0.053125
10 0.75234375 0.26875 0.0515625 0.1140625
0 0.35546875 0.134375 0.01171875 0.01484375
3 0.35625 0.0890625 0.0171875 0.03515625
10 0.35390625 0.10546875 0.04296875 0.06875
2 0.38203125 0.20625 0.02109375 0.025
3 0.40390625 0.13125 0.02109375 0.04609375
10 0.40390625 0.153125 0.04921875 0.08515625
3 0.38828125 0.090625 0.02109375 0.034375
3 0.434375 0.09140625 0.01796875 0.03515625
3 0.46015625 0.13125 0.02109375 0.04453125
3 0.48125 0.0765625 0.0171875 0.03515625
1 0.396875 0.1 0.03984375 0.06875
1 0.434375 0.1 0.03828125 0.05546875
10 0.48046875 0.090625 0.04921875 0.06484375
10 0.45703125 0.153125 0.05859375 0.0859375
0 0.42890625 0.11875 0.015625 0.015625
0 0.48203125 0.1140625 0.015625 0.01484375
0 0.50625 0.1890625 0.0171875 0.02578125
0 0.5734375 0.1984375 0.01796875 0.01796875
3 0.5125 0.14296875 0.02109375 0.04140625
10 0.509375 0.15625 0.046875 0.06796875
2 0.5328125 0.1265625 0.01796875 0.01953125
0 0.56875 0.1203125 0.01640625 0.01640625
3 0.571875 0.0859375 0.0171875 0.03203125
10 0.565625 0.096875 0.0484375 0.06015625
9 0.590625 0.1296875 0.02265625 0.04296875
10 0.57734375 0.15390625 0.0453125 0.08984375
2 0.61328125 0.12890625 0.01796875 0.01875
2 0.62265625 0.203125 0.021875 0.0234375
9 0.65859375 0.13046875 0.01953125 0.0390625
10 0.65703125 0.15625 0.04140625 0.08984375
2 0.6625 0.21796875 0.0421875 0.025
9 0.7015625 0.1453125 0.02109375 0.04296875
10 0.70625 0.16875 0.05546875 0.08359375
3 0.66015625 0.078125 0.01640625 0.0359375
10 0.65390625 0.09453125 0.03828125 0.0734375
3 0.6359375 0.03125 0.0125 0.03046875
0 0.63828125 0.06640625 0.0125 0.0140625
10 0.6359375 0.04453125 0.03671875 0.05703125
0 0.5953125 0.0640625 0.021875 0.015625
2 0.61015625 0.07890625 0.02265625 0.01171875
3 0.5890625 0.0234375 0.01484375 0.03125
10 0.590625 0.040625 0.04140625 0.065625
3 0.54375 0.02578125 0.01484375 0.03046875
7 0.5421875 0.0671875 0.03046875 0.025
7 0.51328125 0.065625 0.02578125 0.02578125
3 0.51171875 0.015625 0.01328125 0.0265625
10 0.509375 0.03203125 0.03671875 0.06328125
3 0.46640625 0.03046875 0.01484375 0.028125
10 0.47265625 0.03984375 0.034375 0.05
9 0.440625 0.03046875 0.0140625 0.028125
10 0.4359375 0.04296875 0.03828125 0.053125
3 0.3953125 0.0484375 0.01328125 0.0296875
1 0.38984375 0.05625 0.03671875 0.04921875
0 0.4 0.01953125 0.0109375 0.0140625
5 0.13828125 0.38203125 0.01484375 0.02109375
7 0.13359375 0.36328125 0.0296875 0.0265625
3 0.13046875 0.30546875 0.0203125 0.04296875
10 0.14375 0.32421875 0.04921875 0.08125
3 0.14375 0.22421875 0.01640625 0.03515625
10 0.1546875 0.24296875 0.04609375 0.075
2 0.18046875 0.2015625 0.01484375 0.01953125
2 0.2171875 0.1921875 0.01796875 0.01953125
3 0.1875 0.1484375 0.01328125 0.03125
3 0.21796875 0.15625 0.0140625 0.03828125
0 0.18828125 0.18125 0.015625 0.01796875
10 0.19296875 0.1625 0.0328125 0.05625
10 0.2265625 0.16875 0.0375 0.059375
0 0.20546875 0.13671875 0.0140625 0.01640625
3 0.20703125 0.10703125 0.0125 0.02578125
10 0.2125 0.11796875 0.03046875 0.046875
0 0.23828125 0.13046875 0.01484375 0.015625
3 0.23828125 0.0984375 0.01328125 0.0296875
3 0.24609375 0.10703125 0.03203125 0.0515625
5 0.2703125 0.08984375 0.00859375 0.009375
9 0.27578125 0.04375 0.01484375 0.02421875
10 0.28203125 0.05703125 0.03046875 0.05625
0 0.3015625 0.053125 0.01015625 0.01015625
3 0.303125 0.01953125 0.01171875 0.025
10 0.30859375 0.03125 0.0328125 0.05078125
1 0.36796875 0.01953125 0.03515625 0.03671875
6 0.71953125 0.02734375 0.01171875 0.02890625
10 0.71171875 0.0390625 0.0296875 0.05
3 0.746875 0.03671875 0.0109375 0.028125
10 0.74375 0.05 0.03203125 0.05
3 0.7421875 0.065625 0.01328125 0.025
10 0.7359375 0.08125 0.03515625 0.0546875
9 0.7734375 0.10703125 0.01875 0.03828125
10 0.76484375 0.128125 0.04140625 0.0765625
3 0.80390625 0.1171875 0.01484375 0.03203125
10 0.8 0.12890625 0.03046875 0.05390625
9 0.8140625 0.16875 0.01875 0.03984375
10 0.8 0.184375 0.04609375 0.06875
3 0.83125 0.17421875 0.01484375 0.03359375
10 0.83203125 0.190625 0.01796875 0.06875
3 0.86328125 0.3171875 0.02109375 0.04375
10 0.85703125 0.34296875 0.04140625 0.0953125
0 0.86875 0.38203125 0.0140625 0.01640625
3 0.9140625 0.35390625 0.01796875 0.040625
0 0.903125 0.3953125 0.0109375 0.02421875
1 0.90234375 0.36640625 0.0390625 0.0796875