10 0.1921875 0.165625 0.03203125 0.06171875
10 0.22578125 0.15390625 0.03984375 0.075
2 0.2171875 0.1921875 0.021875 0.025
10 0.2125 0.11953125 0.02890625 0.05078125
10 0.24609375 0.10859375 0.0328125 0.059375
10 0.28125 0.06640625 0.03359375 0.05390625
2 0.36875 0.040625 0.0140625 0.015625
1 0.390625 0.05703125 0.0390625 0.053125
10 0.35390625 0.10546875 0.04296875 0.07421875
1 0.39375 0.10078125 0.03984375 0.0703125
10 0.4296875 0.04375 0.03984375 0.06875
10 0.4703125 0.04375 0.03828125 0.0515625
10 0.509375 0.04140625 0.0390625 0.06171875
2 0.534375 0.128125 0.01875 0.0234375
10 0.54765625 0.03671875 0.03984375 0.0703125
10 0.590625 0.040625 0.0421875 0.06796875
10 0.63828125 0.0515625 0.040625 0.0515625
10 0.65390625 0.09921875 0.04453125 0.0734375
1 0.56640625 0.0984375 0.04921875 0.06328125
2 0.61328125 0.1296875 0.02109375 0.02421875
1 0.70546875 0.175 0.0609375 0.0796875
10 0.65546875 0.16328125 0.0453125 0.09609375
2 0.62265625 0.203125 0.02421875 0.03046875
2 0.45625 0.2046875 0.03359375 0.0296875
2 0.2875 0.30390625 0.02890625 0.03515625
0 0.40625 0.27734375 0.0265625 0.0265625
1 0.46796875 0.24921875 0.05703125 0.08125
10 0.53125 0.2453125 0.07421875 0.10546875
0 0.5265625 0.2859375 0.02578125 0.03828125
10 0.6984375 0.246875 0.05703125 0.10546875
10 0.75625 0.26796875 0.0609375 0.11953125
10 0.778125 0.38125 0.06796875 0.10625
1 0.71640625 0.39609375 0.065625 0.10625
1 0.65546875 0.36875 0.0640625 0.1296875
10 0.5890625 0.35703125 0.08125 0.134375
2 0.53203125 0.42109375 0.03046875 0.053125
2 0.46171875 0.4109375 0.03984375 0.04375
2 0.3703125 0.42578125 0.03984375 0.04375
1 0.325 0.36875 0.08203125 0.10625
10 0.26015625 0.36875 0.05625 0.12578125
1 0.2078125 0.3859375 0.05625 0.10546875
2 0.19765625 0.60546875 0.03359375 0.0609375
1 0.2703125 0.55625 0.090625 0.13203125
10 0.43203125 0.52734375 0.096875 0.14921875
1 0.75625 0.546875 0.07265625 0.13125
1 0.825 0.5484375 0.07109375 0.16953125
10 0.7125 0.03515625 0.0296875 0.06484375
10 0.73984375 0.07890625 0.0328125 0.06015625
10 0.79921875 0.13046875 0.034375 0.05625
10 0.82578125 0.19296875 0.02890625 0.065625
10 0.85390625 0.34375 0.053125 0.10703125
1 0.90078125 0.36796875 0.046875 0.08359375
10 0.9671875 0.69296875 0.06484375 0.09375
2 0.36953125 0.30625 0.02734375 0.03828125
10 0.48046875 0.090625 0.0484375 0.065625
7 0.51328125 0.06796875 0.02890625 0.02109375
10 0.5671875 0.15625 0.04609375 0.1140625
10 0.34296875 0.24296875 0.06015625 0.10625
10 0.40703125 0.2421875 0.06953125 0.103125
2 0.7296875 0.84453125 0.05546875 0.09375
10 0.90546875 0.49140625 0.06796875 0.115625
10 0.79140625 0.1796875 0.05078125 0.0703125
10 0.7640625 0.12421875 0.03984375 0.08125
7 0.6625 0.21484375 0.04296875 0.03515625
2 0.72265625 0.21796875 0.021875 0.025
10 0.12578125 0.41328125 0.07890625 0.20625
10 0.30859375 0.03203125 0.0328125 0.0515625
1 0.36640625 0.021875 0.03671875 0.04140625
10 0.51015625 0.14140625 0.06484375 0.10390625
10 0.45546875 0.15625 0.0578125 0.1046875
10 0.41328125 0.14296875 0.05 0.10859375
2 0.61015625 0.0765625 0.02109375 0.01875
1 0.14453125 0.553125 0.06640625 0.11015625
10 0.20703125 0.51875 0.06796875 0.13359375
10 0.34921875 0.5171875 0.06484375 0.16953125
10 0.59296875 0.49453125 0.0921875 0.16953125
2 0.60078125 0.60546875 0.03828125 0.071875
10 0.68046875 0.53671875 0.0859375 0.18125
10 0.67734375 0.73125 0.1109375 0.23125
9 0.11328125 0.34609375 0.03046875 0.06953125
10 0.1609375 0.31875 0.07109375 0.1890625
9 0.1484375 0.253125 0.02578125 0.05859375
9 0.13125 0.53125 0.03203125 0.05625
0 0.14140625 0.59453125 0.025 0.04375
3 0.20078125 0.4828125 0.02890625 0.0640625
5 0.1921875 0.60625 0.01796875 0.04375
3 0.26015625 0.53203125 0.03359375 0.0640625
0 0.26328125 0.60546875 0.034375 0.03515625
3 0.3390625 0.46875 0.03359375 0.0734375
0 0.3453125 0.58125 0.03125 0.03125
3 0.4234375 0.496875 0.034375 0.09375
0 0.42578125 0.58046875 0.03984375 0.03671875
3 0.6875 0.65859375 0.03203125 0.08125
6 0.59765625 0.45390625 0.03671875 0.07890625
3 0.69140625 0.496875 0.03671875 0.08046875
0 0.68515625 0.60625 0.03359375 0.03984375
3 0.7734375 0.53046875 0.03203125 0.06875
0 0.7765625 0.59375 0.03125 0.028125
2 0.76328125 0.6234375 0.03203125 0.04453125
3 0.83984375 0.53125 0.0359375 0.06796875
0 0.83515625 0.615625 0.03046875 0.040625
3 0.19453125 0.37421875 0.03046875 0.05625
0 0.19296875 0.42578125 0.01953125 0.03046875
3 0.259375 0.35390625 0.02421875 0.0546875
0 0.26015625 0.41953125 0.02578125 0.03046875
3 0.32265625 0.35546875 0.03125 0.06328125
0 0.31953125 0.40625 0.03125 0.03203125
3 0.59609375 0.3375 0.03203125 0.06015625
0 0.596875 0.40859375 0.0296875 0.02890625
5 0.6484375 0.43203125 0.01875 0.03671875
8 0.66328125 0.384375 0.02890625 0.06171875
8 0.72578125 0.403125 0.03515625 0.06328125
3 0.7875 0.35546875 0.02421875 0.05703125
0 0.7828125 0.41953125 0.03125 0.028125
3 0.7625 0.2390625 0.02578125 0.05546875
0 0.759375 0.31875 0.02578125 0.028125
3 0.7015625 0.221875 0.02265625 0.053125
0 0.7 0.28828125 0.02421875 0.0265625
3 0.53671875 0.228125 0.02578125 0.05390625
3 0.46875 0.24453125 0.028125 0.05625
0 0.4625 0.28359375 0.0203125 0.03515625
3 0.4046875 0.21953125 0.02578125 0.05859375
3 0.34375 0.221875 0.0234375 0.05859375
2 0.34765625 0.2921875 0.02734375 0.03984375
5 0.3828125 0.20390625 0.01171875 0.02109375
9 0.40859375 0.11328125 0.0265625 0.04609375
6 0.45703125 0.128125 0.02421875 0.0484375
0 0.4515625 0.19453125 0.025 0.021875
6 0.5078125 0.11328125 0.021875 0.04453125
5 0.5109375 0.1953125 0.01328125 0.021875
2 0.509375 0.19609375 0.0234375 0.03046875
3 0.56953125 0.125 0.02421875 0.05
7 0.575 0.2015625 0.02265625 0.03046875
3 0.6609375 0.13828125 0.021875 0.04453125
3 0.70625 0.1640625 0.021875 0.04375
3 0.66015625 0.08125 0.01953125 0.040625
3 0.4828125 0.07890625 0.01953125 0.03828125
0 0.484375 0.1171875 0.0171875 0.01796875
3 0.39296875 0.08671875 0.02109375 0.04296875
6 0.353125 0.08671875 0.01953125 0.0390625
0 0.35625 0.13359375 0.01484375 0.01796875
0 0.38984375 0.128125 0.0203125 0.01953125
3 0.5734375 0.0953125 0.021875 0.03671875
3 0.64140625 0.04296875 0.01640625 0.034375
0 0.596875 0.06328125 0.02265625 0.0203125
3 0.58828125 0.02421875 0.01640625 0.034375
7 0.54765625 0.06953125 0.03046875 0.02421875
6 0.546875 0.01875 0.015625 0.03359375
9 0.51171875 0.0265625 0.01640625 0.03046875
3 0.4703125 0.034375 0.01640625 0.03046875
9 0.42734375 0.02578125 0.01640625 0.03046875
2 0.43515625 0.075 0.02734375 0.0203125
5 0.42734375 0.071875 0.01171875 0.0109375
3 0.3953125 0.04921875 0.01484375 0.03125
3 0.371875 0.01171875 0.01484375 0.021875
3 0.303125 0.021875 0.0140625 0.02890625
3 0.271875 0.05625 0.01640625 0.03046875
3 0.2390625 0.09609375 0.015625 0.0296875
3 0.2078125 0.11171875 0.01328125 0.03046875
0 0.2390625 0.13125 0.01484375 0.015625
3 0.21640625 0.13359375 0.015625 0.03671875
3 0.18828125 0.15078125 0.01484375 0.03125
0 0.18984375 0.18359375 0.0171875 0.01796875
2 0.1796875 0.20234375 0.015625 0.0234375
5 0.98828125 0.7578125 0.01328125 0.03984375
2 0.984375 0.7640625 0.02421875 0.0640625
3 0.9265625 0.46328125 0.02421875 0.05546875
0 0.92578125 0.5390625 0.01953125 0.025
3 0.9125 0.35625 0.0203125 0.04921875
0 0.90390625 0.39609375 0.01796875 0.028125
0 0.86875 0.3859375 0.0171875 0.025
3 0.8640625 0.31875 0.02265625 0.05
3 0.83046875 0.18125 0.0171875 0.04140625
9 0.8046875 0.16796875 0.02109375 0.0390625
5 0.7921875 0.23046875 0.0125 0.0234375
3 0.80546875 0.1203125 0.0171875 0.0390625
3 0.771875 0.10625 0.01953125 0.04140625
0 0.77421875 0.1546875 0.0171875 0.0203125
3 0.74609375 0.065625 0.015625 0.03125
0 0.740625 0.103125 0.01640625 0.01953125
6 0.71640625 0.01953125 0.01328125 0.03046875
10 0.74140625 0.03828125 0.02890625 0.05
6 0.74140625 0.0265625 0.01328125 0.028125