1 0.1375 0.346875 0.04921875 0.07890625
7 0.12734375 0.37265625 0.02890625 0.03828125
2 0.1203125 0.4046875 0.02734375 0.028125
10 0.1515625 0.240625 0.05 0.08359375
10 0.19375 0.1640625 0.03125 0.06171875
10 0.21171875 0.12109375 0.02734375 0.05078125
10 0.284375 0.0609375 0.0328125 0.06171875
2 0.36875 0.03671875 0.0140625 0.01875
1 0.390625 0.0578125 0.0390625 0.053125
10 0.353125 0.10703125 0.0421875 0.0703125
10 0.39609375 0.0984375 0.04296875 0.07578125
10 0.43046875 0.05078125 0.03984375 0.05703125
10 0.46953125 0.046875 0.03828125 0.053125
10 0.51015625 0.040625 0.03828125 0.0640625
2 0.534375 0.128125 0.01875 0.0234375
10 0.546875 0.04609375 0.04296875 0.05703125
10 0.59296875 0.04765625 0.04765625 0.06015625
10 0.63828125 0.05078125 0.040625 0.06015625
10 0.653125 0.1 0.0421875 0.07421875
1 0.56796875 0.096875 0.04921875 0.06796875
2 0.61484375 0.13046875 0.02109375 0.02421875
1 0.70546875 0.17578125 0.06015625 0.08046875
10 0.6546875 0.16015625 0.04453125 0.1
2 0.6234375 0.20390625 0.02421875 0.03046875
2 0.28828125 0.303125 0.02890625 0.0359375
0 0.40625 0.27734375 0.0265625 0.0265625
1 0.46875 0.2515625 0.05546875 0.08671875
10 0.53046875 0.24453125 0.07265625 0.1015625
0 0.53203125 0.28203125 0.03203125 0.03125
10 0.69453125 0.25 0.06484375 0.13671875
10 0.753125 0.27265625 0.0609375 0.11953125
10 0.77890625 0.38125 0.06796875 0.10625
1 0.71796875 0.39765625 0.065625 0.10625
1 0.65625 0.36953125 0.0640625 0.1296875
10 0.5890625 0.35859375 0.08203125 0.14140625
2 0.53203125 0.42265625 0.03046875 0.053125
2 0.46171875 0.40703125 0.03984375 0.04453125
2 0.37109375 0.428125 0.03984375 0.04453125
10 0.32421875 0.36796875 0.08203125 0.13125
1 0.2546875 0.378125 0.06328125 0.128125
1 0.2015625 0.3890625 0.05859375 0.10703125
2 0.196875 0.60625 0.03359375 0.05703125
1 0.2703125 0.553125 0.08671875 0.13828125
10 0.43125 0.52734375 0.09453125 0.153125
1 0.75703125 0.5484375 0.071875 0.13203125
1 0.82421875 0.55078125 0.07421875 0.16953125
10 0.7125 0.03671875 0.03046875 0.0609375
10 0.73984375 0.078125 0.034375 0.05703125
10 0.79921875 0.1296875 0.03359375 0.05390625
10 0.82265625 0.1828125 0.025 0.08046875
10 0.85390625 0.3453125 0.053125 0.10703125
1 0.89609375 0.34921875 0.03984375 0.09453125
10 0.9671875 0.70078125 0.06484375 0.09375
2 0.36953125 0.3109375 0.028125 0.03984375
10 0.48125 0.0921875 0.04921875 0.06796875
7 0.51484375 0.06953125 0.02890625 0.02109375
1 0.57265625 0.16875 0.06328125 0.08046875
10 0.34375 0.25078125 0.0609375 0.121875
10 0.40703125 0.2421875 0.06953125 0.103125
2 0.72890625 0.846875 0.05546875 0.09375
10 0.90546875 0.49296875 0.0671875 0.11171875
10 0.79140625 0.18046875 0.04921875 0.07421875
10 0.7640625 0.12421875 0.03984375 0.08125
7 0.6625 0.21484375 0.03984375 0.03515625
2 0.7234375 0.21953125 0.02109375 0.021875
10 0.3078125 0.03203125 0.0328125 0.053125
1 0.3671875 0.021875 0.0359375 0.04296875
10 0.51171875 0.1609375 0.05859375 0.08359375
10 0.45546875 0.15546875 0.05703125 0.1015625
10 0.3953125 0.15078125 0.06484375 0.0953125
2 0.6109375 0.07734375 0.02109375 0.01953125
1 0.1515625 0.54453125 0.06015625 0.08125
10 0.2125 0.51953125 0.059375 0.13828125
10 0.34375 0.5234375 0.07109375 0.171875
10 0.6078125 0.50546875 0.09765625 0.16328125
2 0.596875 0.61015625 0.05078125 0.07578125
10 0.6828125 0.53828125 0.08203125 0.18125
10 0.67265625 0.73046875 0.11953125 0.209375
5 0.13828125 0.384375 0.01640625 0.02578125
3 0.12578125 0.33515625 0.021875 0.04609375
5 0.159375 0.27890625 0.0125 0.021875
2 0.18046875 0.20234375 0.01640625 0.0234375
3 0.190625 0.14921875 0.01484375 0.03046875
0 0.190625 0.18359375 0.01640625 0.015625
3 0.20859375 0.1125 0.01484375 0.03046875
10 0.23671875 0.19453125 0.05078125 0.2
9 0.23515625 0.115625 0.02109375 0.04296875
10 0.284375 0.14140625 0.0609375 0.1265625
3 0.28359375 0.10078125 0.02109375 0.04609375
9 0.27890625 0.0453125 0.015625 0.0296875
3 0.30234375 0.0234375 0.0140625 0.0296875
3 0.37109375 0.01328125 0.01484375 0.02421875
3 0.39609375 0.046875 0.015625 0.03359375
3 0.39375 0.08046875 0.01953125 0.040625
3 0.35234375 0.090625 0.01875 0.03671875
9 0.396875 0.12578125 0.02578125 0.0453125
1 0.4359375 0.103125 0.0453125 0.05625
3 0.4421875 0.0984375 0.02109375 0.0390625
0 0.4296875 0.12109375 0.0171875 0.02109375
3 0.42734375 0.0390625 0.01328125 0.03125
7 0.43515625 0.07421875 0.02734375 0.02109375
3 0.459375 0.13125 0.0234375 0.0515625
0 0.453125 0.1953125 0.02421875 0.021875
3 0.5125 0.14375 0.021875 0.04609375
0 0.5078125 0.1921875 0.01796875 0.0265625
3 0.48359375 0.0796875 0.01953125 0.03671875
3 0.46953125 0.03671875 0.01484375 0.03359375
3 0.5140625 0.02578125 0.01640625 0.03359375
0 0.484375 0.11640625 0.0171875 0.01640625
3 0.5515625 0.03671875 0.01640625 0.03203125
0 0.5765625 0.20078125 0.0203125 0.0203125
3 0.56640625 0.153125 0.02421875 0.04609375
3 0.5734375 0.08359375 0.01953125 0.03671875
0 0.56953125 0.12109375 0.01640625 0.0234375
7 0.54921875 0.07109375 0.02734375 0.02578125
3 0.59453125 0.0359375 0.0171875 0.0359375
0 0.59296875 0.06953125 0.015625 0.01875
3 0.640625 0.0421875 0.01640625 0.0359375
3 0.659375 0.08203125 0.01953125 0.0390625
3 0.659375 0.13359375 0.02109375 0.04375
3 0.7046875 0.16640625 0.02109375 0.04296875
3 0.7609375 0.240625 0.028125 0.05703125
0 0.76015625 0.31875 0.0265625 0.028125
9 0.69375 0.2078125 0.0265625 0.05078125
0 0.6984375 0.30546875 0.03046875 0.02890625
3 0.53671875 0.23046875 0.028125 0.053125
3 0.4734375 0.2375 0.0265625 0.053125
0 0.4625 0.28359375 0.0203125 0.0296875
3 0.4046875 0.22109375 0.02578125 0.06015625
3 0.3453125 0.221875 0.025 0.05859375
2 0.3484375 0.2921875 0.02578125 0.03828125
5 0.365625 0.3078125 0.0203125 0.01953125
3 0.190625 0.378125 0.02734375 0.04921875
0 0.19453125 0.43203125 0.0203125 0.0265625
0 0.2578125 0.42890625 0.0296875 0.02578125
3 0.31015625 0.33828125 0.03046875 0.0640625
0 0.31796875 0.41640625 0.03984375 0.03046875
3 0.596875 0.334375 0.03125 0.065625
0 0.596875 0.41171875 0.03046875 0.034375
8 0.6625 0.38359375 0.03046875 0.06015625
8 0.725 0.40078125 0.0359375 0.0609375
5 0.64765625 0.43203125 0.0171875 0.03203125
3 0.78671875 0.35625 0.02421875 0.05703125
0 0.784375 0.4234375 0.02734375 0.03046875
3 0.840625 0.52890625 0.03671875 0.06875
0 0.8359375 0.6140625 0.03046875 0.03671875
0 0.77578125 0.59453125 0.03203125 0.02578125
2 0.7640625 0.6234375 0.03046875 0.04921875
3 0.7734375 0.5328125 0.03359375 0.06953125
3 0.6921875 0.50625 0.0390625 0.07890625
0 0.6859375 0.60703125 0.03515625 0.04140625
9 0.63515625 0.46328125 0.03515625 0.078125
3 0.42421875 0.49453125 0.03203125 0.08828125
0 0.42578125 0.58515625 0.03671875 0.03359375
3 0.33984375 0.4765625 0.03125 0.0734375
0 0.340625 0.59453125 0.02734375 0.028125
3 0.25859375 0.52578125 0.0328125 0.065625
0 0.2625 0.60390625 0.03359375 0.03046875
3 0.20078125 0.48828125 0.03203125 0.06875
0 0.1984375 0.5734375 0.0265625 0.03046875
9 0.13671875 0.53203125 0.02890625 0.05390625
5 0.140625 0.60078125 0.01640625 0.0390625
2 0.13671875 0.60625 0.03203125 0.05859375
3 0.68671875 0.6671875 0.03671875 0.07890625
0 0.68046875 0.81171875 0.059375 0.04453125
0 0.98671875 0.75625 0.01953125 0.04375
0 0.92578125 0.5375 0.02265625 0.025
3 0.8640625 0.31875 0.021875 0.0515625
0 0.86953125 0.38671875 0.01640625 0.02421875
3 0.90546875 0.33359375 0.01875 0.0484375
0 0.9046875 0.3859375 0.01640625 0.02109375
3 0.8234375 0.1625 0.0171875 0.03828125
9 0.80546875 0.16953125 0.02109375 0.04140625
5 0.7921875 0.23046875 0.01171875 0.025
3 0.771875 0.10703125 0.0203125 0.04296875
0 0.7734375 0.15390625 0.01640625 0.02109375
3 0.80625 0.12109375 0.01484375 0.03671875
3 0.746875 0.06640625 0.015625 0.03046875
6 0.7171875 0.021875 0.0140625 0.03125
9 0.7453125 0.0359375 0.01484375 0.0296875