1 0.1390625 0.34453125 0.05390625 0.071875
7 0.1296875 0.37734375 0.02890625 0.03828125
2 0.1203125 0.4046875 0.02734375 0.028125
10 0.1484375 0.240625 0.028125 0.0765625
10 0.19375 0.1640625 0.03125 0.06171875
10 0.22734375 0.165625 0.03984375 0.06171875
2 0.2171875 0.1921875 0.021875 0.025
10 0.2109375 0.11875 0.02890625 0.04921875
10 0.246875 0.109375 0.03359375 0.05625
10 0.28125 0.06484375 0.03359375 0.05390625
2 0.36875 0.03671875 0.0140625 0.01875
1 0.390625 0.05625 0.0390625 0.053125
10 0.35390625 0.10546875 0.04296875 0.07421875
1 0.39453125 0.096875 0.04140625 0.075
10 0.43203125 0.04375 0.04140625 0.06015625
10 0.46953125 0.04296875 0.03515625 0.04921875
10 0.509375 0.040625 0.03828125 0.0640625
2 0.534375 0.128125 0.01875 0.0234375
10 0.54765625 0.04375 0.03984375 0.06015625
10 0.590625 0.03828125 0.04296875 0.06875
10 0.63828125 0.0484375 0.04296875 0.05703125
10 0.65390625 0.0984375 0.04375 0.07890625
10 0.56640625 0.090625 0.046875 0.0765625
2 0.61328125 0.1296875 0.02109375 0.02421875
1 0.70546875 0.1734375 0.06015625 0.08046875
10 0.65625 0.15546875 0.04296875 0.08125
2 0.62265625 0.203125 0.02421875 0.03046875
2 0.2875 0.30390625 0.02890625 0.03515625
0 0.40625 0.27734375 0.0265625 0.0265625
1 0.4703125 0.2453125 0.05390625 0.07578125
10 0.52890625 0.240625 0.07734375 0.11171875
0 0.51953125 0.290625 0.01640625 0.03515625
10 0.69765625 0.2484375 0.05703125 0.115625
10 0.75546875 0.27421875 0.0609375 0.11953125
10 0.778125 0.37890625 0.06796875 0.10625
1 0.71640625 0.396875 0.065625 0.10625
1 0.65546875 0.36875 0.0640625 0.1296875
10 0.5890625 0.35703125 0.08125 0.134375
2 0.53203125 0.41796875 0.03046875 0.053125
2 0.46171875 0.40703125 0.03984375 0.04453125
2 0.36953125 0.4234375 0.03984375 0.04453125
1 0.325 0.36953125 0.08203125 0.1109375
10 0.25703125 0.37265625 0.06640625 0.125
1 0.2 0.390625 0.059375 0.096875
0 0.19453125 0.59765625 0.034375 0.05625
10 0.27265625 0.54140625 0.090625 0.16640625
10 0.42890625 0.5109375 0.09296875 0.18046875
10 0.75859375 0.553125 0.07734375 0.15546875
1 0.825 0.5484375 0.07109375 0.16875
10 0.7125 0.03828125 0.03046875 0.05625
10 0.734375 0.0671875 0.03203125 0.06796875
10 0.80078125 0.13125 0.034375 0.05625
10 0.825 0.18984375 0.03359375 0.071875
10 0.85390625 0.34375 0.053125 0.10703125
1 0.9 0.36640625 0.04609375 0.0859375
10 0.96796875 0.69375 0.0640625 0.090625
2 0.36953125 0.3078125 0.028125 0.03984375
10 0.48125 0.09140625 0.04921875 0.0640625
2 0.49296875 0.1296875 0.0203125 0.02421875
7 0.51328125 0.06796875 0.02890625 0.02109375
10 0.58203125 0.153125 0.06875 0.11171875
10 0.34453125 0.24140625 0.059375 0.10546875
10 0.40703125 0.24140625 0.06953125 0.103125
2 0.69609375 0.63046875 0.03515625 0.05078125
2 0.7296875 0.84296875 0.05546875 0.09375
10 0.90546875 0.49375 0.06796875 0.10703125
10 0.78828125 0.18203125 0.040625 0.0796875
10 0.76328125 0.12421875 0.03984375 0.08125
2 0.66328125 0.21875 0.04296875 0.03125
2 0.72265625 0.21796875 0.021875 0.025
10 0.18671875 0.259375 0.0578125 0.18046875
10 0.30703125 0.03046875 0.034375 0.0515625
1 0.3671875 0.02109375 0.03515625 0.040625
10 0.51015625 0.15078125 0.05078125 0.09375
10 0.4546875 0.1515625 0.05546875 0.11015625
10 0.41328125 0.14296875 0.04921875 0.11015625
2 0.609375 0.07578125 0.02109375 0.01953125
1 0.1421875 0.55625 0.06640625 0.09296875
10 0.20625 0.54375 0.06953125 0.14296875
10 0.346875 0.51953125 0.06484375 0.16953125
10 0.59296875 0.49453125 0.1109375 0.1640625
2 0.60078125 0.60546875 0.03828125 0.071875
10 0.68203125 0.53671875 0.08125 0.184375
10 0.68046875 0.74453125 0.12578125 0.17890625
3 0.125 0.3421875 0.02109375 0.053125
3 0.1484375 0.2234375 0.01953125 0.04375
6 0.17265625 0.1953125 0.02265625 0.05390625
3 0.1890625 0.15078125 0.01484375 0.03046875
0 0.190625 0.18046875 0.01640625 0.01875
3 0.21640625 0.15390625 0.01484375 0.040625
3 0.20390625 0.11328125 0.01484375 0.03125
3 0.23828125 0.10078125 0.01484375 0.03046875
0 0.2390625 0.13046875 0.01640625 0.01484375
9 0.2734375 0.053125 0.01640625 0.028125
3 0.30390625 0.0203125 0.01484375 0.028125
3 0.35390625 0.090625 0.01640625 0.03828125
0 0.35625 0.13203125 0.0140625 0.01640625
3 0.39375 0.08203125 0.0203125 0.04296875
0 0.390625 0.128125 0.02109375 0.0203125
3 0.39609375 0.046875 0.01640625 0.03125
9 0.4375 0.03046875 0.015625 0.03359375
7 0.43515625 0.071875 0.028125 0.0234375
3 0.4609375 0.0359375 0.01484375 0.03125
3 0.48359375 0.07890625 0.0203125 0.040625
0 0.46328125 0.06328125 0.01796875 0.01875
0 0.484375 0.1171875 0.0171875 0.015625
9 0.51328125 0.02578125 0.01796875 0.03046875
3 0.5484375 0.0328125 0.01640625 0.034375
7 0.54375 0.06875 0.0234375 0.0234375
6 0.56953125 0.07109375 0.02109375 0.040625
3 0.58828125 0.0234375 0.01796875 0.034375
0 0.596875 0.06484375 0.02265625 0.021875
9 0.5796875 0.11875 0.025 0.04921875
7 0.575 0.20390625 0.02421875 0.03125
3 0.64296875 0.04140625 0.01796875 0.03984375
3 0.66015625 0.08046875 0.01953125 0.040625
3 0.66015625 0.13671875 0.02109375 0.04453125
3 0.70625 0.16328125 0.0234375 0.04453125
6 0.51484375 0.13046875 0.02265625 0.0515625
0 0.5078125 0.18828125 0.01796875 0.03046875
6 0.4546875 0.11875 0.02421875 0.04609375
6 0.41640625 0.1140625 0.02421875 0.05
0 0.45078125 0.19375 0.02578125 0.02578125
3 0.47265625 0.2484375 0.02578125 0.05625
0 0.46796875 0.28046875 0.0296875 0.028125
0 0.5375 0.28515625 0.02265625 0.0296875
5 0.38203125 0.20390625 0.0125 0.021875
3 0.40546875 0.21796875 0.02890625 0.06015625
3 0.34453125 0.21953125 0.02265625 0.06171875
2 0.34765625 0.29375 0.02578125 0.03671875
3 0.1921875 0.37890625 0.02578125 0.0515625
0 0.19375 0.42421875 0.0203125 0.02890625
0 0.25703125 0.4234375 0.03125 0.02890625
3 0.325 0.35546875 0.0359375 0.065625
3 0.2515625 0.35 0.028125 0.05703125
0 0.31953125 0.40703125 0.02734375 0.03203125
3 0.5953125 0.340625 0.03125 0.06171875
0 0.596875 0.40703125 0.03125 0.028125
5 0.64765625 0.43125 0.01796875 0.034375
8 0.66328125 0.38203125 0.03046875 0.05546875
8 0.72578125 0.40390625 0.0375 0.0609375
3 0.78671875 0.35625 0.02578125 0.05859375
0 0.7828125 0.41875 0.03125 0.0296875
3 0.7625 0.24296875 0.0265625 0.0546875
0 0.7609375 0.31796875 0.025 0.0265625
3 0.7 0.21953125 0.02265625 0.05390625
0 0.696875 0.2921875 0.0265625 0.0265625
2 0.72265625 0.3140625 0.021875 0.034375
3 0.84140625 0.53125 0.03515625 0.06796875
0 0.83125 0.60703125 0.02578125 0.03125
0 0.771875 0.615625 0.02578125 0.034375
3 0.77890625 0.51640625 0.03359375 0.06953125
3 0.68515625 0.484375 0.03984375 0.08125
3 0.6046875 0.4578125 0.03671875 0.0734375
6 0.421875 0.46484375 0.04140625 0.08359375
7 0.4265625 0.59921875 0.059375 0.07109375
3 0.3453125 0.47578125 0.03046875 0.07421875
0 0.34375 0.58359375 0.0328125 0.0359375
9 0.26328125 0.49140625 0.03671875 0.06484375
0 0.2578125 0.60546875 0.02265625 0.03671875
3 0.1921875 0.5125 0.03046875 0.06796875
3 0.13203125 0.55625 0.02734375 0.06015625
0 0.1390625 0.596875 0.025 0.04375
10 0.08046875 0.85546875 0.1296875 0.28671875
9 0.0375 0.7578125 0.03671875 0.09140625
3 0.70390625 0.71875 0.04296875 0.07890625
0 0.68671875 0.815625 0.0453125 0.03828125
5 0.9890625 0.75703125 0.01484375 0.03984375
2 0.98515625 0.7609375 0.02578125 0.059375
3 0.9265625 0.47109375 0.02421875 0.05625
0 0.92578125 0.5390625 0.01953125 0.0234375
3 0.86484375 0.31796875 0.02109375 0.053125
0 0.86875 0.384375 0.0140625 0.02421875
3 0.9125 0.35078125 0.01953125 0.04921875
0 0.9015625 0.39375 0.01796875 0.02578125
3 0.7984375 0.1765625 0.01875 0.04453125
3 0.83125 0.171875 0.01796875 0.0390625
0 0.7984375 0.2078125 0.01484375 0.01796875
3 0.80625 0.11875 0.01484375 0.0359375
3 0.771875 0.10625 0.01953125 0.04140625
0 0.77265625 0.15546875 0.01640625 0.02109375
6 0.73671875 0.05 0.0140625 0.03125
3 0.7203125 0.0265625 0.01328125 0.03125