0 0.1390625 0.59296875 0.021875 0.046875
2 0.13515625 0.60546875 0.02578125 0.0484375
0 0.19453125 0.596875 0.02890625 0.04453125
3 0.13203125 0.5453125 0.02578125 0.0484375
1 0.14140625 0.55625 0.06171875 0.08828125
3 0.18984375 0.51875 0.0265625 0.059375
10 0.20625 0.54296875 0.06796875 0.11953125
2 0.2546875 0.6140625 0.03046875 0.06015625
0 0.29140625 0.5890625 0.028125 0.0390625
9 0.309375 0.4984375 0.0359375 0.06875
10 0.29140625 0.54296875 0.07265625 0.1640625
0 0.33828125 0.61796875 0.025 0.04375
6 0.33828125 0.46171875 0.02890625 0.06953125
10 0.3484375 0.53046875 0.05234375 0.209375
0 0.37890625 0.534375 0.021875 0.05625
2 0.4265625 0.596875 0.059375 0.06953125
9 0.3921875 0.48125 0.04140625 0.07109375
10 0.40546875 0.51796875 0.07421875 0.153125
2 0.596875 0.60625 0.0484375 0.06953125
0 0.684375 0.60546875 0.03125 0.0390625
2 0.69453125 0.61875 0.03359375 0.0609375
3 0.68359375 0.48515625 0.02890625 0.08125
10 0.68046875 0.53203125 0.0765625 0.175
0 0.771875 0.6140625 0.02421875 0.02890625
2 0.76328125 0.6171875 0.02890625 0.05625
3 0.77890625 0.515625 0.02890625 0.06171875
10 0.75625 0.553125 0.07109375 0.146875
0 0.8359375 0.6140625 0.02890625 0.03671875
2 0.83828125 0.621875 0.034375 0.04375
3 0.84140625 0.53046875 0.03359375 0.0609375
10 0.82578125 0.54765625 0.06484375 0.16953125
9 0.61640625 0.44296875 0.034375 0.0734375
10 0.59140625 0.49296875 0.09921875 0.16953125
0 0.7828125 0.421875 0.028125 0.03125
3 0.78515625 0.353125 0.02265625 0.053125
10 0.77734375 0.38046875 0.0671875 0.1109375
8 0.72421875 0.39765625 0.0328125 0.05625
1 0.715625 0.39453125 0.06171875 0.10625
0 0.6515625 0.42890625 0.02265625 0.03515625
3 0.659375 0.34375 0.02578125 0.059375
1 0.6546875 0.36796875 0.05859375 0.1234375
0 0.596875 0.40546875 0.02734375 0.02421875
3 0.5953125 0.340625 0.02734375 0.05390625
10 0.5875 0.35625 0.07421875 0.12890625
2 0.53203125 0.41796875 0.028125 0.0453125
2 0.4609375 0.40625 0.03828125 0.03828125
2 0.36953125 0.4234375 0.03828125 0.03046875
0 0.31875 0.40546875 0.03203125 0.028125
3 0.32265625 0.35390625 0.02890625 0.05703125
1 0.32265625 0.36875 0.07890625 0.1
0 0.2546875 0.41875 0.028125 0.028125
3 0.25 0.37734375 0.0234375 0.046875
1 0.25390625 0.371875 0.059375 0.10625
0 0.19375 0.4234375 0.0171875 0.01875
3 0.19140625 0.37421875 0.02578125 0.04453125
1 0.1984375 0.38125 0.05703125 0.0953125
2 0.2875 0.30078125 0.02734375 0.03125
2 0.34765625 0.29140625 0.025 0.03515625
2 0.36953125 0.30625 0.02734375 0.03671875
5 0.3640625 0.30546875 0.01875 0.01328125
2 0.3953125 0.29375 0.03046875 0.02421875
0 0.40390625 0.271875 0.02578125 0.01875
6 0.346875 0.2125 0.0234375 0.05625
10 0.3453125 0.23671875 0.05625 0.10625
3 0.4015625 0.21796875 0.02421875 0.053125
10 0.40625 0.240625 0.06640625 0.10078125
5 0.46796875 0.28046875 0.01015625 0.0203125
3 0.46796875 0.2453125 0.0234375 0.05
1 0.46875 0.24375 0.0578125 0.06640625
0 0.51953125 0.29140625 0.01796875 0.03203125
0 0.53671875 0.28125 0.02109375 0.025
3 0.53515625 0.21796875 0.02578125 0.0515625
10 0.52890625 0.24375 0.07421875 0.10703125
0 0.696875 0.2921875 0.02421875 0.02890625
2 0.709375 0.30625 0.04375 0.03828125
0 0.76015625 0.31875 0.02421875 0.02578125
3 0.70234375 0.21796875 0.0203125 0.04921875
10 0.6984375 0.2515625 0.05625 0.11015625
3 0.76171875 0.2421875 0.0234375 0.053125
10 0.753125 0.26875 0.05390625 0.1140625
3 0.70703125 0.16171875 0.01953125 0.04375
1 0.70546875 0.1734375 0.0578125 0.0796875
2 0.6625 0.21875 0.0421875 0.028125
2 0.62265625 0.203125 0.021875 0.0234375
3 0.66015625 0.13125 0.01796875 0.04140625
10 0.65625 0.15625 0.04140625 0.08984375
9 0.56015625 0.11484375 0.02421875 0.040625
0 0.575 0.196875 0.0203125 0.01953125
10 0.56953125 0.1484375 0.05703125 0.10703125
0 0.50703125 0.1890625 0.01640625 0.02578125
3 0.51328125 0.14375 0.01953125 0.0390625
10 0.509375 0.15625 0.05 0.065625
0 0.453125 0.19296875 0.021875 0.01953125
3 0.453125 0.13046875 0.01953125 0.04453125
10 0.4546875 0.15546875 0.05390625 0.09296875
9 0.4109375 0.10625 0.02265625 0.04140625
10 0.40859375 0.140625 0.05078125 0.10703125
5 0.38203125 0.20390625 0.009375 0.01484375
2 0.38203125 0.20546875 0.02109375 0.028125
0 0.35625 0.13125 0.0140625 0.015625
3 0.35625 0.09765625 0.01640625 0.03203125
1 0.35390625 0.10703125 0.04453125 0.0609375
3 0.3921875 0.08046875 0.01953125 0.0390625
10 0.3953125 0.0984375 0.03671875 0.06953125
3 0.43203125 0.09296875 0.02109375 0.034375
1 0.4375 0.096875 0.0328125 0.04453125
0 0.484375 0.11640625 0.01640625 0.01328125
3 0.48125 0.07890625 0.0171875 0.03203125
10 0.47890625 0.09296875 0.05078125 0.0609375
2 0.49296875 0.1296875 0.01953125 0.01875
2 0.534375 0.12578125 0.01796875 0.01953125
3 0.57265625 0.09375 0.01796875 0.028125
1 0.565625 0.09375 0.0515625 0.05390625
2 0.61328125 0.12890625 0.01875 0.0203125
3 0.659375 0.08046875 0.01796875 0.03671875
10 0.653125 0.09921875 0.0421875 0.06953125
0 0.64140625 0.06796875 0.0125 0.0140625
3 0.63828125 0.034375 0.01328125 0.03125
10 0.6359375 0.04453125 0.03671875 0.05625
2 0.609375 0.07734375 0.02109375 0.015625
0 0.5953125 0.0625 0.02109375 0.01953125
3 0.58828125 0.021875 0.01484375 0.03125
10 0.590625 0.040625 0.0421875 0.06796875
7 0.5484375 0.06875 0.025 0.0203125
3 0.553125 0.0359375 0.0140625 0.03046875
1 0.54765625 0.04375 0.040625 0.05
7 0.51328125 0.06875 0.02734375 0.0203125
3 0.51328125 0.02421875 0.01328125 0.03125
10 0.509375 0.03984375 0.0359375 0.059375
3 0.4625 0.04296875 0.01484375 0.0265625
1 0.46875 0.04375 0.03359375 0.03515625
9 0.43515625 0.03046875 0.01484375 0.02890625
5 0.4265625 0.071875 0.009375 0.00625
10 0.43203125 0.04296875 0.04296875 0.05859375
3 0.39453125 0.046875 0.01328125 0.03046875
1 0.390625 0.05546875 0.03671875 0.0484375
0 0.3015625 0.053125 0.01171875 0.01015625
3 0.303125 0.01796875 0.01328125 0.025
10 0.30703125 0.03125 0.03359375 0.05078125
6 0.278125 0.02421875 0.01328125 0.03046875
9 0.27265625 0.05078125 0.01484375 0.025
10 0.2828125 0.06171875 0.03515625 0.05546875
5 0.2703125 0.08984375 0.009375 0.009375
0 0.2390625 0.13046875 0.01484375 0.015625
3 0.23828125 0.0984375 0.01484375 0.03046875
10 0.246875 0.109375 0.03359375 0.05625
3 0.203125 0.10546875 0.01328125 0.02421875
10 0.21015625 0.11875 0.03046875 0.05
2 0.21796875 0.19140625 0.01953125 0.0203125
3 0.215625 0.15390625 0.0140625 0.0390625
10 0.22578125 0.16015625 0.03828125 0.05546875
0 0.18828125 0.18125 0.015625 0.015625
2 0.18046875 0.2 0.01484375 0.01875
3 0.18828125 0.14765625 0.01328125 0.03046875
10 0.19296875 0.16171875 0.03203125 0.05546875
5 0.159375 0.27890625 0.0109375 0.01796875
9 0.140625 0.20546875 0.0171875 0.03515625
10 0.153125 0.23125 0.0421875 0.08203125
5 0.1375 0.38125 0.01484375 0.02109375
7 0.12890625 0.36640625 0.03359375 0.05
3 0.1234375 0.3234375 0.02109375 0.04453125
10 0.1375 0.340625 0.04921875 0.0734375
2 0.11875 0.403125 0.02578125 0.025
0 0.9875 0.75625 0.01640625 0.034375
0 0.92578125 0.5390625 0.01796875 0.0234375
3 0.928125 0.46875 0.02265625 0.0515625
10 0.90625 0.49375 0.06484375 0.10703125
2 0.921875 0.5421875 0.02421875 0.046875
0 0.86875 0.384375 0.0140625 0.01875
2 0.865625 0.390625 0.02578125 0.03203125
0 0.9015625 0.39296875 0.01328125 0.0265625
3 0.91328125 0.35390625 0.01875 0.04140625
1 0.9 0.36796875 0.0453125 0.08125
3 0.8640625 0.3171875 0.02109375 0.046875
10 0.85390625 0.34375 0.04765625 0.10390625
3 0.79765625 0.16875 0.01796875 0.03671875
3 0.83203125 0.17265625 0.015625 0.03046875
10 0.78828125 0.18046875 0.03671875 0.06875
10 0.8234375 0.190625 0.03359375 0.065625
0 0.77265625 0.1546875 0.01484375 0.01640625
3 0.76953125 0.1046875 0.01640625 0.0390625
10 0.76328125 0.11953125 0.03828125 0.078125
6 0.80625 0.11796875 0.0140625 0.034375
10 0.79921875 0.1296875 0.0359375 0.05703125
0 0.740625 0.10390625 0.01484375 0.01640625
3 0.74375 0.06484375 0.01484375 0.028125
10 0.734375 0.0796875 0.03671875 0.05703125
3 0.7203125 0.028125 0.0125 0.02890625
10 0.7125 0.040625 0.03046875 0.053125
3 0.74609375 0.03828125 0.0109375 0.0265625
10 0.74375 0.05078125 0.0328125 0.05078125
2 0.72890625 0.84375 0.05078125 0.0890625
0 0.68671875 0.81640625 0.03984375 0.03515625
3 0.70390625 0.71484375 0.03671875 0.07421875
10 0.67734375 0.74296875 0.12109375 0.1734375