2 0.1296875 0.36953125 0.02421875 0.0390625
5 0.1375 0.38046875 0.01484375 0.0203125
3 0.12421875 0.3265625 0.0203125 0.040625
10 0.1375 0.33515625 0.046875 0.05703125
3 0.14765625 0.215625 0.01796875 0.0390625
10 0.15390625 0.234375 0.04375 0.08046875
5 0.159375 0.278125 0.0109375 0.01796875
2 0.1796875 0.20078125 0.01484375 0.01953125
2 0.2171875 0.1921875 0.01953125 0.02109375
3 0.1859375 0.153125 0.01328125 0.0265625
10 0.1921875 0.165625 0.03125 0.05390625
3 0.2171875 0.15546875 0.01328125 0.0390625
10 0.22421875 0.15859375 0.0328125 0.0484375
0 0.20859375 0.1390625 0.0140625 0.0140625
3 0.20703125 0.1109375 0.01015625 0.03046875
10 0.2125 0.11875 0.0265625 0.0484375
0 0.23828125 0.13046875 0.015625 0.0140625
3 0.23828125 0.096875 0.01328125 0.03125
10 0.2453125 0.10703125 0.03046875 0.05390625
5 0.2625 0.09375 0.00859375 0.009375
3 0.2640625 0.06875 0.01484375 0.0296875
1 0.2765625 0.0703125 0.04296875 0.040625
3 0.28125 0.03046875 0.0140625 0.03046875
3 0.30234375 0.02109375 0.0140625 0.0234375
1 0.27890625 0.0359375 0.02734375 0.04453125
10 0.30859375 0.03046875 0.03203125 0.0484375
2 0.72890625 0.84375 0.05078125 0.0890625
0 0.71953125 0.74375 0.02578125 0.0703125
9 0.70625 0.65546875 0.0390625 0.07421875
10 0.66953125 0.70703125 0.12734375 0.17578125
0 0.1390625 0.603125 0.02109375 0.03046875
3 0.13203125 0.54375 0.02421875 0.05546875
1 0.1453125 0.56171875 0.06953125 0.10546875
9 0.20859375 0.50546875 0.02578125 0.0609375
10 0.209375 0.53125 0.06015625 0.1140625
0 0.26171875 0.60390625 0.03359375 0.028125
2 0.26171875 0.61015625 0.0359375 0.05546875
3 0.25703125 0.53203125 0.028125 0.06171875
1 0.2703125 0.55546875 0.08515625 0.1203125
0 0.346875 0.603125 0.0328125 0.0296875
3 0.340625 0.48125 0.028125 0.06953125
10 0.346875 0.53046875 0.071875 0.171875
2 0.43125 0.5984375 0.0578125 0.065625
0 0.42890625 0.56796875 0.02890625 0.02421875
3 0.42890625 0.471875 0.03359375 0.06875
10 0.4296875 0.509375 0.08984375 0.14453125
2 0.596875 0.6078125 0.0484375 0.0640625
0 0.6921875 0.6046875 0.02109375 0.03359375
2 0.690625 0.61875 0.03203125 0.0515625
9 0.6890625 0.46875 0.034375 0.078125
10 0.6828125 0.5265625 0.084375 0.18828125
0 0.7734375 0.5984375 0.028125 0.03046875
2 0.76328125 0.62578125 0.02890625 0.0390625
3 0.775 0.53125 0.03046875 0.0640625
1 0.75625 0.54765625 0.0671875 0.13046875
0 0.83203125 0.60625 0.02265625 0.028125
2 0.83828125 0.61875 0.034375 0.04375
3 0.84140625 0.528125 0.03203125 0.059375
1 0.82421875 0.54375 0.0703125 0.153125
0 0.78515625 0.42109375 0.028125 0.02421875
3 0.78828125 0.3734375 0.02265625 0.04453125
1 0.778125 0.3890625 0.0671875 0.08984375
8 0.725 0.3984375 0.034375 0.0546875
1 0.715625 0.39453125 0.0609375 0.103125
5 0.64765625 0.43125 0.015625 0.02890625
8 0.6625 0.38125 0.028125 0.05625
1 0.65546875 0.36875 0.06015625 0.12421875
0 0.59765625 0.40859375 0.02734375 0.03125
3 0.59453125 0.33515625 0.02734375 0.05546875
10 0.58828125 0.35625 0.075 0.13125
2 0.4609375 0.40703125 0.03671875 0.03671875
2 0.53125 0.41875 0.02890625 0.04609375
2 0.36953125 0.4234375 0.03828125 0.03046875
0 0.31640625 0.40546875 0.03046875 0.03203125
3 0.31640625 0.34453125 0.02734375 0.06015625
1 0.32265625 0.36875 0.078125 0.10390625
0 0.25859375 0.4234375 0.0265625 0.03125
3 0.25625 0.37734375 0.02421875 0.046875
1 0.2546875 0.37421875 0.06171875 0.10625
0 0.19453125 0.43046875 0.01796875 0.021875
3 0.190625 0.3796875 0.0265625 0.04609375
1 0.2 0.390625 0.053125 0.1015625
2 0.28828125 0.3015625 0.02734375 0.03046875
7 0.36328125 0.28125 0.02578125 0.0390625
9 0.34453125 0.2078125 0.021875 0.05078125
10 0.34453125 0.24296875 0.06640625 0.11484375
5 0.3640625 0.30625 0.01953125 0.01171875
7 0.34296875 0.2921875 0.02734375 0.03046875
9 0.38828125 0.21796875 0.02890625 0.05078125
10 0.40546875 0.25390625 0.06171875 0.1203125
0 0.4625 0.28125 0.01796875 0.03046875
3 0.46875 0.2234375 0.02578125 0.0546875
1 0.46875 0.2421875 0.05234375 0.0859375
5 0.5234375 0.29453125 0.009375 0.01953125
0 0.53828125 0.27265625 0.01640625 0.01953125
2 0.52890625 0.29453125 0.02890625 0.03515625
3 0.53125 0.2140625 0.02109375 0.0515625
10 0.53125 0.240625 0.0703125 0.10703125
0 0.75703125 0.31796875 0.025 0.025
3 0.75703125 0.23671875 0.02265625 0.05546875
10 0.753125 0.26796875 0.05234375 0.11953125
0 0.70078125 0.29453125 0.02421875 0.021875
3 0.70625 0.23515625 0.02265625 0.04453125
10 0.69765625 0.26015625 0.059375 0.09453125
3 0.70703125 0.1609375 0.02109375 0.04453125
1 0.7046875 0.17421875 0.059375 0.08046875
2 0.66171875 0.21796875 0.04140625 0.0265625
2 0.621875 0.203125 0.0234375 0.02421875
9 0.66015625 0.13203125 0.01953125 0.03671875
10 0.65390625 0.16171875 0.04140625 0.09375
5 0.57890625 0.2046875 0.01640625 0.009375
2 0.575 0.2 0.02578125 0.03125
9 0.58125 0.11875 0.02265625 0.04140625
10 0.57578125 0.14296875 0.05390625 0.08984375
0 0.50625 0.19296875 0.0234375 0.01875
3 0.50859375 0.12421875 0.01796875 0.04375
10 0.51015625 0.15 0.05625 0.09453125
0 0.4515625 0.19375 0.02421875 0.0203125
3 0.46015625 0.1296875 0.01875 0.04609375
10 0.4546875 0.15546875 0.053125 0.0984375
9 0.40078125 0.1203125 0.02265625 0.04609375
10 0.40390625 0.15234375 0.05625 0.1046875
7 0.26640625 0.22890625 0.025 0.03203125
3 0.2515625 0.15703125 0.01875 0.0359375
10 0.265625 0.18125 0.0609375 0.09921875
9 0.31796875 0.11875 0.0203125 0.04296875
10 0.31796875 0.1546875 0.0546875 0.10703125
0 0.35390625 0.13203125 0.01484375 0.01484375
3 0.35234375 0.08984375 0.01640625 0.03359375
10 0.35390625 0.10546875 0.04296875 0.06640625
3 0.39453125 0.084375 0.02109375 0.03046875
1 0.39609375 0.09609375 0.04140625 0.06328125
0 0.4296875 0.11796875 0.01484375 0.01953125
3 0.43515625 0.09296875 0.01875 0.03203125
1 0.43203125 0.10078125 0.03671875 0.04921875
0 0.484375 0.11640625 0.015625 0.01484375
3 0.48359375 0.07890625 0.0171875 0.03515625
10 0.48046875 0.0921875 0.0484375 0.06171875
2 0.53359375 0.12734375 0.0171875 0.02109375
3 0.56640625 0.08046875 0.01953125 0.03515625
1 0.56875 0.09375 0.04296875 0.06328125
2 0.61328125 0.128125 0.01953125 0.02109375
3 0.65546875 0.08046875 0.01796875 0.0359375
10 0.653125 0.09609375 0.0453125 0.0734375
3 0.64140625 0.0359375 0.0125 0.03046875
10 0.63828125 0.046875 0.0375 0.05546875
2 0.61015625 0.0796875 0.021875 0.01328125
0 0.5953125 0.06640625 0.009375 0.01328125
3 0.59375 0.03203125 0.01484375 0.034375
1 0.59140625 0.04375 0.04921875 0.05546875
7 0.54453125 0.06875 0.021875 0.021875
3 0.55078125 0.0359375 0.01484375 0.03046875
1 0.54921875 0.04375 0.03828125 0.04921875
2 0.51328125 0.06796875 0.02734375 0.01796875
9 0.51953125 0.028125 0.01484375 0.03046875
10 0.51640625 0.04140625 0.02734375 0.05625
3 0.4640625 0.02890625 0.01484375 0.0296875
10 0.46953125 0.0390625 0.03515625 0.053125
0 0.4375 0.06640625 0.02109375 0.01328125
3 0.43515625 0.03046875 0.01328125 0.0296875
10 0.43203125 0.04296875 0.03984375 0.0546875
3 0.3953125 0.04765625 0.01328125 0.03046875
1 0.390625 0.05625 0.03828125 0.04921875
0 0.4 0.01875 0.01328125 0.01484375
0 0.98203125 0.75546875 0.015625 0.03203125
2 0.9859375 0.77421875 0.01875 0.03125
0 0.92578125 0.53671875 0.01796875 0.01875
2 0.921875 0.5421875 0.0234375 0.046875
3 0.92734375 0.46484375 0.02109375 0.05
10 0.90625 0.49375 0.06328125 0.10703125
0 0.86875 0.384375 0.0140625 0.01953125
2 0.86328125 0.390625 0.02578125 0.03359375
3 0.8640625 0.3171875 0.01796875 0.04140625
10 0.8546875 0.34296875 0.04765625 0.103125
3 0.89453125 0.31875 0.01875 0.040625
10 0.88828125 0.33203125 0.03203125 0.08203125
3 0.803125 0.16640625 0.0171875 0.03828125
5 0.7921875 0.23046875 0.009375 0.01484375
10 0.78828125 0.18125 0.04609375 0.06796875
3 0.828125 0.17734375 0.015625 0.03828125
10 0.8234375 0.190625 0.02578125 0.0640625
0 0.77265625 0.1546875 0.01484375 0.01875
3 0.80703125 0.11796875 0.01484375 0.034375
3 0.77109375 0.10546875 0.0171875 0.03515625
10 0.76328125 0.1265625 0.03828125 0.07421875
10 0.80078125 0.13046875 0.034375 0.05546875
0 0.74140625 0.103125 0.01484375 0.01640625
3 0.746875 0.0671875 0.0140625 0.025
10 0.73828125 0.08125 0.03359375 0.05625
9 0.74921875 0.03984375 0.0140625 0.02421875
10 0.74453125 0.053125 0.03046875 0.05
3 0.72265625 0.0265625 0.0125 0.028125
10 0.715625 0.0359375 0.02734375 0.04609375