2 0.11875 0.40390625 0.02578125 0.02578125
5 0.1375 0.38125 0.0140625 0.021875
7 0.1296875 0.371875 0.02421875 0.03984375
3 0.12578125 0.33125 0.01796875 0.04296875
10 0.13984375 0.34296875 0.0453125 0.065625
5 0.1578125 0.278125 0.01171875 0.01796875
3 0.146875 0.2125 0.01640625 0.04140625
10 0.15546875 0.2359375 0.04140625 0.090625
2 0.1796875 0.20078125 0.01484375 0.01875
2 0.21796875 0.19140625 0.01953125 0.0203125
3 0.18828125 0.15 0.01484375 0.0296875
3 0.21875 0.1546875 0.0140625 0.03671875
0 0.190625 0.18359375 0.015625 0.01484375
10 0.19375 0.1625 0.0328125 0.05625
10 0.228125 0.165625 0.03828125 0.06015625
0 0.2078125 0.13984375 0.01484375 0.01484375
3 0.20703125 0.1109375 0.01171875 0.03125
10 0.2125 0.11953125 0.02890625 0.04921875
6 0.24140625 0.0828125 0.01171875 0.02890625
10 0.24453125 0.10546875 0.034375 0.071875
5 0.26328125 0.09296875 0.009375 0.01015625
3 0.26328125 0.06875 0.01484375 0.02890625
3 0.2765625 0.071875 0.04296875 0.03671875
3 0.275 0.03046875 0.0125 0.028125
3 0.30546875 0.01796875 0.01171875 0.025
1 0.27734375 0.0375 0.03203125 0.04375
0 0.3015625 0.053125 0.01015625 0.01328125
10 0.30703125 0.03046875 0.03125 0.05
3 0.3578125 0.08125 0.01484375 0.03359375
3 0.3921875 0.084375 0.01875 0.0359375
3 0.3953125 0.04765625 0.01328125 0.03046875
3 0.440625 0.10390625 0.0171875 0.0296875
0 0.35625 0.11875 0.01171875 0.01484375
0 0.38671875 0.12578125 0.0171875 0.01875
0 0.428125 0.06796875 0.01796875 0.0140625
0 0.46796875 0.059375 0.0203125 0.01328125
6 0.4265625 0.034375 0.01328125 0.03125
5 0.43125 0.13125 0.0078125 0.0140625
10 0.35625 0.10078125 0.0390625 0.06953125
10 0.3953125 0.0984375 0.03984375 0.06953125
10 0.4296875 0.046875 0.04140625 0.05546875
1 0.38984375 0.05625 0.03671875 0.05078125
1 0.434375 0.10703125 0.03984375 0.0484375
3 0.46875 0.03125 0.01328125 0.028125
3 0.484375 0.078125 0.01953125 0.03359375
3 0.51328125 0.03046875 0.01484375 0.0296875
3 0.55390625 0.04140625 0.01484375 0.028125
3 0.56640625 0.0796875 0.01796875 0.03359375
0 0.484375 0.11640625 0.0171875 0.01484375
10 0.48203125 0.09140625 0.05078125 0.06328125
10 0.51171875 0.0453125 0.0390625 0.0609375
10 0.56875 0.09296875 0.04453125 0.06171875
1 0.55 0.0453125 0.03984375 0.05
10 0.46953125 0.04296875 0.03671875 0.05
2 0.5328125 0.078125 0.025 0.01640625
2 0.53359375 0.1265625 0.01796875 0.01875
2 0.5953125 0.065625 0.01015625 0.01640625
3 0.59375 0.03359375 0.01484375 0.03359375
3 0.64375 0.04296875 0.0140625 0.03125
9 0.65703125 0.06953125 0.015625 0.0359375
2 0.6109375 0.07890625 0.02109375 0.01328125
2 0.61328125 0.128125 0.01953125 0.01953125
1 0.59453125 0.04453125 0.046875 0.0546875
10 0.653125 0.09296875 0.0453125 0.08203125
10 0.6375 0.0515625 0.03671875 0.04921875
2 0.621875 0.20390625 0.0234375 0.02578125
2 0.6625 0.21796875 0.04453125 0.0265625
2 0.72109375 0.215625 0.0234375 0.02578125
0 0.70078125 0.296875 0.02421875 0.0234375
0 0.75703125 0.3171875 0.02421875 0.025
0 0.703125 0.20625 0.01796875 0.0234375
2 0.721875 0.31484375 0.02109375 0.0296875
3 0.659375 0.13671875 0.01953125 0.04296875
3 0.70703125 0.16328125 0.01875 0.03828125
3 0.70078125 0.24375 0.02109375 0.0484375
3 0.759375 0.240625 0.0234375 0.0515625
10 0.696875 0.26328125 0.05859375 0.09453125
10 0.753125 0.26953125 0.05390625 0.11171875
10 0.65390625 0.1609375 0.04453125 0.09453125
1 0.70625 0.1765625 0.05859375 0.075
3 0.58515625 0.128125 0.02421875 0.04296875
3 0.4546875 0.13046875 0.02109375 0.04609375
3 0.53203125 0.22109375 0.021875 0.05078125
2 0.575 0.20078125 0.02421875 0.03046875
2 0.51015625 0.19609375 0.01953125 0.0234375
2 0.45390625 0.20546875 0.02265625 0.025
2 0.52890625 0.2953125 0.02890625 0.03515625
9 0.4734375 0.21875 0.02578125 0.0484375
9 0.40625 0.13046875 0.0203125 0.0484375
9 0.509375 0.128125 0.02265625 0.04296875
0 0.46484375 0.28046875 0.02578125 0.02421875
0 0.51953125 0.29140625 0.01953125 0.0296875
0 0.53828125 0.275 0.01875 0.0203125
10 0.46796875 0.24296875 0.05546875 0.096875
10 0.53125 0.24453125 0.07265625 0.1046875
0 0.60078125 0.1609375 0.01796875 0.02890625
10 0.578125 0.1484375 0.06015625 0.08359375
10 0.509375 0.15078125 0.0515625 0.08828125
10 0.45546875 0.1515625 0.0546875 0.08984375
5 0.50859375 0.19609375 0.0171875 0.01015625
7 0.34140625 0.29140625 0.02578125 0.034375
10 0.403125 0.15625 0.053125 0.10390625
5 0.3640625 0.30546875 0.01953125 0.01328125
3 0.35078125 0.24921875 0.02265625 0.04453125
1 0.34375 0.259375 0.06328125 0.08125
3 0.40234375 0.21796875 0.02578125 0.05078125
2 0.36875 0.30859375 0.0265625 0.0359375
2 0.39609375 0.29453125 0.03046875 0.02421875
0 0.40078125 0.2765625 0.02578125 0.02421875
10 0.40703125 0.24296875 0.06484375 0.103125
2 0.28828125 0.30390625 0.02734375 0.03359375
2 0.2640625 0.2296875 0.025 0.02421875
2 0.31875 0.21875 0.0203125 0.01875
3 0.3 0.1609375 0.02265625 0.040625
9 0.271875 0.165625 0.01796875 0.03828125
10 0.26875 0.1859375 0.04765625 0.08125
10 0.3140625 0.19140625 0.04921875 0.096875
3 0.19140625 0.38046875 0.025 0.0484375
0 0.19375 0.4296875 0.0171875 0.02421875
1 0.2 0.3890625 0.0578125 0.096875
5 0.2625 0.42890625 0.0203125 0.0234375
3 0.25234375 0.36171875 0.0234375 0.05390625
10 0.2546875 0.38046875 0.06328125 0.1109375
0 0.315625 0.403125 0.0328125 0.03359375
3 0.315625 0.34921875 0.0265625 0.05703125
10 0.321875 0.36875 0.0796875 0.1
2 0.36953125 0.42421875 0.03828125 0.034375
2 0.4609375 0.4078125 0.03828125 0.0359375
2 0.53203125 0.41953125 0.02890625 0.0484375
0 0.596875 0.4109375 0.02734375 0.03125
3 0.5953125 0.3359375 0.02734375 0.05546875
10 0.5875 0.35703125 0.07421875 0.1296875
5 0.64765625 0.43125 0.01640625 0.03046875
8 0.6625 0.38046875 0.0265625 0.04921875
8 0.72265625 0.3984375 0.03046875 0.0453125
1 0.65390625 0.36796875 0.06015625 0.1234375
1 0.71640625 0.39375 0.06171875 0.096875
0 0.784375 0.425 0.0265625 0.0203125
3 0.78515625 0.37421875 0.021875 0.0453125
1 0.77890625 0.390625 0.06640625 0.08828125
0 0.77578125 0.60390625 0.02578125 0.02578125
0 0.83359375 0.6109375 0.02421875 0.0296875
6 0.7734375 0.509375 0.02890625 0.06875
3 0.84140625 0.52890625 0.03046875 0.0609375
3 0.7625 0.6265625 0.03046875 0.03671875
2 0.83828125 0.61953125 0.03359375 0.04296875
1 0.75625 0.54296875 0.06796875 0.13359375
1 0.82265625 0.54375 0.06640625 0.1515625
0 0.68515625 0.60234375 0.03046875 0.034375
3 0.68515625 0.49375 0.03046875 0.071875
10 0.68515625 0.53203125 0.07421875 0.165625
3 0.64375 0.54140625 0.03828125 0.08046875
1 0.60859375 0.60546875 0.1109375 0.28125
2 0.72890625 0.84375 0.05078125 0.0890625
3 0.68125 0.6515625 0.03125 0.0734375
0 0.68984375 0.80625 0.03515625 0.03203125
10 0.66328125 0.71875 0.1125 0.20546875
9 0.3484375 0.4796875 0.02890625 0.06328125
3 0.409375 0.4578125 0.0328125 0.0734375
0 0.34765625 0.60625 0.03203125 0.0359375
5 0.4234375 0.59453125 0.015625 0.03828125
2 0.43203125 0.59921875 0.05859375 0.059375
10 0.3453125 0.5328125 0.071875 0.17890625
10 0.4234375 0.49765625 0.075 0.1546875
2 0.259375 0.61875 0.0328125 0.04609375
2 0.1953125 0.60546875 0.03203125 0.05546875
2 0.134375 0.60625 0.02734375 0.05
5 0.13828125 0.60625 0.01484375 0.03203125
5 0.19609375 0.5984375 0.0140625 0.034375
3 0.25390625 0.503125 0.03046875 0.059375
10 0.27265625 0.5390625 0.07265625 0.1390625
10 0.221875 0.52265625 0.0484375 0.11796875
3 0.14921875 0.56171875 0.02578125 0.05546875
1 0.159375 0.56875 0.0796875 0.10390625
0 0.16796875 0.60546875 0.01484375 0.03203125
0 0.984375 0.75234375 0.01640625 0.03984375
2 0.98515625 0.76796875 0.02109375 0.04140625
2 0.921875 0.540625 0.0234375 0.046875
0 0.92578125 0.5375 0.01796875 0.01953125
3 0.92578125 0.46484375 0.02421875 0.0515625
10 0.90625 0.49296875 0.06328125 0.10546875
0 0.86875 0.3859375 0.0140625 0.01953125
2 0.865625 0.390625 0.02578125 0.03359375
3 0.8625 0.3171875 0.0203125 0.046875
10 0.85703125 0.34296875 0.04453125 0.103125
3 0.89296875 0.31484375 0.01953125 0.040625
10 0.8875 0.33515625 0.0296875 0.08125
5 0.7921875 0.23046875 0.009375 0.01640625
3 0.80234375 0.165625 0.0140625 0.0390625
3 0.8296875 0.1796875 0.01484375 0.03671875
10 0.78828125 0.18125 0.04375 0.07109375
10 0.8234375 0.1921875 0.02578125 0.0640625
0 0.77265625 0.15390625 0.01484375 0.01875
3 0.76953125 0.10625 0.01796875 0.03828125
3 0.8046875 0.115625 0.01328125 0.03203125
10 0.76328125 0.12421875 0.03984375 0.071875
10 0.80078125 0.12890625 0.03203125 0.06015625
0 0.740625 0.10078125 0.01484375 0.01875
3 0.746875 0.06640625 0.01328125 0.028125
10 0.73828125 0.078125 0.03359375 0.0515625
3 0.75234375 0.04296875 0.01328125 0.0234375
3 0.71875 0.028125 0.0125 0.02890625
10 0.71328125 0.04140625 0.02890625 0.0546875