2 0.11953125 0.403125 0.025 0.0234375
5 0.1375 0.3828125 0.01484375 0.02109375
7 0.12890625 0.37109375 0.025 0.0359375
3 0.12578125 0.33125 0.01953125 0.03984375
10 0.13828125 0.34375 0.04453125 0.065625
5 0.15859375 0.278125 0.01171875 0.01796875
3 0.14609375 0.21328125 0.01640625 0.03828125
10 0.15703125 0.23203125 0.0375 0.0796875
2 0.18046875 0.2015625 0.0140625 0.01875
2 0.21796875 0.1921875 0.01953125 0.01953125
3 0.18828125 0.14921875 0.01328125 0.02890625
3 0.2171875 0.15 0.01328125 0.03515625
10 0.19375 0.16328125 0.03203125 0.05625
10 0.2265625 0.1609375 0.0375 0.05625
3 0.2078125 0.1125 0.01015625 0.025
10 0.2125 0.11953125 0.02578125 0.04453125
6 0.246875 0.08125 0.01171875 0.02890625
7 0.23984375 0.1140625 0.01953125 0.02578125
10 0.246875 0.0984375 0.03515625 0.06796875
3 0.26328125 0.06875 0.01328125 0.028125
1 0.278125 0.0734375 0.0421875 0.03828125
9 0.2734375 0.03125 0.01484375 0.02421875
1 0.278125 0.040625 0.03046875 0.03984375
3 0.3046875 0.01953125 0.0125 0.02578125
0 0.3015625 0.053125 0.01015625 0.0109375
10 0.30703125 0.03125 0.03125 0.0515625
0 0.4 0.0203125 0.0125 0.01484375
3 0.3953125 0.04921875 0.01484375 0.0296875
1 0.3890625 0.05625 0.0375 0.046875
6 0.42578125 0.03125 0.01171875 0.0265625
0 0.42734375 0.06875 0.01796875 0.015625
10 0.42890625 0.04609375 0.040625 0.05703125
0 0.4671875 0.059375 0.02109375 0.0140625
9 0.46953125 0.0234375 0.01484375 0.03046875
10 0.46875 0.03828125 0.03671875 0.05703125
3 0.515625 0.03203125 0.01328125 0.03046875
10 0.51171875 0.0453125 0.0390625 0.05703125
7 0.54453125 0.065625 0.01640625 0.021875
3 0.553125 0.03828125 0.0140625 0.0296875
1 0.55 0.04609375 0.0390625 0.0484375
0 0.59453125 0.065625 0.01171875 0.01484375
3 0.59296875 0.0359375 0.0140625 0.03046875
1 0.5921875 0.04609375 0.04453125 0.053125
1 0.61015625 0.07734375 0.02109375 0.01171875
3 0.64453125 0.04296875 0.01328125 0.03359375
10 0.63828125 0.05078125 0.03671875 0.05
3 0.66015625 0.08125 0.01640625 0.0359375
10 0.65390625 0.09921875 0.04765625 0.0703125
2 0.53359375 0.12734375 0.0171875 0.01953125
2 0.6140625 0.12890625 0.01875 0.0203125
9 0.5640625 0.0703125 0.01875 0.03671875
10 0.5671875 0.08984375 0.04140625 0.07421875
0 0.484375 0.115625 0.0171875 0.01328125
3 0.48359375 0.078125 0.0171875 0.03203125
10 0.4796875 0.09140625 0.05078125 0.0609375
0 0.42734375 0.1265625 0.0140625 0.0234375
3 0.4421875 0.10390625 0.01875 0.0296875
1 0.43515625 0.10859375 0.040625 0.040625
3 0.39375 0.08671875 0.01953125 0.03359375
0 0.3875 0.1265625 0.01484375 0.01875
10 0.39453125 0.09921875 0.03984375 0.06953125
0 0.35703125 0.115625 0.0125 0.01640625
2 0.35859375 0.14140625 0.0171875 0.02109375
3 0.35703125 0.08046875 0.015625 0.03515625
10 0.35703125 0.09921875 0.03828125 0.07109375
2 0.2640625 0.2296875 0.02421875 0.021875
0 0.2828125 0.203125 0.01484375 0.01796875
0 0.3046875 0.21328125 0.015625 0.01796875
9 0.2734375 0.16953125 0.02109375 0.03203125
9 0.30390625 0.15703125 0.021875 0.03984375
1 0.27421875 0.184375 0.0375 0.07421875
10 0.315625 0.18046875 0.04609375 0.09296875
9 0.40546875 0.13125 0.021875 0.0453125
10 0.40390625 0.16171875 0.05078125 0.10703125
5 0.45546875 0.20390625 0.0140625 0.01484375
2 0.45390625 0.20546875 0.02421875 0.02421875
3 0.45078125 0.13203125 0.01953125 0.04453125
10 0.45546875 0.153125 0.05234375 0.084375
3 0.50859375 0.13203125 0.0171875 0.04296875
0 0.50625 0.18984375 0.021875 0.02421875
10 0.509375 0.15390625 0.05390625 0.08203125
2 0.575 0.20078125 0.02421875 0.02890625
2 0.621875 0.203125 0.0234375 0.025
2 0.6625 0.21875 0.04140625 0.02578125
0 0.6 0.15859375 0.01484375 0.028125
9 0.58203125 0.11796875 0.01953125 0.03984375
10 0.5796875 0.14453125 0.05859375 0.09375
3 0.66015625 0.1359375 0.01875 0.04296875
10 0.6546875 0.1609375 0.04296875 0.09140625
0 0.70390625 0.20703125 0.01796875 0.0234375
2 0.72109375 0.21640625 0.0234375 0.02421875
3 0.70703125 0.16640625 0.01953125 0.03984375
1 0.70625 0.1765625 0.05859375 0.07578125
0 0.7578125 0.315625 0.02578125 0.0265625
0 0.70078125 0.296875 0.025 0.021875
3 0.7015625 0.24375 0.02109375 0.04609375
3 0.759375 0.24296875 0.02265625 0.05
10 0.696875 0.2625 0.05859375 0.09375
10 0.75234375 0.27109375 0.0546875 0.1109375
0 0.51953125 0.29140625 0.01796875 0.0296875
0 0.53828125 0.27421875 0.01875 0.021875
0 0.46484375 0.28046875 0.0265625 0.0203125
3 0.471875 0.23515625 0.02109375 0.04453125
3 0.53203125 0.22265625 0.02109375 0.04921875
1 0.46953125 0.24609375 0.05546875 0.08515625
10 0.53125 0.24375 0.0703125 0.1
2 0.528125 0.29609375 0.02890625 0.034375
7 0.34140625 0.2921875 0.021875 0.0359375
5 0.3640625 0.30625 0.01875 0.01328125
2 0.36796875 0.309375 0.0265625 0.0359375
2 0.3953125 0.29453125 0.03046875 0.02109375
0 0.4015625 0.27578125 0.02578125 0.02109375
3 0.35 0.2484375 0.02109375 0.0453125
3 0.4015625 0.21875 0.02421875 0.0515625
1 0.34453125 0.2609375 0.0625 0.0796875
10 0.40625 0.24140625 0.06484375 0.09921875
2 0.2875 0.30234375 0.02734375 0.03046875
0 0.19375 0.43046875 0.0171875 0.02421875
3 0.25 0.3609375 0.021875 0.05078125
3 0.190625 0.38046875 0.02421875 0.04609375
1 0.2 0.38984375 0.05546875 0.09609375
5 0.2625 0.428125 0.01953125 0.021875
10 0.2546875 0.378125 0.06015625 0.1140625
0 0.31640625 0.4015625 0.02890625 0.03125
3 0.31484375 0.3484375 0.0265625 0.05625
1 0.32421875 0.36875 0.07890625 0.0984375
2 0.36953125 0.425 0.0375 0.03125
2 0.4609375 0.409375 0.0375 0.03671875
2 0.53125 0.4203125 0.02890625 0.04609375
3 0.596875 0.33203125 0.02734375 0.06328125
0 0.596875 0.40859375 0.028125 0.0296875
10 0.5890625 0.35625 0.075 0.1265625
8 0.6625 0.37734375 0.0265625 0.0453125
1 0.6546875 0.36875 0.06015625 0.12421875
5 0.646875 0.43046875 0.01640625 0.0296875
8 0.72265625 0.39765625 0.03046875 0.0453125
1 0.71640625 0.39609375 0.0625 0.1015625
0 0.784375 0.42421875 0.028125 0.02109375
3 0.784375 0.378125 0.02109375 0.0515625
1 0.77890625 0.390625 0.06640625 0.08828125
0 0.83203125 0.609375 0.02421875 0.02578125
0 0.7765625 0.596875 0.03125 0.02109375
2 0.76328125 0.62421875 0.02890625 0.03984375
2 0.83828125 0.62109375 0.034375 0.04140625
3 0.775 0.53359375 0.03046875 0.059375
3 0.83828125 0.5265625 0.02890625 0.06015625
1 0.75703125 0.54765625 0.06796875 0.125
1 0.82109375 0.54375 0.0640625 0.1515625
0 0.68515625 0.603125 0.03359375 0.03359375
9 0.68125 0.478125 0.034375 0.06953125
10 0.68203125 0.53046875 0.08359375 0.1734375
3 0.58828125 0.453125 0.034375 0.06796875
10 0.60078125 0.5015625 0.09140625 0.1640625
2 0.596875 0.60703125 0.04765625 0.06640625
0 0.34765625 0.6015625 0.02890625 0.03046875
5 0.42265625 0.596875 0.01484375 0.0359375
3 0.34375 0.478125 0.03046875 0.06796875
9 0.39140625 0.4859375 0.034375 0.07109375
10 0.34453125 0.52890625 0.07109375 0.1703125
10 0.41953125 0.51953125 0.09296875 0.146875
2 0.26015625 0.61171875 0.03515625 0.05859375
3 0.26640625 0.46875 0.02734375 0.06640625
10 0.27265625 0.50625 0.07578125 0.1484375
5 0.196875 0.59921875 0.01484375 0.03359375
2 0.19609375 0.60625 0.03203125 0.05703125
9 0.19140625 0.47734375 0.02578125 0.06015625
10 0.20546875 0.5140625 0.0671875 0.13515625
0 0.1375 0.59453125 0.0203125 0.02890625
3 0.13046875 0.53984375 0.0234375 0.05546875
1 0.14609375 0.55625 0.0703125 0.0953125
2 0.72890625 0.84453125 0.05078125 0.08671875
0 0.6890625 0.80625 0.03828125 0.03671875
3 0.67265625 0.6546875 0.03359375 0.078125
10 0.66796875 0.7234375 0.1046875 0.215625
0 0.984375 0.753125 0.01640625 0.040625
0 0.92578125 0.53828125 0.01796875 0.01953125
2 0.92109375 0.540625 0.0234375 0.04609375
3 0.92734375 0.46640625 0.02265625 0.05
10 0.90625 0.49375 0.06640625 0.10546875
0 0.86796875 0.38671875 0.0140625 0.01953125
2 0.865625 0.390625 0.02578125 0.03359375
3 0.86328125 0.3171875 0.01953125 0.0453125
10 0.853125 0.34375 0.05078125 0.10078125
3 0.89296875 0.3140625 0.01796875 0.03984375
10 0.8875 0.33515625 0.02890625 0.08125
5 0.7921875 0.23046875 0.00859375 0.015625
3 0.796875 0.15703125 0.0171875 0.03828125
10 0.78515625 0.1765625 0.040625 0.07578125
3 0.83046875 0.18046875 0.015625 0.03671875
10 0.821875 0.19140625 0.03203125 0.0609375
0 0.77265625 0.153125 0.01484375 0.01640625
3 0.771875 0.10546875 0.01640625 0.03671875
3 0.8046875 0.11640625 0.01328125 0.03203125
10 0.76328125 0.121875 0.03828125 0.07109375
10 0.80078125 0.12890625 0.03203125 0.05859375
3 0.746875 0.06796875 0.01328125 0.0265625
0 0.740625 0.1015625 0.0140625 0.01796875
10 0.7390625 0.0796875 0.03359375 0.0515625
9 0.71875 0.028125 0.01171875 0.02890625
10 0.71328125 0.03984375 0.028125 0.05390625
3 0.75234375 0.04375 0.01328125 0.0234375
1 0.7453125 0.05546875 0.03515625 0.04609375