2 0.7296875 0.84296875 0.05 0.08828125
0 0.69375 0.81796875 0.0328125 0.0546875
3 0.66875 0.63046875 0.0359375 0.08359375
10 0.66796875 0.715625 0.1109375 0.2484375
0 0.83203125 0.60546875 0.02421875 0.02578125
2 0.83828125 0.61796875 0.03359375 0.04375
3 0.83984375 0.53125 0.0328125 0.05546875
1 0.8234375 0.54375 0.071875 0.1484375
0 0.77578125 0.596875 0.028125 0.01953125
2 0.76328125 0.61796875 0.02890625 0.03828125
9 0.77265625 0.53046875 0.03046875 0.0609375
1 0.75625 0.54375 0.0671875 0.12578125
0 0.69375 0.5984375 0.0171875 0.03125
3 0.68671875 0.49375 0.0296875 0.07578125
10 0.68203125 0.53046875 0.08203125 0.1609375
6 0.60625 0.47890625 0.0296875 0.075
10 0.6046875 0.55390625 0.08671875 0.23359375
2 0.60625 0.60546875 0.0296875 0.06328125
2 0.43125 0.59296875 0.06015625 0.065625
0 0.4296875 0.51953125 0.02890625 0.03046875
3 0.41875 0.43984375 0.0296875 0.07421875
10 0.42734375 0.4890625 0.0921875 0.171875
0 0.346875 0.5984375 0.0328125 0.03046875
3 0.340625 0.48046875 0.028125 0.0703125
10 0.346875 0.53125 0.071875 0.16953125
0 0.26171875 0.60390625 0.03515625 0.028125
3 0.25625 0.54140625 0.0296875 0.06015625
1 0.26953125 0.55546875 0.08671875 0.11875
0 0.19765625 0.58046875 0.028125 0.0265625
2 0.19609375 0.60546875 0.0328125 0.0484375
3 0.19296875 0.50546875 0.02578125 0.05546875
10 0.209375 0.534375 0.0578125 0.10546875
5 0.1375 0.60625 0.0125 0.03046875
2 0.13203125 0.6140625 0.02578125 0.0390625
9 0.134375 0.53125 0.02734375 0.0546875
1 0.1453125 0.55390625 0.06484375 0.09921875
0 0.19375 0.43046875 0.0171875 0.021875
3 0.190625 0.37890625 0.0265625 0.0484375
1 0.2 0.3890625 0.0578125 0.09921875
0 0.25859375 0.42265625 0.0265625 0.03046875
3 0.25703125 0.371875 0.025 0.04453125
1 0.2546875 0.37265625 0.06328125 0.11953125
0 0.31640625 0.403125 0.03046875 0.034375
3 0.315625 0.346875 0.02578125 0.05625
1 0.32265625 0.36875 0.078125 0.09609375
2 0.3703125 0.42265625 0.03828125 0.03046875
2 0.4609375 0.40546875 0.03828125 0.03515625
2 0.53125 0.41875 0.02890625 0.04609375
0 0.596875 0.409375 0.03203125 0.03046875
3 0.59375 0.33125 0.02890625 0.05546875
10 0.58828125 0.35703125 0.07421875 0.13125
5 0.64765625 0.43125 0.01484375 0.02890625
3 0.66171875 0.38125 0.0296875 0.053125
1 0.65546875 0.36796875 0.0609375 0.1234375
8 0.725 0.39765625 0.03359375 0.05625
1 0.71640625 0.39296875 0.06171875 0.10078125
0 0.7828125 0.41796875 0.03359375 0.03203125
1 0.778125 0.390625 0.0671875 0.09140625
3 0.7875 0.36875 0.0234375 0.0484375
0 0.75703125 0.31640625 0.025 0.02578125
3 0.75859375 0.2390625 0.0234375 0.0515625
10 0.753125 0.26796875 0.0515625 0.1140625
0 0.70078125 0.29296875 0.025 0.0234375
2 0.71015625 0.3109375 0.04296875 0.03125
3 0.7046875 0.234375 0.02109375 0.04453125
10 0.69765625 0.25859375 0.05859375 0.09453125
0 0.51953125 0.2921875 0.01796875 0.0265625
0 0.53828125 0.2734375 0.01796875 0.01875
3 0.53203125 0.22578125 0.02109375 0.04921875
10 0.53125 0.24375 0.0703125 0.1015625
2 0.52890625 0.29375 0.02890625 0.03359375
0 0.46328125 0.28046875 0.01953125 0.0296875
3 0.4703125 0.23125 0.021875 0.04140625
1 0.46875 0.24375 0.05234375 0.07578125
0 0.39140625 0.28046875 0.01796875 0.01875
2 0.3953125 0.29296875 0.03125 0.0265625
9 0.403125 0.21015625 0.02578125 0.05546875
10 0.40703125 0.2359375 0.06328125 0.10546875
5 0.36484375 0.30625 0.01953125 0.01171875
2 0.36875 0.30625 0.02734375 0.03671875
9 0.33828125 0.2171875 0.02734375 0.0546875
7 0.34140625 0.29375 0.02265625 0.03359375
10 0.34140625 0.246875 0.059375 0.11953125
2 0.2875 0.303125 0.02734375 0.0296875
0 0.26640625 0.21875 0.01640625 0.01484375
3 0.2671875 0.178125 0.01796875 0.03671875
1 0.26640625 0.1890625 0.05234375 0.0765625
2 0.26328125 0.22890625 0.02421875 0.02421875
7 0.325 0.203125 0.02109375 0.0359375
3 0.30078125 0.14765625 0.021875 0.03203125
10 0.3125 0.17890625 0.0453125 0.0953125
3 0.4015625 0.13515625 0.01796875 0.04453125
10 0.40234375 0.1609375 0.0484375 0.09453125
0 0.453125 0.19296875 0.0265625 0.01953125
3 0.459375 0.13046875 0.01796875 0.04453125
10 0.45546875 0.15625 0.0546875 0.0953125
2 0.45390625 0.20546875 0.02265625 0.021875
0 0.5109375 0.1859375 0.02890625 0.01953125
3 0.51015625 0.121875 0.01796875 0.04453125
10 0.5109375 0.14609375 0.05703125 0.09453125
9 0.57890625 0.109375 0.02109375 0.04453125
5 0.57890625 0.20546875 0.01640625 0.01015625
2 0.57578125 0.2015625 0.025 0.028125
2 0.621875 0.203125 0.0234375 0.025
10 0.5734375 0.14140625 0.04765625 0.1
2 0.66015625 0.21796875 0.04140625 0.025
3 0.659375 0.134375 0.01796875 0.04375
10 0.653125 0.15859375 0.04140625 0.09453125
3 0.70625 0.15625 0.01953125 0.0390625
1 0.7046875 0.1734375 0.059375 0.08046875
3 0.65625 0.08046875 0.01796875 0.03671875
10 0.653125 0.09609375 0.0453125 0.06953125
2 0.61484375 0.12890625 0.01953125 0.01875
3 0.56640625 0.08125 0.01796875 0.03203125
1 0.56640625 0.09296875 0.03828125 0.06171875
2 0.5328125 0.125 0.01796875 0.01875
0 0.48359375 0.11640625 0.0171875 0.0140625
2 0.4921875 0.13046875 0.01796875 0.01796875
3 0.4828125 0.07890625 0.01796875 0.03359375
10 0.47890625 0.0921875 0.04921875 0.06015625
0 0.4296875 0.13046875 0.01484375 0.01796875
3 0.44140625 0.10078125 0.01796875 0.03125
1 0.43359375 0.1109375 0.0421875 0.0546875
0 0.3875 0.12421875 0.01640625 0.01953125
3 0.39453125 0.09296875 0.01953125 0.03515625
10 0.3953125 0.1015625 0.03828125 0.06484375
3 0.359375 0.08046875 0.01484375 0.03515625
10 0.35625 0.0984375 0.03984375 0.06953125
2 0.35859375 0.14140625 0.0171875 0.0203125
3 0.3953125 0.0484375 0.0125 0.03125
1 0.38984375 0.05625 0.03828125 0.046875
0 0.425 0.06953125 0.01640625 0.01171875
2 0.434375 0.07421875 0.02734375 0.01875
3 0.4296875 0.03125 0.0125 0.02890625
10 0.4296875 0.04375 0.04140625 0.06171875
3 0.46875 0.0234375 0.0125 0.03046875
10 0.46953125 0.03671875 0.03671875 0.05546875
3 0.51640625 0.03125 0.01328125 0.03046875
10 0.5125 0.04375 0.03828125 0.05546875
7 0.54453125 0.06796875 0.015625 0.01875
3 0.55546875 0.03515625 0.01484375 0.03125
10 0.55 0.04375 0.04140625 0.0515625
0 0.59296875 0.06171875 0.01484375 0.01875
3 0.59453125 0.03046875 0.01328125 0.03359375
1 0.59375 0.04296875 0.04296875 0.0546875
2 0.6109375 0.0796875 0.02109375 0.01328125
3 0.6359375 0.03125 0.01484375 0.03046875
10 0.6359375 0.04375 0.03984375 0.05546875
5 0.1375 0.38046875 0.01484375 0.0203125
7 0.128125 0.36953125 0.02421875 0.0359375
3 0.125 0.33125 0.0203125 0.03984375
10 0.13828125 0.34375 0.046875 0.06484375
5 0.159375 0.27890625 0.01171875 0.01640625
3 0.14765625 0.215625 0.01796875 0.03984375
10 0.15703125 0.23125 0.0375 0.07578125
2 0.1796875 0.20078125 0.01484375 0.01953125
2 0.21796875 0.1921875 0.01953125 0.02109375
3 0.1859375 0.15390625 0.01328125 0.0265625
10 0.19375 0.16640625 0.0328125 0.053125
3 0.2171875 0.15546875 0.01484375 0.03828125
10 0.22734375 0.16328125 0.03828125 0.05625
0 0.2078125 0.1390625 0.015625 0.01328125
3 0.2078125 0.11015625 0.01171875 0.0296875
10 0.2125 0.11875 0.0265625 0.04609375
0 0.2390625 0.13046875 0.01484375 0.01484375
3 0.2390625 0.09296875 0.01328125 0.02890625
10 0.24453125 0.10703125 0.03046875 0.0546875
5 0.26328125 0.09296875 0.01015625 0.00859375
2 0.26015625 0.09296875 0.01484375 0.0140625
3 0.2640625 0.0671875 0.01484375 0.02890625
1 0.2765625 0.06953125 0.04296875 0.04140625
3 0.27890625 0.03046875 0.01015625 0.0296875
10 0.27890625 0.0359375 0.02734375 0.04453125
0 0.3015625 0.0515625 0.01328125 0.01328125
3 0.3046875 0.01796875 0.01171875 0.025
10 0.30859375 0.03046875 0.0328125 0.05
0 0.984375 0.75 0.015625 0.04453125
2 0.98515625 0.76796875 0.02109375 0.04140625
0 0.92578125 0.53671875 0.01796875 0.01953125
2 0.921875 0.540625 0.02421875 0.0484375
3 0.92578125 0.4640625 0.02265625 0.05078125
10 0.90625 0.49375 0.06328125 0.1109375
0 0.86953125 0.38515625 0.01484375 0.01875
2 0.865625 0.390625 0.02578125 0.03203125
3 0.86328125 0.31796875 0.01953125 0.04453125
10 0.85234375 0.34375 0.05078125 0.1
3 0.8953125 0.31796875 0.01796875 0.03984375
10 0.88828125 0.33203125 0.03125 0.08203125
5 0.7921875 0.23046875 0.009375 0.015625
3 0.803125 0.16640625 0.0171875 0.03828125
10 0.78984375 0.18125 0.04453125 0.06796875
3 0.83125 0.18125 0.015625 0.0390625
10 0.825 0.19296875 0.0265625 0.06171875
3 0.803125 0.10546875 0.01328125 0.03515625
3 0.76953125 0.10546875 0.01640625 0.03671875
0 0.7734375 0.15546875 0.015625 0.01953125
10 0.76328125 0.12578125 0.04140625 0.07578125
10 0.80078125 0.1234375 0.03828125 0.06953125
3 0.746875 0.075 0.01171875 0.03125
1 0.73828125 0.08203125 0.03125 0.046875
0 0.740625 0.09921875 0.0140625 0.01953125
3 0.75234375 0.04375 0.01328125 0.02421875
1 0.746875 0.05390625 0.03125 0.04375
9 0.72421875 0.0296875 0.01328125 0.028125
10 0.71640625 0.0359375 0.02890625 0.04375