2 0.7296875 0.84296875 0.05078125 0.08984375
0 0.74765625 0.7359375 0.02734375 0.03125
9 0.68125 0.63125 0.0359375 0.08046875
10 0.68203125 0.69296875 0.15234375 0.1984375
0 0.83203125 0.60546875 0.02421875 0.02578125
0 0.77578125 0.59375 0.02890625 0.021875
2 0.76328125 0.621875 0.03046875 0.04375
2 0.83828125 0.61875 0.03359375 0.04375
3 0.840625 0.52578125 0.03203125 0.06328125
1 0.8234375 0.54375 0.071875 0.1515625
0 0.77265625 0.53046875 0.03125 0.06484375
1 0.75390625 0.54375 0.071875 0.1234375
9 0.690625 0.4875 0.03671875 0.06953125
10 0.6796875 0.53046875 0.07890625 0.159375
2 0.596875 0.60703125 0.0484375 0.06171875
9 0.6125 0.4984375 0.03828125 0.06875
10 0.60390625 0.5171875 0.08671875 0.13828125
0 0.42890625 0.58125 0.02578125 0.025
0 0.34140625 0.5984375 0.02421875 0.03125
2 0.43203125 0.60078125 0.059375 0.06171875
9 0.40625 0.46875 0.04140625 0.06640625
10 0.42890625 0.51640625 0.08515625 0.1546875
3 0.33828125 0.46796875 0.028125 0.065625
10 0.34921875 0.51796875 0.07734375 0.16796875
0 0.26171875 0.60546875 0.03671875 0.03515625
2 0.2609375 0.6109375 0.03359375 0.05625
3 0.259375 0.51640625 0.02734375 0.06796875
10 0.2703125 0.55234375 0.08203125 0.14140625
3 0.19453125 0.5046875 0.02578125 0.05703125
10 0.2109375 0.5328125 0.05703125 0.125
0 0.14140625 0.596875 0.02109375 0.03046875
3 0.1375 0.53828125 0.0234375 0.05546875
1 0.14765625 0.55546875 0.06953125 0.10390625
0 0.19453125 0.43125 0.01640625 0.0234375
3 0.190625 0.378125 0.0265625 0.04609375
1 0.2015625 0.39140625 0.05625 0.10078125
0 0.25703125 0.42265625 0.02890625 0.03046875
3 0.2546875 0.3703125 0.02421875 0.05
1 0.2546875 0.3734375 0.06015625 0.10625
0 0.315625 0.40625 0.03515625 0.03046875
3 0.31640625 0.34375 0.02734375 0.0609375
1 0.32421875 0.36796875 0.07890625 0.10546875
2 0.36953125 0.4234375 0.03828125 0.03046875
2 0.4609375 0.40625 0.03828125 0.0390625
2 0.53203125 0.41796875 0.02890625 0.046875
0 0.596875 0.41015625 0.02734375 0.03125
3 0.59375 0.33671875 0.02890625 0.05546875
10 0.58828125 0.35546875 0.075 0.13359375
5 0.64765625 0.43046875 0.015625 0.0296875
8 0.6625 0.38125 0.02734375 0.05078125
1 0.65390625 0.36796875 0.059375 0.125
8 0.72421875 0.39765625 0.0328125 0.0546875
1 0.715625 0.39375 0.06171875 0.10078125
0 0.78359375 0.41875 0.0265625 0.02421875
3 0.78515625 0.35390625 0.02265625 0.05078125
10 0.778125 0.37890625 0.0640625 0.1
2 0.78984375 0.4265625 0.0296875 0.03984375
3 0.759375 0.2359375 0.0234375 0.05625
0 0.759375 0.31875 0.0234375 0.02421875
10 0.753125 0.26875 0.0515625 0.11875
0 0.70078125 0.296875 0.02421875 0.01953125
2 0.71015625 0.31171875 0.04296875 0.03125
3 0.7046875 0.2359375 0.021875 0.04453125
10 0.69765625 0.2609375 0.05859375 0.09375
5 0.5234375 0.29375 0.009375 0.01953125
0 0.528125 0.28125 0.01953125 0.02890625
3 0.53515625 0.21953125 0.02421875 0.05078125
10 0.52890625 0.24140625 0.071875 0.09296875
0 0.4625 0.28125 0.01953125 0.02890625
3 0.4703125 0.23046875 0.021875 0.04453125
1 0.46640625 0.24375 0.05390625 0.078125
5 0.396875 0.28984375 0.01484375 0.0203125
3 0.403125 0.20546875 0.0265625 0.05078125
10 0.40703125 0.24375 0.06015625 0.13125
5 0.3640625 0.30625 0.01953125 0.01171875
2 0.36875 0.30703125 0.028125 0.03671875
7 0.340625 0.29140625 0.0296875 0.03203125
3 0.34375 0.23046875 0.02109375 0.04609375
10 0.34375 0.25625 0.06328125 0.10078125
2 0.28828125 0.30078125 0.02734375 0.03125
9 0.31328125 0.15 0.02265625 0.04453125
10 0.31953125 0.17578125 0.059375 0.08828125
5 0.38203125 0.20390625 0.01015625 0.015625
6 0.40859375 0.11796875 0.0234375 0.04453125
10 0.40625 0.14375 0.05078125 0.1015625
0 0.453125 0.19296875 0.0265625 0.01953125
3 0.45078125 0.13125 0.02109375 0.04375
10 0.4546875 0.15546875 0.05625 0.09296875
0 0.50703125 0.190625 0.01796875 0.021875
2 0.51015625 0.19296875 0.02109375 0.0234375
3 0.509375 0.11953125 0.01796875 0.04375
10 0.5125 0.14296875 0.05859375 0.09375
5 0.57890625 0.2046875 0.015625 0.009375
2 0.57578125 0.19921875 0.025 0.03125
9 0.59453125 0.1140625 0.02109375 0.0390625
10 0.59375 0.1421875 0.0734375 0.096875
2 0.62265625 0.203125 0.021875 0.0234375
7 0.6625 0.21484375 0.0421875 0.03515625
3 0.659375 0.134375 0.01796875 0.04453125
10 0.65390625 0.16015625 0.04296875 0.09453125
3 0.70703125 0.159375 0.01953125 0.04375
1 0.70546875 0.17421875 0.0578125 0.08046875
9 0.646875 0.06953125 0.0171875 0.0359375
10 0.6453125 0.09375 0.03359375 0.078125
5 0.571875 0.12578125 0.01015625 0.01171875
9 0.5640625 0.071875 0.01875 0.03125
10 0.565625 0.09140625 0.04140625 0.06953125
2 0.534375 0.12578125 0.01796875 0.01953125
0 0.484375 0.11640625 0.0171875 0.01328125
3 0.48203125 0.078125 0.01953125 0.034375
10 0.47890625 0.09140625 0.05 0.059375
3 0.43203125 0.09296875 0.01875 0.03515625
0 0.42890625 0.11796875 0.01640625 0.01796875
1 0.434375 0.1015625 0.0359375 0.05390625
0 0.38828125 0.12421875 0.01875 0.01953125
3 0.39453125 0.0859375 0.01953125 0.04140625
10 0.39609375 0.09921875 0.04140625 0.06875
0 0.35390625 0.13125 0.01484375 0.01484375
3 0.35078125 0.08984375 0.015625 0.03359375
10 0.35390625 0.10625 0.04296875 0.06796875
3 0.3953125 0.046875 0.01328125 0.03046875
1 0.38984375 0.05625 0.0390625 0.05078125
3 0.4265625 0.03125 0.0125 0.02890625
10 0.4296875 0.04375 0.03984375 0.0609375
3 0.46875 0.01640625 0.0140625 0.03046875
10 0.4703125 0.03125 0.0375 0.06015625
7 0.51328125 0.06875 0.02578125 0.01875
3 0.51015625 0.02734375 0.01328125 0.02890625
10 0.50703125 0.04296875 0.0375 0.05703125
7 0.546875 0.06875 0.02109375 0.0203125
3 0.553125 0.034375 0.0140625 0.03125
1 0.54765625 0.04296875 0.0375 0.04921875
0 0.59296875 0.06796875 0.0140625 0.015625
3 0.59453125 0.03046875 0.01484375 0.03359375
1 0.59375 0.04296875 0.0453125 0.05859375
3 0.640625 0.03203125 0.0140625 0.03125
10 0.63828125 0.04296875 0.04140625 0.05625
0 0.98359375 0.746875 0.01640625 0.04453125
0 0.92578125 0.534375 0.01875 0.01875
2 0.921875 0.54140625 0.0234375 0.046875
3 0.92578125 0.4640625 0.021875 0.0515625
10 0.90390625 0.49140625 0.06484375 0.10859375
0 0.86875 0.3859375 0.0140625 0.01953125
3 0.8625 0.31640625 0.021875 0.04609375
10 0.8546875 0.34375 0.04765625 0.1015625
0 0.89453125 0.365625 0.015625 0.01953125
3 0.896875 0.31171875 0.0171875 0.04375
10 0.88828125 0.33046875 0.03359375 0.08359375
3 0.80390625 0.165625 0.01796875 0.03828125
3 0.8296875 0.17890625 0.01640625 0.0390625
10 0.7890625 0.18125 0.04765625 0.06953125
10 0.8234375 0.19140625 0.025 0.06484375
0 0.77265625 0.1546875 0.01484375 0.01875
3 0.77109375 0.10546875 0.0171875 0.03671875
10 0.76484375 0.1265625 0.04140625 0.07421875
3 0.80625 0.11796875 0.01484375 0.034375
10 0.8 0.13125 0.03359375 0.0546875
3 0.7453125 0.06640625 0.01328125 0.02890625
10 0.73828125 0.07890625 0.03359375 0.05390625
9 0.7453125 0.03125 0.0125 0.025
10 0.74375 0.04375 0.03203125 0.05078125
3 0.7140625 0.01796875 0.01015625 0.02890625
10 0.71328125 0.03046875 0.02578125 0.05390625
2 0.1296875 0.36953125 0.02421875 0.03671875
5 0.13828125 0.38125 0.01484375 0.01953125
3 0.12890625 0.29765625 0.01953125 0.04375
10 0.14140625 0.31796875 0.04453125 0.08828125
5 0.159375 0.27890625 0.0109375 0.01640625
3 0.14765625 0.215625 0.01875 0.03828125
10 0.15390625 0.23125 0.04375 0.07578125
2 0.18046875 0.2 0.0140625 0.01875
2 0.2171875 0.1921875 0.01875 0.01953125
3 0.18828125 0.14765625 0.01328125 0.03046875
10 0.1921875 0.16484375 0.03125 0.059375
3 0.21640625 0.153125 0.01484375 0.03828125
3 0.25625 0.08125 0.0140625 0.03984375
3 0.20859375 0.11015625 0.01171875 0.03125
10 0.2125 0.11875 0.0265625 0.0484375
10 0.25625 0.1421875 0.05703125 0.153125
3 0.265625 0.06796875 0.01015625 0.0265625
1 0.27890625 0.07109375 0.0375 0.03828125
3 0.27890625 0.03125 0.01328125 0.02890625
3 0.29375 0.0265625 0.0140625 0.025
10 0.30390625 0.03046875 0.034375 0.04296875
0 0.36640625 0.03046875 0.0125 0.01484375