10 0.13359375 0.34296875 0.0515625 0.0890625
2 0.1296875 0.37421875 0.02421875 0.03984375
2 0.1203125 0.4046875 0.02734375 0.028125
10 0.1546875 0.2359375 0.04375 0.08671875
10 0.19375 0.165625 0.0328125 0.06171875
10 0.22734375 0.165625 0.03984375 0.06171875
2 0.2171875 0.1921875 0.021875 0.025
10 0.21328125 0.12109375 0.02890625 0.0515625
10 0.2453125 0.10703125 0.03359375 0.059375
10 0.284375 0.06640625 0.04609375 0.0546875
2 0.36875 0.03671875 0.0140625 0.01875
1 0.390625 0.05703125 0.0390625 0.053125
10 0.35703125 0.10390625 0.0375 0.06328125
1 0.39609375 0.1 0.0421875 0.0703125
1 0.4296875 0.05390625 0.04140625 0.04921875
10 0.46875 0.04375 0.03828125 0.05078125
10 0.509375 0.040625 0.03828125 0.0640625
2 0.534375 0.128125 0.01875 0.0234375
10 0.546875 0.0453125 0.03984375 0.05390625
10 0.5953125 0.04609375 0.04375 0.06015625
10 0.63984375 0.05 0.04375 0.05546875
1 0.65390625 0.1046875 0.04453125 0.06875
10 0.56640625 0.08984375 0.04609375 0.08125
2 0.61328125 0.1296875 0.02109375 0.02421875
1 0.7046875 0.1765625 0.06015625 0.08515625
10 0.6546875 0.1609375 0.04453125 0.09921875
2 0.62265625 0.20390625 0.02421875 0.03046875
2 0.2875 0.30390625 0.02890625 0.034375
10 0.46875 0.23671875 0.0546875 0.096875
10 0.53125 0.2421875 0.0734375 0.09375
0 0.5328125 0.28046875 0.03125 0.03359375
10 0.6984375 0.2640625 0.053125 0.1
10 0.75078125 0.27265625 0.059375 0.11953125
10 0.778125 0.37890625 0.06796875 0.10625
1 0.71640625 0.396875 0.065625 0.10546875
1 0.65546875 0.36796875 0.0640625 0.12890625
10 0.58984375 0.3578125 0.08125 0.134375
2 0.53203125 0.421875 0.02890625 0.04921875
2 0.46171875 0.40703125 0.03984375 0.04453125
2 0.36953125 0.42421875 0.040625 0.04140625
1 0.32265625 0.37578125 0.07890625 0.115625
1 0.25546875 0.375 0.065625 0.11640625
1 0.2015625 0.38984375 0.05625 0.0984375
2 0.19765625 0.60546875 0.03359375 0.0609375
1 0.271875 0.553125 0.0890625 0.13671875
10 0.41953125 0.5140625 0.084375 0.15546875
1 0.75625 0.5453125 0.0703125 0.1296875
1 0.825 0.5484375 0.07109375 0.16875
10 0.7125 0.03671875 0.02890625 0.05859375
10 0.73984375 0.078125 0.0375 0.0609375
10 0.8 0.13046875 0.034375 0.05625
10 0.82578125 0.19296875 0.02578125 0.06640625
10 0.85703125 0.34375 0.04765625 0.109375
1 0.89453125 0.34921875 0.04140625 0.09375
10 0.96875 0.709375 0.0625 0.096875
2 0.36953125 0.309375 0.028125 0.03984375
10 0.48125 0.0921875 0.04921875 0.06796875
7 0.51484375 0.06875 0.0296875 0.02109375
10 0.58203125 0.14375 0.06328125 0.09921875
10 0.34453125 0.25078125 0.059375 0.11953125
10 0.40625 0.2421875 0.06484375 0.134375
2 0.7296875 0.84453125 0.05546875 0.09375
10 0.90546875 0.49375 0.0671875 0.1140625
10 0.790625 0.18203125 0.05078125 0.0734375
10 0.76328125 0.125 0.03984375 0.08125
7 0.6625 0.215625 0.0421875 0.03515625
2 0.72265625 0.21796875 0.02109375 0.0234375
10 0.30546875 0.03125 0.03046875 0.0484375
1 0.36640625 0.021875 0.03515625 0.04140625
10 0.51171875 0.14375 0.0625 0.09453125
10 0.45390625 0.15546875 0.05546875 0.0984375
10 0.40625 0.1453125 0.0546875 0.09609375
2 0.61171875 0.07890625 0.02109375 0.01875
1 0.15 0.55703125 0.0703125 0.109375
10 0.20859375 0.4984375 0.0765625 0.16953125
10 0.346875 0.525 0.07265625 0.190625
10 0.60234375 0.51484375 0.0890625 0.140625
2 0.596875 0.6109375 0.0484375 0.06640625
10 0.68203125 0.528125 0.08125 0.165625
10 0.65703125 0.690625 0.11640625 0.21171875
5 0.13828125 0.38203125 0.01796875 0.025
3 0.12578125 0.32421875 0.02265625 0.0453125
3 0.14921875 0.21640625 0.02109375 0.0453125
5 0.159375 0.27890625 0.0140625 0.02421875
2 0.18046875 0.2015625 0.01484375 0.021875
3 0.2171875 0.15546875 0.015625 0.04140625
3 0.2078125 0.11171875 0.01484375 0.03125
0 0.2078125 0.1390625 0.01328125 0.01484375
3 0.240625 0.09609375 0.0140625 0.03203125
0 0.23828125 0.1296875 0.01484375 0.01640625
3 0.275 0.0546875 0.0171875 0.03125
0 0.26328125 0.090625 0.01171875 0.02109375
3 0.29765625 0.02421875 0.01484375 0.02890625
3 0.371875 0.01328125 0.0140625 0.02421875
3 0.39609375 0.04765625 0.015625 0.0359375
3 0.3515625 0.090625 0.01796875 0.03515625
3 0.3953125 0.08671875 0.02109375 0.03984375
3 0.42578125 0.04609375 0.01484375 0.03046875
1 0.4359375 0.10390625 0.03984375 0.05546875
3 0.43515625 0.09453125 0.02109375 0.03828125
0 0.4296875 0.12109375 0.01640625 0.01953125
3 0.4828125 0.07890625 0.02109375 0.03671875
3 0.46875 0.03515625 0.0140625 0.03125
0 0.484375 0.11796875 0.0171875 0.01484375
9 0.515625 0.02421875 0.0171875 0.03203125
6 0.571875 0.06796875 0.01875 0.04140625
3 0.55234375 0.03671875 0.015625 0.03125
7 0.5484375 0.06953125 0.02578125 0.0234375
9 0.58828125 0.11796875 0.02265625 0.04375
3 0.5953125 0.034375 0.01640625 0.03828125
3 0.6421875 0.04140625 0.01640625 0.0359375
9 0.659375 0.0890625 0.02265625 0.0359375
3 0.66015625 0.1359375 0.02109375 0.04375
3 0.70703125 0.16640625 0.02109375 0.04375
0 0.70390625 0.2078125 0.01796875 0.025
3 0.76015625 0.24375 0.02578125 0.05546875
0 0.759375 0.31875 0.0265625 0.0296875
3 0.70625 0.24296875 0.025 0.04609375
0 0.703125 0.30546875 0.0171875 0.02578125
3 0.53515625 0.228125 0.02578125 0.05390625
5 0.5234375 0.29609375 0.01484375 0.02578125
3 0.509375 0.1203125 0.02265625 0.0484375
5 0.5109375 0.19453125 0.0125 0.0203125
2 0.51015625 0.19609375 0.02265625 0.02890625
3 0.45078125 0.13203125 0.021875 0.04609375
0 0.45234375 0.19453125 0.0234375 0.0234375
9 0.46796875 0.215625 0.0296875 0.0546875
0 0.4640625 0.28125 0.02109375 0.03359375
6 0.4078125 0.121875 0.02421875 0.04921875
5 0.38359375 0.203125 0.01171875 0.02109375
2 0.38125 0.20546875 0.02109375 0.03125
3 0.403125 0.2046875 0.0265625 0.0609375
5 0.365625 0.30625 0.0203125 0.01796875
3 0.34609375 0.2203125 0.0234375 0.05703125
2 0.34765625 0.29296875 0.02578125 0.03515625
3 0.190625 0.38203125 0.02890625 0.05390625
3 0.2546875 0.371875 0.02734375 0.053125
0 0.25703125 0.42421875 0.03046875 0.03125
3 0.30078125 0.35078125 0.03203125 0.0609375
0 0.3125 0.41484375 0.0328125 0.03515625
3 0.59453125 0.340625 0.02890625 0.06015625
0 0.596875 0.41328125 0.0296875 0.03125
8 0.66328125 0.384375 0.03203125 0.05625
5 0.6484375 0.43203125 0.01796875 0.0359375
8 0.72578125 0.40390625 0.03515625 0.059375
3 0.78671875 0.3546875 0.02578125 0.05703125
0 0.784375 0.41953125 0.02890625 0.028125
3 0.840625 0.5296875 0.03515625 0.06640625
0 0.7765625 0.59765625 0.03125 0.03046875
3 0.771875 0.53203125 0.03046875 0.06796875
2 0.76328125 0.62421875 0.03125 0.0453125
6 0.6890625 0.49140625 0.03515625 0.084375
9 0.61015625 0.49765625 0.03828125 0.075
9 0.6734375 0.62578125 0.03828125 0.08125
3 0.396875 0.478125 0.03515625 0.0796875
2 0.43203125 0.603125 0.05859375 0.0640625
0 0.3921875 0.571875 0.02890625 0.02890625
3 0.34296875 0.4671875 0.03359375 0.06796875
0 0.34296875 0.6015625 0.0296875 0.03828125
3 0.259375 0.52421875 0.0328125 0.06875
0 0.26171875 0.60546875 0.0328125 0.03203125
5 0.196875 0.59921875 0.0203125 0.04140625
3 0.2078125 0.47734375 0.03046875 0.0640625
3 0.13828125 0.54296875 0.02890625 0.06015625
0 0.1421875 0.6 0.021875 0.03125
0 0.9859375 0.75625 0.01640625 0.0359375
0 0.8390625 0.6125 0.03671875 0.03984375
3 0.92734375 0.46640625 0.02421875 0.05546875
0 0.92578125 0.5390625 0.01875 0.02421875
3 0.8640625 0.3171875 0.02109375 0.05078125
0 0.86953125 0.3859375 0.01796875 0.025
3 0.9046875 0.33125 0.01953125 0.0453125
0 0.90625 0.3859375 0.01484375 0.0203125
9 0.80625 0.16875 0.01953125 0.040625
3 0.8296875 0.18046875 0.01796875 0.03828125
3 0.77265625 0.10703125 0.02109375 0.0390625
0 0.7734375 0.1546875 0.01640625 0.0203125
3 0.80703125 0.1203125 0.01484375 0.03671875
3 0.746875 0.065625 0.015625 0.03046875
6 0.71875 0.0234375 0.01171875 0.0296875
9 0.7453125 0.034375 0.01328125 0.028125