2 0.7296875 0.84296875 0.05078125 0.08984375
0 0.69921875 0.80703125 0.03515625 0.04453125
3 0.69140625 0.70703125 0.03828125 0.0765625
10 0.65859375 0.74609375 0.11796875 0.18671875
0 0.984375 0.7484375 0.0140625 0.04453125
2 0.98515625 0.76875 0.021875 0.04453125
3 0.1234375 0.32890625 0.01953125 0.04453125
2 0.128125 0.3703125 0.02421875 0.0390625
5 0.13828125 0.38125 0.015625 0.02109375
10 0.1375 0.3390625 0.0484375 0.06328125
5 0.159375 0.27890625 0.01171875 0.01640625
3 0.14765625 0.21640625 0.01796875 0.04296875
10 0.15546875 0.23203125 0.04140625 0.07890625
2 0.18046875 0.20078125 0.01484375 0.01953125
2 0.21796875 0.1921875 0.01953125 0.02109375
2 0.1859375 0.153125 0.01328125 0.0296875
10 0.19296875 0.16328125 0.03203125 0.05625
3 0.21796875 0.15546875 0.0140625 0.03671875
10 0.22734375 0.165625 0.03828125 0.05390625
3 0.2078125 0.11015625 0.01171875 0.03125
0 0.20859375 0.1390625 0.01484375 0.0140625
10 0.2125 0.11796875 0.0265625 0.046875
0 0.23828125 0.13046875 0.01484375 0.0140625
3 0.2390625 0.09375 0.0125 0.0296875
10 0.24609375 0.10625 0.0328125 0.05546875
5 0.26328125 0.09296875 0.01015625 0.00859375
2 0.26015625 0.09296875 0.015625 0.015625
3 0.2640625 0.06796875 0.01484375 0.0296875
1 0.278125 0.07109375 0.04375 0.04453125
3 0.27890625 0.03125 0.01171875 0.02890625
10 0.27890625 0.0359375 0.02578125 0.04453125
3 0.30078125 0.021875 0.0125 0.025
0 0.3 0.0546875 0.0109375 0.01328125
10 0.30703125 0.03203125 0.03203125 0.0515625
3 0.3953125 0.046875 0.01484375 0.03125
1 0.390625 0.05625 0.03828125 0.05078125
0 0.42734375 0.06875 0.0203125 0.01484375
3 0.428125 0.0359375 0.01328125 0.03046875
10 0.4296875 0.0484375 0.04140625 0.05625
3 0.465625 0.03203125 0.01328125 0.02890625
10 0.46875 0.04375 0.0359375 0.0484375
2 0.51328125 0.06875 0.02421875 0.01640625
2 0.53359375 0.07578125 0.0234375 0.01875
3 0.54453125 0.0296875 0.015625 0.03125
3 0.51328125 0.02421875 0.01328125 0.03125
10 0.50703125 0.0375 0.03984375 0.05625
7 0.546875 0.06640625 0.0171875 0.0203125
10 0.54765625 0.04296875 0.04140625 0.06015625
0 0.5953125 0.0671875 0.01171875 0.0140625
3 0.59375 0.0375 0.01484375 0.03046875
1 0.59140625 0.046875 0.04921875 0.05546875
2 0.61015625 0.0796875 0.02265625 0.01328125
3 0.64453125 0.0359375 0.01484375 0.03125
10 0.6390625 0.046875 0.04296875 0.05546875
2 0.61328125 0.12890625 0.01953125 0.0203125
3 0.65625 0.08125 0.01953125 0.0359375
10 0.653125 0.0984375 0.046875 0.06953125
2 0.53359375 0.128125 0.01796875 0.0203125
3 0.56796875 0.08125 0.0171875 0.034375
10 0.56953125 0.09375 0.04453125 0.0609375
0 0.484375 0.11640625 0.0171875 0.01328125
3 0.48203125 0.07890625 0.01796875 0.03515625
10 0.478125 0.0921875 0.05078125 0.06171875
0 0.42890625 0.11875 0.015625 0.01875
3 0.4375 0.09375 0.01796875 0.03515625
1 0.4328125 0.1015625 0.03828125 0.05078125
3 0.39453125 0.08828125 0.01953125 0.03671875
10 0.396875 0.09609375 0.04140625 0.06328125
3 0.3484375 0.09140625 0.01640625 0.034375
10 0.35546875 0.10625 0.03984375 0.06796875
0 0.35390625 0.13515625 0.01015625 0.01875
0 0.265625 0.21796875 0.0140625 0.015625
2 0.26328125 0.22890625 0.025 0.025
3 0.26875 0.17421875 0.0171875 0.04296875
1 0.27109375 0.190625 0.05546875 0.07890625
7 0.32265625 0.20625 0.02109375 0.02578125
9 0.33046875 0.13671875 0.0203125 0.04375
10 0.33828125 0.16640625 0.07421875 0.1
0 0.3921875 0.19921875 0.021875 0.0203125
9 0.396875 0.13203125 0.0234375 0.0484375
10 0.40078125 0.1578125 0.05078125 0.10078125
0 0.453125 0.19296875 0.02734375 0.02109375
3 0.46171875 0.13046875 0.02109375 0.0453125
10 0.45625 0.15625 0.05234375 0.096875
0 0.5109375 0.18828125 0.03125 0.01875
3 0.51015625 0.12265625 0.01953125 0.04375
10 0.5109375 0.14765625 0.05859375 0.09375
5 0.57890625 0.2046875 0.01640625 0.009375
2 0.57578125 0.19921875 0.02578125 0.03046875
2 0.621875 0.20390625 0.0234375 0.02421875
9 0.58125 0.12421875 0.02109375 0.04296875
10 0.575 0.1453125 0.05078125 0.08515625
2 0.66171875 0.21875 0.03984375 0.02578125
3 0.659375 0.1359375 0.01953125 0.04375
10 0.65390625 0.16171875 0.04140625 0.09375
0 0.703125 0.20546875 0.0171875 0.01875
3 0.70625 0.16171875 0.0203125 0.04453125
1 0.7046875 0.17421875 0.05859375 0.08046875
0 0.759375 0.31796875 0.02421875 0.0265625
3 0.759375 0.2390625 0.0234375 0.053125
10 0.753125 0.26796875 0.05234375 0.11796875
0 0.7015625 0.29375 0.02421875 0.02109375
3 0.7046875 0.2359375 0.021875 0.04453125
10 0.69765625 0.2609375 0.059375 0.09453125
5 0.5234375 0.29375 0.01015625 0.01796875
0 0.53828125 0.27265625 0.01875 0.01953125
3 0.52890625 0.221875 0.02109375 0.0453125
10 0.53125 0.24375 0.071875 0.1015625
0 0.4625 0.28125 0.01875 0.02890625
3 0.46328125 0.2265625 0.02265625 0.046875
1 0.465625 0.24375 0.0546875 0.08515625
3 0.40390625 0.21953125 0.02578125 0.053125
10 0.40625 0.2546875 0.05703125 0.11640625
5 0.36484375 0.30546875 0.01953125 0.01328125
2 0.36875 0.3078125 0.028125 0.0359375
7 0.34375 0.290625 0.0234375 0.03671875
9 0.3453125 0.20625 0.021875 0.0546875
10 0.346875 0.23359375 0.0640625 0.11328125
10 0.28828125 0.303125 0.02578125 0.03203125
0 0.19453125 0.43125 0.01796875 0.0234375
0 0.259375 0.4234375 0.02421875 0.03125
3 0.190625 0.37890625 0.0265625 0.04921875
1 0.20078125 0.39140625 0.05546875 0.1015625
3 0.25703125 0.37421875 0.02421875 0.0453125
1 0.25546875 0.375 0.0609375 0.10546875
0 0.31640625 0.40390625 0.03125 0.03359375
3 0.315625 0.34609375 0.0265625 0.06015625
1 0.325 0.36875 0.07734375 0.1015625
2 0.36953125 0.42421875 0.03828125 0.03046875
2 0.4609375 0.40703125 0.0375 0.03671875
2 0.53125 0.41875 0.02890625 0.04609375
0 0.59765625 0.409375 0.028125 0.03046875
3 0.5953125 0.33671875 0.02734375 0.05625
10 0.5875 0.35625 0.07578125 0.13359375
5 0.64765625 0.43125 0.015625 0.03046875
8 0.66171875 0.38046875 0.0296875 0.05390625
1 0.65390625 0.36796875 0.06015625 0.1265625
8 0.72265625 0.39765625 0.03359375 0.0546875
1 0.71640625 0.39375 0.06015625 0.10078125
0 0.78203125 0.41796875 0.03359375 0.03046875
3 0.78828125 0.3734375 0.02421875 0.04453125
1 0.77890625 0.39140625 0.06328125 0.09140625
0 0.83203125 0.60703125 0.02421875 0.0265625
2 0.8375 0.62109375 0.0359375 0.04375
3 0.84140625 0.528125 0.03359375 0.0609375
1 0.82421875 0.54375 0.0703125 0.1515625
0 0.7765625 0.59375 0.03046875 0.021875
2 0.76328125 0.6234375 0.03046875 0.04375
3 0.771875 0.53125 0.03203125 0.06171875
1 0.75625 0.5453125 0.06953125 0.12421875
0 0.68515625 0.60625 0.034375 0.0359375
2 0.69453125 0.62109375 0.03125 0.06171875
3 0.6875 0.48984375 0.03046875 0.0796875
10 0.68203125 0.5359375 0.08125 0.17890625
2 0.596875 0.60546875 0.0484375 0.06640625
3 0.6046875 0.46875 0.03359375 0.07421875
10 0.60234375 0.50546875 0.0859375 0.15546875
2 0.43203125 0.596875 0.05859375 0.06875
0 0.41015625 0.56171875 0.02109375 0.03046875
3 0.4390625 0.4640625 0.03828125 0.0734375
10 0.434375 0.503125 0.1015625 0.15078125
0 0.346875 0.60078125 0.03046875 0.03125
3 0.33828125 0.48046875 0.028125 0.06875
10 0.346875 0.53046875 0.0734375 0.1703125
0 0.26015625 0.60390625 0.034375 0.028125
2 0.2609375 0.6109375 0.03515625 0.05546875
3 0.25625 0.53046875 0.02890625 0.0609375
1 0.2703125 0.55546875 0.08515625 0.12421875
0 0.196875 0.58203125 0.02421875 0.03515625
2 0.19609375 0.60625 0.03203125 0.05
3 0.19375 0.50234375 0.02421875 0.06171875
10 0.209375 0.534375 0.05390625 0.13046875
5 0.1375 0.60546875 0.01328125 0.03046875
9 0.134375 0.53125 0.0265625 0.053125
1 0.14609375 0.553125 0.06484375 0.09921875
2 0.13203125 0.61171875 0.02578125 0.04140625
0 0.92578125 0.5359375 0.01796875 0.01875
2 0.92109375 0.540625 0.02421875 0.0484375
3 0.92578125 0.4640625 0.021875 0.05078125
10 0.90625 0.4921875 0.06328125 0.10625
0 0.86875 0.38515625 0.01484375 0.0203125
2 0.865625 0.390625 0.02578125 0.03203125
3 0.86328125 0.3171875 0.02109375 0.0453125
10 0.85390625 0.34375 0.04921875 0.1015625
3 0.89453125 0.31796875 0.01796875 0.03984375
10 0.88828125 0.33359375 0.03203125 0.08125
5 0.7921875 0.23046875 0.009375 0.01484375
3 0.803125 0.16796875 0.01875 0.03671875
10 0.78984375 0.18125 0.0453125 0.06953125
3 0.82734375 0.16953125 0.01640625 0.03359375
10 0.82421875 0.190625 0.0265625 0.0703125
0 0.77265625 0.1546875 0.015625 0.01875
3 0.77109375 0.10546875 0.01640625 0.03671875
10 0.7625 0.12578125 0.0421875 0.07578125
3 0.80703125 0.11796875 0.01484375 0.034375
10 0.8 0.13046875 0.03359375 0.053125
8 0.74765625 0.08125 0.01484375 0.0265625
1 0.73828125 0.08203125 0.03515625 0.0359375
3 0.753125 0.04296875 0.01171875 0.0234375
10 0.746875 0.05546875 0.03125 0.04453125
9 0.72578125 0.02890625 0.01328125 0.02890625
10 0.71796875 0.034375 0.02734375 0.04453125