2 0.11953125 0.40390625 0.025 0.0265625
7 0.12890625 0.36953125 0.02421875 0.03828125
5 0.13828125 0.38125 0.01484375 0.02109375
3 0.125 0.33046875 0.0171875 0.0390625
10 0.13828125 0.34296875 0.04609375 0.065625
5 0.159375 0.27890625 0.01171875 0.01640625
3 0.1453125 0.2140625 0.01640625 0.0390625
10 0.15546875 0.23203125 0.0390625 0.0859375
2 0.18046875 0.19921875 0.01484375 0.01953125
2 0.21796875 0.19140625 0.01953125 0.0203125
3 0.18828125 0.146875 0.0125 0.03046875
3 0.2171875 0.1546875 0.01328125 0.03671875
10 0.19375 0.16171875 0.0328125 0.05625
10 0.22578125 0.1609375 0.0375 0.05625
0 0.2078125 0.1390625 0.01640625 0.01328125
0 0.2375 0.13046875 0.01484375 0.01328125
3 0.2078125 0.11015625 0.0125 0.03125
3 0.2390625 0.1015625 0.0125 0.0265625
10 0.21328125 0.11875 0.02890625 0.0484375
10 0.24375 0.1140625 0.03828125 0.053125
0 0.2625 0.09140625 0.01171875 0.0140625
3 0.26484375 0.06875 0.0140625 0.028125
1 0.27734375 0.0734375 0.0390625 0.04453125
3 0.27578125 0.02890625 0.01328125 0.0265625
1 0.278125 0.0359375 0.03046875 0.04375
3 0.30390625 0.01796875 0.01171875 0.025
0 0.30078125 0.0515625 0.01171875 0.0109375
10 0.30703125 0.03125 0.03125 0.05078125
0 0.35625 0.11796875 0.01328125 0.015625
0 0.38828125 0.125 0.01484375 0.01875
0 0.428125 0.1265625 0.0140625 0.0234375
0 0.428125 0.06796875 0.01796875 0.01171875
0 0.46640625 0.05625 0.02109375 0.01328125
3 0.39453125 0.04765625 0.01484375 0.03046875
3 0.35703125 0.08046875 0.01484375 0.03359375
3 0.39453125 0.084375 0.01640625 0.03046875
3 0.44140625 0.10390625 0.01640625 0.02890625
3 0.4296875 0.03046875 0.01484375 0.028125
10 0.35390625 0.0984375 0.040625 0.06953125
10 0.39453125 0.0984375 0.03828125 0.06953125
1 0.390625 0.05625 0.0375 0.046875
10 0.42890625 0.04375 0.04296875 0.05703125
1 0.43515625 0.11015625 0.040625 0.04453125
2 0.35859375 0.14140625 0.0171875 0.0203125
3 0.46796875 0.03046875 0.0109375 0.028125
10 0.46875 0.04296875 0.0359375 0.046875
0 0.48359375 0.11640625 0.0171875 0.01484375
3 0.48515625 0.07734375 0.01875 0.034375
10 0.48125 0.09140625 0.0515625 0.0609375
3 0.5171875 0.03125 0.01328125 0.02890625
10 0.51171875 0.04296875 0.03828125 0.05625
2 0.53359375 0.12578125 0.0171875 0.01875
2 0.53359375 0.075 0.02421875 0.01875
3 0.553125 0.03671875 0.01484375 0.03125
1 0.55 0.04296875 0.04140625 0.0453125
0 0.57265625 0.11796875 0.01484375 0.02109375
3 0.565625 0.07890625 0.0171875 0.034375
10 0.56953125 0.09375 0.04375 0.06328125
2 0.609375 0.07890625 0.02109375 0.0140625
3 0.59140625 0.03046875 0.01484375 0.03359375
1 0.59375 0.04296875 0.04609375 0.05625
3 0.64453125 0.04140625 0.01328125 0.028125
10 0.63828125 0.0515625 0.0375 0.04921875
3 0.65078125 0.07109375 0.01796875 0.0359375
10 0.65078125 0.09296875 0.04296875 0.07421875
0 0.70390625 0.20546875 0.015625 0.021875
2 0.7203125 0.215625 0.02265625 0.02421875
2 0.66015625 0.21796875 0.040625 0.025
2 0.621875 0.203125 0.0234375 0.02421875
3 0.66015625 0.1359375 0.01796875 0.04375
10 0.6546875 0.16171875 0.04296875 0.09296875
3 0.70703125 0.165625 0.02109375 0.03671875
1 0.70546875 0.178125 0.0578125 0.08046875
2 0.57578125 0.19921875 0.025 0.0296875
9 0.6046875 0.1234375 0.01640625 0.034375
10 0.5875 0.14765625 0.053125 0.08203125
9 0.40546875 0.134375 0.02109375 0.04453125
9 0.4625 0.13125 0.021875 0.03828125
9 0.509375 0.1296875 0.02265625 0.040625
5 0.45625 0.20390625 0.0140625 0.01484375
5 0.50859375 0.19453125 0.0171875 0.009375
10 0.50703125 0.1515625 0.053125 0.0859375
10 0.45390625 0.15625 0.05390625 0.084375
10 0.403125 0.16328125 0.05234375 0.09921875
2 0.4546875 0.20546875 0.02265625 0.02421875
2 0.51015625 0.19375 0.02109375 0.025
0 0.2703125 0.21875 0.01484375 0.01875
0 0.30625 0.20546875 0.0203125 0.0203125
2 0.2625 0.23046875 0.02109375 0.01640625
2 0.31796875 0.21796875 0.0203125 0.01796875
3 0.2703125 0.171875 0.01796875 0.03828125
3 0.3015625 0.1640625 0.02265625 0.03984375
1 0.26875 0.18984375 0.04765625 0.07578125
1 0.31328125 0.19140625 0.04921875 0.09609375
2 0.2875 0.30390625 0.02734375 0.03125
7 0.340625 0.290625 0.02109375 0.03515625
0 0.3625 0.303125 0.02265625 0.021875
2 0.3953125 0.29375 0.03046875 0.021875
0 0.40078125 0.2765625 0.025 0.021875
3 0.33828125 0.21796875 0.02109375 0.05625
3 0.40078125 0.21875 0.025 0.0515625
10 0.34140625 0.25 0.06171875 0.11875
10 0.40625 0.2421875 0.06484375 0.0953125
0 0.465625 0.27890625 0.02421875 0.02578125
0 0.51953125 0.28828125 0.01796875 0.03125
0 0.53828125 0.28125 0.01796875 0.02890625
3 0.46875 0.240625 0.0234375 0.04453125
3 0.5328125 0.21796875 0.02421875 0.04921875
1 0.46875 0.24375 0.05390625 0.075
10 0.53125 0.24296875 0.06953125 0.09453125
0 0.7015625 0.29453125 0.02578125 0.02421875
0 0.75703125 0.3171875 0.02421875 0.025
3 0.70078125 0.24375 0.021875 0.0484375
3 0.759375 0.2421875 0.0234375 0.04921875
10 0.696875 0.26484375 0.0578125 0.090625
10 0.75234375 0.26953125 0.05234375 0.11171875
3 0.78515625 0.375 0.02421875 0.04453125
0 0.784375 0.42421875 0.0265625 0.0203125
1 0.778125 0.390625 0.0703125 0.08671875
1 0.715625 0.39296875 0.06171875 0.09921875
8 0.7234375 0.396875 0.03203125 0.04453125
8 0.6609375 0.38046875 0.02578125 0.05390625
1 0.6546875 0.36875 0.06015625 0.12421875
5 0.64765625 0.43046875 0.015625 0.0296875
0 0.596875 0.409375 0.0296875 0.03125
3 0.59453125 0.334375 0.02578125 0.05625
10 0.5875 0.359375 0.075 0.13125
2 0.53125 0.41875 0.02890625 0.04609375
2 0.4609375 0.40625 0.03828125 0.0359375
2 0.36953125 0.42421875 0.03828125 0.03125
0 0.315625 0.403125 0.03046875 0.03359375
3 0.3171875 0.346875 0.02578125 0.05546875
10 0.32265625 0.36875 0.07890625 0.1
0 0.19375 0.42890625 0.0171875 0.02109375
0 0.25625 0.42578125 0.03203125 0.02578125
3 0.19140625 0.3796875 0.025 0.0484375
3 0.253125 0.3671875 0.02265625 0.04921875
1 0.2 0.3890625 0.05703125 0.096875
1 0.253125 0.37890625 0.0609375 0.1046875
5 0.13828125 0.60625 0.01484375 0.03203125
2 0.134375 0.60625 0.02890625 0.053125
3 0.1484375 0.55625 0.02578125 0.053125
1 0.15703125 0.565625 0.08046875 0.1
0 0.16640625 0.6015625 0.015625 0.028125
0 0.20234375 0.59140625 0.02421875 0.040625
2 0.19453125 0.60625 0.02890625 0.0546875
2 0.26171875 0.61015625 0.0359375 0.05546875
3 0.1875 0.5171875 0.028125 0.05859375
10 0.20703125 0.5421875 0.06796875 0.11015625
3 0.26328125 0.50546875 0.03203125 0.06328125
10 0.27109375 0.51875 0.0859375 0.1140625
9 0.3515625 0.48125 0.03046875 0.06171875
0 0.346875 0.60546875 0.03203125 0.03671875
5 0.42265625 0.59296875 0.01640625 0.0359375
10 0.34609375 0.53515625 0.0734375 0.1796875
3 0.40625 0.48046875 0.0359375 0.0703125
10 0.41953125 0.51796875 0.07578125 0.14921875
2 0.43203125 0.5984375 0.05859375 0.05546875
2 0.59765625 0.60625 0.04921875 0.07109375
2 0.69453125 0.628125 0.03359375 0.0453125
0 0.68515625 0.60390625 0.03359375 0.03828125
9 0.6796875 0.48203125 0.03671875 0.0703125
10 0.6828125 0.534375 0.08359375 0.16875
3 0.59453125 0.4765625 0.03359375 0.06953125
10 0.59140625 0.50078125 0.1 0.16953125
0 0.771875 0.6109375 0.0265625 0.03046875
0 0.83203125 0.60703125 0.02421875 0.02578125
2 0.76640625 0.61875 0.02890625 0.05546875
2 0.8375 0.61875 0.03359375 0.04453125
3 0.78125 0.51640625 0.03046875 0.06015625
3 0.83828125 0.5265625 0.03125 0.0609375
10 0.76015625 0.55234375 0.07421875 0.13984375
1 0.8234375 0.54375 0.06328125 0.1515625
2 0.72890625 0.84296875 0.05234375 0.08984375
0 0.68828125 0.81875 0.0375 0.04453125
3 0.67421875 0.65703125 0.0296875 0.071875
10 0.665625 0.73125 0.1109375 0.21796875
0 0.984375 0.75390625 0.01640625 0.0359375
2 0.98515625 0.76796875 0.02109375 0.03828125
0 0.92578125 0.53671875 0.01796875 0.01875
2 0.921875 0.540625 0.02421875 0.04609375
3 0.92734375 0.46640625 0.02265625 0.053125
10 0.90546875 0.49375 0.0640625 0.109375
0 0.86875 0.38515625 0.0140625 0.0203125
3 0.86328125 0.31640625 0.01875 0.0484375
3 0.89375 0.3140625 0.0171875 0.03984375
10 0.8546875 0.34375 0.04765625 0.10390625
10 0.8875 0.334375 0.02734375 0.08125
5 0.7921875 0.23046875 0.01015625 0.01640625
3 0.803125 0.16640625 0.0171875 0.03671875
10 0.78828125 0.18125 0.04609375 0.06796875
3 0.8296875 0.17890625 0.01640625 0.03828125
10 0.82421875 0.19140625 0.0265625 0.06171875
0 0.77265625 0.1546875 0.01484375 0.01875
3 0.77109375 0.10546875 0.0171875 0.0390625
3 0.80546875 0.11640625 0.01171875 0.03359375
10 0.7625 0.1234375 0.0421875 0.07109375
10 0.8 0.12890625 0.03203125 0.05859375
3 0.746875 0.065625 0.01328125 0.0296875
0 0.740625 0.103125 0.01484375 0.01484375
10 0.73828125 0.078125 0.03359375 0.0546875
6 0.7140625 0.01796875 0.0125 0.02890625
10 0.7125 0.03125 0.02578125 0.0546875
2 0.865625 0.390625 0.02578125 0.03359375