2 0.11953125 0.403125 0.025 0.025
5 0.13828125 0.38203125 0.01484375 0.0203125
7 0.12890625 0.371875 0.02421875 0.0359375
3 0.125 0.3328125 0.01953125 0.04140625
10 0.13828125 0.34375 0.04765625 0.065625
5 0.159375 0.278125 0.0109375 0.01796875
3 0.1484375 0.20625 0.01796875 0.03984375
10 0.15703125 0.23046875 0.03515625 0.0859375
2 0.2171875 0.1921875 0.01953125 0.01953125
2 0.1796875 0.20078125 0.01484375 0.01953125
0 0.190625 0.184375 0.015625 0.01328125
3 0.2171875 0.14296875 0.01484375 0.03515625
3 0.1890625 0.1484375 0.01328125 0.02890625
10 0.19296875 0.1640625 0.03125 0.06015625
10 0.2265625 0.15859375 0.03828125 0.06875
3 0.2078125 0.1125 0.01171875 0.025
10 0.21171875 0.11875 0.0265625 0.04375
3 0.2421875 0.08671875 0.01171875 0.0296875
10 0.24609375 0.1015625 0.0328125 0.059375
0 0.2625 0.090625 0.0109375 0.0140625
3 0.2640625 0.06796875 0.01328125 0.0265625
1 0.27890625 0.0734375 0.04296875 0.04140625
6 0.27890625 0.01875 0.01015625 0.0234375
10 0.2796875 0.0328125 0.02734375 0.05078125
3 0.30390625 0.01875 0.0125 0.025
0 0.30078125 0.05234375 0.009375 0.01015625
10 0.3078125 0.03203125 0.03359375 0.05078125
1 0.3671875 0.0203125 0.03515625 0.0390625
0 0.4 0.021875 0.0140625 0.0140625
3 0.3953125 0.04921875 0.01328125 0.02890625
1 0.38984375 0.05625 0.03828125 0.0484375
0 0.4375 0.06875 0.01640625 0.01484375
9 0.43515625 0.03046875 0.01328125 0.0296875
10 0.43515625 0.04453125 0.0375 0.06015625
0 0.4671875 0.0609375 0.01796875 0.01171875
3 0.4671875 0.03125 0.0125 0.03046875
10 0.46953125 0.040625 0.03515625 0.05078125
3 0.51328125 0.03203125 0.01328125 0.03203125
10 0.5109375 0.04453125 0.0375 0.05859375
2 0.534375 0.07734375 0.02265625 0.015625
3 0.55390625 0.03828125 0.01484375 0.0296875
1 0.55078125 0.046875 0.04140625 0.05
0 0.5953125 0.0640625 0.01015625 0.01875
2 0.61015625 0.078125 0.02109375 0.01171875
3 0.59453125 0.034375 0.01484375 0.03046875
1 0.59375 0.04609375 0.04609375 0.0546875
3 0.64375 0.04375 0.0140625 0.0296875
10 0.6390625 0.053125 0.03828125 0.05078125
3 0.64375 0.0859375 0.01484375 0.03671875
1 0.6453125 0.1015625 0.05859375 0.06484375
2 0.6140625 0.12890625 0.01953125 0.0203125
3 0.56953125 0.0859375 0.01640625 0.03203125
1 0.56953125 0.09375 0.04375 0.06171875
2 0.5328125 0.1265625 0.01875 0.01875
0 0.484375 0.1171875 0.01640625 0.0140625
3 0.484375 0.07890625 0.01796875 0.03359375
10 0.47890625 0.09140625 0.05 0.0609375
0 0.42734375 0.1265625 0.0140625 0.0234375
3 0.440625 0.1046875 0.0171875 0.03125
1 0.43515625 0.10703125 0.03984375 0.040625
0 0.38515625 0.1265625 0.01328125 0.01953125
3 0.3953125 0.08671875 0.01953125 0.03359375
10 0.3953125 0.09921875 0.03828125 0.06953125
3 0.35859375 0.0828125 0.015625 0.034375
10 0.35703125 0.1015625 0.03828125 0.06953125
2 0.35859375 0.14140625 0.0171875 0.01953125
0 0.2671875 0.21953125 0.01640625 0.01640625
2 0.2640625 0.228125 0.02265625 0.0234375
3 0.26640625 0.178125 0.01796875 0.03828125
1 0.26640625 0.190625 0.05234375 0.0765625
0 0.29921875 0.20625 0.01015625 0.02109375
2 0.31875 0.21640625 0.02265625 0.0265625
9 0.31171875 0.12890625 0.0171875 0.04375
10 0.31796875 0.16171875 0.05 0.10859375
9 0.403125 0.13203125 0.02109375 0.046875
10 0.40234375 0.1609375 0.0515625 0.1046875
5 0.45546875 0.203125 0.0140625 0.0140625
2 0.45390625 0.20546875 0.02265625 0.02421875
3 0.44765625 0.134375 0.02109375 0.04375
10 0.45546875 0.15390625 0.0546875 0.08359375
5 0.50859375 0.196875 0.0171875 0.00859375
9 0.50859375 0.11953125 0.0203125 0.04296875
10 0.51015625 0.1453125 0.05546875 0.09609375
2 0.51015625 0.196875 0.01875 0.0234375
2 0.575 0.2015625 0.0234375 0.0265625
0 0.6 0.165625 0.01484375 0.03203125
3 0.584375 0.1296875 0.0203125 0.0390625
10 0.57890625 0.14921875 0.05390625 0.08203125
2 0.62265625 0.203125 0.021875 0.0234375
2 0.66328125 0.21796875 0.04453125 0.0265625
3 0.66015625 0.13671875 0.01796875 0.040625
10 0.65390625 0.16015625 0.04375 0.0890625
0 0.703125 0.20703125 0.01796875 0.02109375
2 0.72109375 0.215625 0.0234375 0.02421875
3 0.70703125 0.1640625 0.01953125 0.0390625
1 0.70546875 0.1765625 0.05859375 0.078125
0 0.75859375 0.315625 0.02421875 0.02578125
0 0.7015625 0.29921875 0.02421875 0.021875
3 0.7609375 0.2421875 0.02421875 0.05078125
3 0.70078125 0.24296875 0.01953125 0.046875
10 0.69765625 0.2625 0.05703125 0.09140625
10 0.75234375 0.271875 0.0515625 0.11171875
0 0.53828125 0.275 0.01796875 0.01875
0 0.51953125 0.29140625 0.01796875 0.02890625
2 0.52890625 0.29609375 0.02890625 0.034375
0 0.46328125 0.28125 0.01796875 0.02890625
3 0.46875 0.24296875 0.0203125 0.04140625
3 0.5328125 0.2234375 0.02109375 0.04921875
1 0.46875 0.2453125 0.0546875 0.0796875
10 0.53203125 0.24609375 0.07109375 0.10078125
5 0.36484375 0.30703125 0.01875 0.01171875
2 0.36875 0.309375 0.0265625 0.03671875
0 0.4015625 0.27421875 0.02734375 0.0234375
7 0.34375 0.290625 0.0265625 0.03671875
2 0.39609375 0.29375 0.0296875 0.0234375
3 0.35078125 0.2265625 0.021875 0.05390625
3 0.40234375 0.21875 0.0234375 0.05390625
10 0.34375 0.25390625 0.06171875 0.10703125
10 0.40703125 0.24140625 0.06484375 0.09921875
2 0.28828125 0.303125 0.02578125 0.0296875
0 0.19453125 0.43125 0.01796875 0.0234375
3 0.190625 0.37890625 0.02578125 0.0484375
3 0.253125 0.37109375 0.02265625 0.04609375
0 0.25703125 0.425 0.03125 0.0296875
1 0.20078125 0.3890625 0.05703125 0.10078125
1 0.2546875 0.378125 0.06171875 0.10546875
0 0.31640625 0.4015625 0.03125 0.03671875
3 0.3171875 0.3484375 0.02578125 0.05703125
10 0.32421875 0.36875 0.07734375 0.1
2 0.3703125 0.42578125 0.03828125 0.03203125
10 0.32265625 0.36640625 0.07734375 0.1
10 0.321875 0.36484375 0.07734375 0.1
2 0.4609375 0.409375 0.03828125 0.03671875
2 0.53125 0.42109375 0.02890625 0.0453125
3 0.596875 0.334375 0.0265625 0.05546875
10 0.5875 0.35546875 0.07578125 0.128125
5 0.64765625 0.43046875 0.015625 0.0296875
8 0.66171875 0.38046875 0.0265625 0.05078125
1 0.65546875 0.36796875 0.06015625 0.1234375
8 0.72421875 0.3984375 0.0296875 0.046875
1 0.71640625 0.39609375 0.0625 0.10390625
0 0.78515625 0.42421875 0.028125 0.0234375
3 0.7875 0.371875 0.02265625 0.04921875
1 0.78046875 0.390625 0.06484375 0.08984375
0 0.83203125 0.60859375 0.02265625 0.0265625
0 0.775 0.603125 0.0296875 0.02578125
2 0.7640625 0.62578125 0.03203125 0.0390625
2 0.8375 0.62265625 0.03359375 0.04375
3 0.7734375 0.53203125 0.03125 0.06328125
3 0.8359375 0.53125 0.03359375 0.059375
1 0.75625 0.546875 0.06953125 0.125
1 0.82421875 0.54453125 0.0703125 0.1484375
0 0.68515625 0.603125 0.03359375 0.03671875
9 0.68203125 0.4828125 0.03671875 0.0734375
10 0.68125 0.53203125 0.0796875 0.16796875
3 0.58984375 0.453125 0.03515625 0.07109375
10 0.603125 0.496875 0.09296875 0.159375
2 0.596875 0.60625 0.0484375 0.06640625
0 0.346875 0.5984375 0.03203125 0.03046875
0 0.41796875 0.590625 0.0234375 0.04453125
2 0.43203125 0.60234375 0.05703125 0.0640625
3 0.425 0.49453125 0.03046875 0.08046875
3 0.34140625 0.48203125 0.028125 0.06484375
10 0.346875 0.53125 0.0734375 0.165625
10 0.43046875 0.53046875 0.09140625 0.15078125
0 0.2125 0.596875 0.02734375 0.04453125
0 0.2 0.5796875 0.0265625 0.028125
2 0.2609375 0.61171875 0.03515625 0.05859375
2 0.134375 0.60703125 0.0296875 0.0515625
5 0.1375 0.60546875 0.01484375 0.03359375
9 0.1515625 0.521875 0.02578125 0.05859375
3 0.19921875 0.50625 0.02421875 0.05703125
9 0.225 0.50078125 0.0265625 0.06640625
1 0.26015625 0.52578125 0.09609375 0.11875
10 0.20625 0.5328125 0.0453125 0.12109375
10 0.15078125 0.5453125 0.06796875 0.109375
2 0.7296875 0.84375 0.05078125 0.0890625
0 0.68984375 0.80625 0.0390625 0.04375
3 0.67109375 0.65390625 0.03203125 0.0796875
10 0.66875 0.721875 0.10546875 0.21484375
0 0.98359375 0.7546875 0.015625 0.03515625
0 0.92578125 0.5375 0.01796875 0.01953125
3 0.92734375 0.465625 0.021875 0.0515625
10 0.9078125 0.49375 0.06171875 0.10390625
0 0.86875 0.3859375 0.0140625 0.02109375
2 0.865625 0.390625 0.02421875 0.03203125
3 0.8625 0.3171875 0.01953125 0.0453125
10 0.85390625 0.34375 0.04921875 0.10078125
3 0.89296875 0.31328125 0.01875 0.040625
10 0.8875 0.33359375 0.02890625 0.084375
3 0.8015625 0.16328125 0.01640625 0.03828125
10 0.7890625 0.18046875 0.04296875 0.071875
5 0.79296875 0.23046875 0.0109375 0.01640625
10 0.825 0.19140625 0.02734375 0.065625
3 0.83046875 0.17578125 0.0140625 0.03359375
0 0.7734375 0.15390625 0.01484375 0.02109375
3 0.77109375 0.10546875 0.01640625 0.03671875
10 0.76328125 0.1234375 0.040625 0.075
3 0.80546875 0.11796875 0.0125 0.03125
3 0.80078125 0.1296875 0.03203125 0.05703125
0 0.740625 0.10234375 0.0140625 0.01953125
3 0.74609375 0.0671875 0.0125 0.02890625
10 0.73984375 0.078125 0.0328125 0.05078125
3 0.7515625 0.04296875 0.0125 0.025
9 0.71953125 0.02734375 0.0125 0.0265625
10 0.71328125 0.04140625 0.028125 0.05546875