10 0.13671875 0.33671875 0.04609375 0.06640625
2 0.13125 0.37109375 0.0234375 0.03828125
2 0.1203125 0.4046875 0.02734375 0.028125
10 0.15546875 0.2375 0.0421875 0.09375
10 0.19140625 0.1734375 0.03515625 0.05546875
10 0.22578125 0.1640625 0.0375 0.05546875
2 0.2171875 0.1921875 0.01953125 0.025
10 0.2125 0.1203125 0.0296875 0.05
10 0.24609375 0.1109375 0.03515625 0.05625
1 0.2765625 0.07578125 0.03984375 0.04375
1 0.390625 0.05703125 0.0390625 0.053125
10 0.35703125 0.1 0.040625 0.078125
1 0.396875 0.10390625 0.0421875 0.06875
10 0.4296875 0.04921875 0.04140625 0.05859375
10 0.46953125 0.04296875 0.0375 0.053125
10 0.5125 0.04609375 0.03984375 0.06171875
2 0.534375 0.128125 0.01875 0.0234375
1 0.55078125 0.046875 0.04296875 0.053125
10 0.5921875 0.04140625 0.04453125 0.06640625
10 0.63671875 0.0484375 0.0375 0.05625
10 0.653125 0.09140625 0.0515625 0.090625
1 0.56875 0.09453125 0.04765625 0.06796875
1 0.7046875 0.17890625 0.06015625 0.08359375
10 0.65390625 0.16875 0.04453125 0.08671875
2 0.62265625 0.203125 0.02421875 0.03046875
2 0.28828125 0.30390625 0.02890625 0.034375
0 0.40703125 0.275 0.02734375 0.021875
1 0.4703125 0.2484375 0.05625 0.08046875
10 0.53125 0.24375 0.07265625 0.1
0 0.534375 0.28203125 0.02890625 0.0296875
10 0.69609375 0.2625 0.0609375 0.09375
10 0.753125 0.27109375 0.0578125 0.1203125
1 0.78125 0.39140625 0.06953125 0.0984375
1 0.71796875 0.39609375 0.06484375 0.10390625
1 0.65546875 0.36875 0.0640625 0.1296875
10 0.5890625 0.35859375 0.07734375 0.13828125
2 0.53203125 0.42109375 0.03046875 0.05078125
2 0.4625 0.41015625 0.03984375 0.0390625
2 0.3703125 0.42578125 0.03984375 0.03671875
10 0.32265625 0.36875 0.07890625 0.10390625
1 0.253125 0.37578125 0.06328125 0.11875
1 0.2015625 0.3875 0.05859375 0.10625
2 0.19765625 0.60546875 0.03359375 0.0609375
1 0.2671875 0.5734375 0.09453125 0.12578125
10 0.42265625 0.51484375 0.07734375 0.17421875
10 0.76015625 0.55078125 0.07421875 0.14453125
1 0.825 0.5484375 0.07109375 0.17109375
10 0.71171875 0.03671875 0.0296875 0.053125
10 0.7390625 0.07890625 0.03359375 0.059375
10 0.8 0.1234375 0.03046875 0.04921875
10 0.82421875 0.18046875 0.02109375 0.0796875
10 0.85625 0.34375 0.0453125 0.109375
10 0.88671875 0.33203125 0.03125 0.0890625
10 0.96875 0.7140625 0.0625 0.09375
2 0.36953125 0.30703125 0.028125 0.03984375
10 0.48125 0.09140625 0.05390625 0.06875
10 0.5953125 0.1484375 0.06796875 0.09453125
1 0.3421875 0.2546875 0.06953125 0.09453125
10 0.40859375 0.23984375 0.065625 0.1015625
2 0.73125 0.84453125 0.05078125 0.09296875
10 0.90390625 0.48984375 0.06640625 0.11484375
10 0.79765625 0.1734375 0.03203125 0.08046875
10 0.765625 0.15390625 0.0421875 0.13671875
2 0.6625 0.21875 0.03984375 0.03046875
2 0.72265625 0.2171875 0.02265625 0.0265625
10 0.309375 0.03203125 0.0328125 0.05
1 0.36796875 0.02109375 0.0359375 0.040625
10 0.5109375 0.1578125 0.06171875 0.10859375
10 0.45625 0.16171875 0.0546875 0.10390625
10 0.403125 0.15703125 0.05625 0.09453125
2 0.6109375 0.0765625 0.02109375 0.01875
1 0.14609375 0.5609375 0.0703125 0.10625
10 0.225 0.50546875 0.059375 0.159375
10 0.346875 0.5234375 0.06015625 0.153125
10 0.59453125 0.521875 0.09140625 0.1453125
10 0.68359375 0.5375 0.08671875 0.18046875
10 0.671875 0.75234375 0.12265625 0.17890625
5 0.1375 0.38203125 0.0171875 0.025
5 0.159375 0.278125 0.01328125 0.021875
2 0.1796875 0.20390625 0.015625 0.0203125
2 0.26015625 0.09296875 0.01875 0.01796875
1 0.28125 0.040625 0.0265625 0.04296875
1 0.43515625 0.1109375 0.04296875 0.05078125
2 0.57578125 0.2015625 0.02578125 0.03046875
1 0.31640625 0.184375 0.05 0.07421875
1 0.27265625 0.18984375 0.04453125 0.08359375
8 0.6625 0.38046875 0.03203125 0.05703125
5 0.64765625 0.43203125 0.01796875 0.03359375
8 0.72578125 0.40390625 0.03671875 0.05703125
0 0.98515625 0.753125 0.01796875 0.0453125
5 0.7921875 0.2296875 0.01171875 0.0203125
3 0.13125 0.54375 0.0265625 0.06171875
0 0.1390625 0.603125 0.02578125 0.03359375
3 0.21328125 0.459375 0.02890625 0.06328125
0 0.21015625 0.51796875 0.025 0.03984375
3 0.26171875 0.5515625 0.0328125 0.0640625
0 0.26171875 0.61875 0.0328125 0.03515625
9 0.34453125 0.484375 0.03515625 0.06640625
5 0.353125 0.6140625 0.0234375 0.0484375
9 0.4078125 0.4640625 0.04375 0.0734375
5 0.4234375 0.5953125 0.01875 0.04296875
9 0.6171875 0.496875 0.03984375 0.07578125
2 0.596875 0.6171875 0.04921875 0.06015625
3 0.68828125 0.4984375 0.0375 0.08046875
0 0.684375 0.60625 0.0359375 0.04375
3 0.78125 0.52109375 0.0328125 0.0640625
0 0.77421875 0.61015625 0.0296875 0.03125
3 0.83984375 0.5265625 0.0359375 0.06875
0 0.8375 0.61640625 0.0328125 0.0359375
3 0.69375 0.73203125 0.04140625 0.084375
0 0.69765625 0.8234375 0.025 0.04140625
3 0.12421875 0.33125 0.021875 0.04609375
3 0.14765625 0.215625 0.02109375 0.04296875
3 0.1859375 0.1625 0.01484375 0.03046875
3 0.21640625 0.15546875 0.015625 0.040625
3 0.20703125 0.11328125 0.01484375 0.03125
0 0.2078125 0.1375 0.01640625 0.015625
3 0.24375 0.0984375 0.01484375 0.03046875
3 0.265625 0.06875 0.01484375 0.03203125
3 0.27890625 0.03359375 0.01484375 0.02890625
3 0.303125 0.021875 0.0140625 0.0265625
0 0.30234375 0.0515625 0.01171875 0.01171875
3 0.39609375 0.04921875 0.0140625 0.03046875
3 0.3515625 0.08125 0.01796875 0.0359375
2 0.35859375 0.14140625 0.01796875 0.025
3 0.39453125 0.09296875 0.02109375 0.03984375
0 0.3875 0.13046875 0.01484375 0.021875
6 0.40390625 0.13828125 0.025 0.05078125
3 0.4265625 0.0359375 0.01484375 0.03046875
0 0.42890625 0.06953125 0.01796875 0.01640625
0 0.428125 0.12734375 0.01484375 0.0234375
3 0.4421875 0.10625 0.01953125 0.034375
3 0.46953125 0.0328125 0.01484375 0.03046875
3 0.4859375 0.07890625 0.01953125 0.0359375
0 0.4828125 0.11640625 0.01796875 0.01484375
3 0.5125 0.03125 0.01640625 0.03359375
7 0.51328125 0.071875 0.01796875 0.015625
2 0.534375 0.07890625 0.02578125 0.0203125
3 0.553125 0.04375 0.01640625 0.03125
7 0.54609375 0.06796875 0.0171875 0.02109375
3 0.59296875 0.03046875 0.0171875 0.03828125
0 0.59375 0.065625 0.02109375 0.01796875
3 0.64375 0.04140625 0.015625 0.034375
9 0.6515625 0.06484375 0.02265625 0.03671875
3 0.56640625 0.08125 0.02109375 0.03671875
0 0.57421875 0.11953125 0.01796875 0.02109375
3 0.50625 0.13046875 0.02265625 0.04921875
3 0.44921875 0.13515625 0.021875 0.0484375
0 0.45625 0.1890625 0.01484375 0.028125
3 0.3046875 0.17109375 0.02421875 0.04140625
3 0.27265625 0.171875 0.01953125 0.04453125
0 0.28046875 0.21171875 0.0171875 0.01953125
0 0.31015625 0.2109375 0.02421875 0.021875
3 0.40546875 0.21796875 0.0265625 0.0546875
3 0.47265625 0.24375 0.02578125 0.05390625
0 0.465625 0.278125 0.02578125 0.0265625
3 0.534375 0.2234375 0.02578125 0.05390625
5 0.52421875 0.2953125 0.01328125 0.02578125
3 0.70234375 0.2421875 0.02265625 0.053125
0 0.70078125 0.29921875 0.028125 0.021875
0 0.75859375 0.3171875 0.02734375 0.0265625
3 0.76015625 0.24140625 0.02421875 0.05625
3 0.70859375 0.16640625 0.021875 0.04140625
3 0.6578125 0.1484375 0.02109375 0.04296875
9 0.61484375 0.121875 0.0234375 0.04453125
0 0.6203125 0.1515625 0.01640625 0.0234375
7 0.5109375 0.19609375 0.02421875 0.02890625
0 0.49453125 0.20546875 0.02421875 0.028125
3 0.1921875 0.3765625 0.02890625 0.05078125
0 0.19453125 0.428125 0.01953125 0.025
0 0.259375 0.4234375 0.02890625 0.03203125
3 0.253125 0.37265625 0.02578125 0.05625
3 0.31875 0.35078125 0.02890625 0.06328125
0 0.31640625 0.40078125 0.03046875 0.03203125
3 0.5953125 0.33359375 0.03046875 0.06171875
0 0.596875 0.4109375 0.0296875 0.03125
3 0.79140625 0.37578125 0.02734375 0.0515625
0 0.78515625 0.41953125 0.02890625 0.03671875
0 0.925 0.5359375 0.01953125 0.02109375
3 0.86328125 0.31796875 0.021875 0.05078125
0 0.86953125 0.38671875 0.015625 0.0234375
3 0.8921875 0.31328125 0.01875 0.04453125
3 0.82265625 0.159375 0.01640625 0.03671875
3 0.803125 0.15390625 0.01953125 0.04140625
3 0.8046875 0.11796875 0.015625 0.03515625
9 0.77109375 0.1078125 0.021875 0.04375
0 0.703125 0.2078125 0.0203125 0.02109375
3 0.775 0.078125 0.015625 0.034375
9 0.74375 0.06640625 0.01484375 0.03359375
3 0.71875 0.0265625 0.0140625 0.03125
3 0.75 0.0453125 0.0140625 0.028125