2 0.11953125 0.40390625 0.025 0.02578125
7 0.128125 0.371875 0.02421875 0.03828125
5 0.13828125 0.38125 0.015625 0.021875
3 0.125 0.33046875 0.01953125 0.03984375
10 0.1390625 0.34296875 0.04609375 0.06796875
5 0.159375 0.278125 0.01171875 0.01796875
3 0.1453125 0.215625 0.01796875 0.0390625
10 0.15625 0.23828125 0.0390625 0.0859375
2 0.1796875 0.20078125 0.01484375 0.01953125
2 0.2171875 0.19140625 0.01875 0.02109375
3 0.18984375 0.1484375 0.0140625 0.02890625
0 0.190625 0.18359375 0.01640625 0.01484375
3 0.21953125 0.128125 0.01484375 0.034375
10 0.19375 0.16328125 0.0328125 0.05703125
10 0.22578125 0.146875 0.03515625 0.075
3 0.20703125 0.1109375 0.01015625 0.0296875
0 0.2078125 0.1390625 0.01484375 0.01328125
10 0.21015625 0.11953125 0.021875 0.05
3 0.23828125 0.10234375 0.01328125 0.0265625
1 0.246875 0.11328125 0.03515625 0.04921875
5 0.26328125 0.09375 0.01015625 0.009375
3 0.26328125 0.06875 0.01484375 0.0296875
1 0.27890625 0.0734375 0.04296875 0.04296875
3 0.27421875 0.0328125 0.01484375 0.0265625
1 0.278125 0.040625 0.03203125 0.03984375
3 0.3046875 0.01796875 0.01328125 0.025
0 0.3015625 0.053125 0.009375 0.01328125
10 0.30703125 0.03203125 0.03203125 0.0546875
3 0.3953125 0.04921875 0.0125 0.03125
3 0.3578125 0.08046875 0.01484375 0.03515625
3 0.39453125 0.08359375 0.01875 0.03359375
6 0.428125 0.03203125 0.01328125 0.02890625
0 0.35703125 0.11796875 0.01328125 0.0140625
0 0.390625 0.12578125 0.01796875 0.01875
0 0.42890625 0.06875 0.01796875 0.0140625
1 0.38984375 0.05546875 0.0390625 0.05
10 0.4296875 0.04765625 0.04140625 0.05625
10 0.35625 0.09921875 0.03984375 0.07109375
2 0.35859375 0.14140625 0.0171875 0.01953125
10 0.39453125 0.096875 0.03828125 0.06875
0 0.428125 0.12578125 0.0140625 0.02421875
3 0.44140625 0.10390625 0.01796875 0.02890625
1 0.434375 0.11015625 0.04140625 0.04453125
0 0.484375 0.11640625 0.0171875 0.0140625
0 0.46640625 0.059375 0.01796875 0.01328125
3 0.46796875 0.03125 0.01328125 0.028125
3 0.48515625 0.078125 0.01640625 0.03359375
3 0.51875 0.03203125 0.0140625 0.02890625
3 0.553125 0.0375 0.0140625 0.03046875
2 0.5328125 0.0765625 0.02421875 0.01953125
10 0.51171875 0.0453125 0.03828125 0.05390625
10 0.48125 0.09140625 0.053125 0.06015625
10 0.46953125 0.04296875 0.0375 0.04921875
2 0.53359375 0.1265625 0.0171875 0.01953125
2 0.61328125 0.12890625 0.01953125 0.0203125
2 0.61015625 0.07890625 0.02109375 0.01328125
2 0.59140625 0.07421875 0.01796875 0.01640625
3 0.565625 0.08046875 0.0171875 0.03203125
3 0.59140625 0.03046875 0.01484375 0.03359375
1 0.56796875 0.09296875 0.0421875 0.0640625
1 0.55 0.04453125 0.04140625 0.04921875
1 0.5921875 0.04296875 0.046875 0.05859375
3 0.64140625 0.028125 0.0125 0.03359375
10 0.63828125 0.04296875 0.04140625 0.06328125
3 0.65859375 0.09296875 0.01484375 0.03359375
1 0.6515625 0.10625 0.05234375 0.065625
0 0.703125 0.20625 0.01796875 0.021875
2 0.72109375 0.21640625 0.0234375 0.02578125
3 0.70703125 0.165625 0.01875 0.03828125
1 0.7046875 0.178125 0.05859375 0.078125
2 0.621875 0.203125 0.0234375 0.025
2 0.66328125 0.21796875 0.04296875 0.0265625
3 0.66015625 0.1359375 0.01796875 0.04296875
10 0.65390625 0.16171875 0.04296875 0.09375
2 0.575 0.20078125 0.02578125 0.03046875
9 0.5828125 0.11796875 0.02109375 0.040625
10 0.578125 0.14296875 0.0546875 0.09375
0 0.4578125 0.19375 0.015625 0.0203125
5 0.50703125 0.19609375 0.015625 0.009375
3 0.453125 0.1328125 0.02109375 0.0453125
3 0.509375 0.13046875 0.0203125 0.04609375
10 0.45546875 0.1609375 0.0515625 0.09375
10 0.509375 0.15078125 0.0546875 0.08671875
9 0.409375 0.134375 0.02265625 0.04453125
5 0.390625 0.2109375 0.01328125 0.01796875
10 0.403125 0.15703125 0.05546875 0.09453125
2 0.2625 0.23046875 0.02265625 0.0203125
2 0.31875 0.21796875 0.02109375 0.01796875
0 0.284375 0.20625 0.0171875 0.01875
0 0.309375 0.20625 0.01953125 0.01953125
9 0.27421875 0.16328125 0.02109375 0.03828125
3 0.31015625 0.14375 0.02109375 0.04296875
10 0.27578125 0.18125 0.04296875 0.07890625
10 0.31875 0.16875 0.0421875 0.09296875
2 0.28828125 0.303125 0.028125 0.03203125
0 0.340625 0.28984375 0.02265625 0.02421875
2 0.36875 0.30625 0.02421875 0.03515625
3 0.340625 0.22578125 0.02109375 0.05546875
10 0.34375 0.24921875 0.06484375 0.10390625
7 0.3953125 0.29296875 0.02890625 0.0296875
3 0.434375 0.21875 0.0265625 0.05546875
0 0.434375 0.29140625 0.02265625 0.0234375
0 0.46640625 0.27734375 0.02421875 0.0265625
10 0.421875 0.24453125 0.05234375 0.11015625
3 0.46484375 0.23515625 0.02265625 0.04453125
1 0.4703125 0.24453125 0.04921875 0.07578125
9 0.525 0.20625 0.0234375 0.04921875
5 0.5234375 0.29453125 0.01015625 0.01953125
5 0.53359375 0.28671875 0.0109375 0.01953125
10 0.53203125 0.2328125 0.07109375 0.10859375
0 0.70078125 0.29609375 0.02265625 0.0234375
0 0.75703125 0.31640625 0.025 0.0265625
3 0.7 0.24296875 0.02109375 0.04921875
3 0.759375 0.24140625 0.021875 0.05
1 0.696875 0.2625 0.0578125 0.09140625
1 0.75234375 0.26953125 0.05390625 0.1109375
0 0.784375 0.425 0.0265625 0.0203125
3 0.78515625 0.37578125 0.02421875 0.04375
1 0.7765625 0.39140625 0.07265625 0.0859375
8 0.72265625 0.39765625 0.03046875 0.0453125
8 0.66328125 0.38046875 0.028125 0.0515625
1 0.71484375 0.3953125 0.06328125 0.1015625
1 0.653125 0.36875 0.05859375 0.12421875
5 0.64765625 0.43125 0.01640625 0.03046875
2 0.53203125 0.41953125 0.02890625 0.04609375
0 0.5953125 0.409375 0.028125 0.03046875
3 0.59453125 0.33515625 0.02578125 0.05546875
10 0.5875 0.359375 0.0734375 0.13125
2 0.3703125 0.425 0.03828125 0.03125
2 0.4609375 0.40859375 0.03828125 0.0390625
0 0.25625 0.428125 0.03046875 0.0234375
0 0.315625 0.403125 0.03046875 0.034375
3 0.2546875 0.37109375 0.02265625 0.05
3 0.31796875 0.34765625 0.0265625 0.05625
1 0.32265625 0.36796875 0.07890625 0.10078125
1 0.253125 0.38125 0.06171875 0.1046875
3 0.190625 0.38046875 0.0234375 0.0484375
0 0.19375 0.43046875 0.0171875 0.0234375
1 0.1984375 0.38671875 0.05546875 0.09375
5 0.1375 0.60625 0.01484375 0.03203125
0 0.165625 0.60390625 0.01796875 0.03203125
0 0.2015625 0.59375 0.02421875 0.04296875
2 0.134375 0.60703125 0.02734375 0.04921875
2 0.19375 0.60625 0.02890625 0.0546875
3 0.14765625 0.5625 0.02578125 0.05625
1 0.15390625 0.56640625 0.07109375 0.1015625
3 0.18984375 0.50703125 0.0265625 0.05859375
10 0.2078125 0.54140625 0.06015625 0.1265625
6 0.26171875 0.4890625 0.02890625 0.06875
2 0.26015625 0.61171875 0.034375 0.05625
10 0.27109375 0.52265625 0.07734375 0.14375
0 0.34140625 0.60625 0.02265625 0.0359375
5 0.4234375 0.59375 0.01484375 0.0359375
9 0.3453125 0.48046875 0.02890625 0.0640625
3 0.40390625 0.48125 0.03359375 0.06953125
10 0.34296875 0.53046875 0.0671875 0.1703125
10 0.42265625 0.51953125 0.07265625 0.15390625
2 0.43125 0.6015625 0.06015625 0.059375
9 0.62890625 0.46640625 0.03359375 0.075
10 0.60390625 0.5109375 0.08671875 0.16953125
2 0.59765625 0.61328125 0.04921875 0.05546875
3 0.68515625 0.49296875 0.03046875 0.07421875
10 0.68359375 0.53125 0.0828125 0.16328125
0 0.6828125 0.603125 0.03515625 0.0390625
2 0.69453125 0.6203125 0.03359375 0.059375
0 0.771875 0.609375 0.02890625 0.03125
0 0.83203125 0.60859375 0.02421875 0.028125
2 0.76640625 0.61796875 0.03046875 0.0546875
2 0.83828125 0.62109375 0.03515625 0.04375
3 0.78125 0.51796875 0.03203125 0.05859375
3 0.8390625 0.52890625 0.03125 0.06328125
1 0.76015625 0.55078125 0.07265625 0.13671875
1 0.825 0.54375 0.05859375 0.15
2 0.72890625 0.84296875 0.05078125 0.08828125
0 0.68984375 0.8171875 0.0390625 0.0453125
3 0.6703125 0.65703125 0.03125 0.078125
10 0.66484375 0.73046875 0.11015625 0.21640625
0 0.98359375 0.75390625 0.0171875 0.0390625
2 0.9859375 0.771875 0.01953125 0.03046875
0 0.92578125 0.53671875 0.01796875 0.01953125
2 0.9203125 0.54140625 0.025 0.04921875
3 0.928125 0.46640625 0.02265625 0.05078125
10 0.90703125 0.49296875 0.0625 0.10859375
0 0.86953125 0.3859375 0.01484375 0.01875
2 0.8640625 0.390625 0.02578125 0.03359375
3 0.86328125 0.31796875 0.01953125 0.04609375
10 0.85390625 0.34296875 0.04921875 0.103125
3 0.89375 0.315625 0.0171875 0.040625
10 0.88828125 0.3328125 0.02890625 0.07890625
3 0.80078125 0.175 0.01640625 0.04296875
3 0.8296875 0.1796875 0.01640625 0.03515625
5 0.7921875 0.23046875 0.009375 0.015625
10 0.7921875 0.18046875 0.0375 0.06640625
10 0.8234375 0.19140625 0.02734375 0.0609375
0 0.771875 0.15390625 0.01484375 0.01875
3 0.77109375 0.10546875 0.0171875 0.03671875
10 0.76328125 0.12578125 0.03984375 0.07421875
3 0.8046875 0.1171875 0.01328125 0.03203125
10 0.80078125 0.1296875 0.03125 0.059375
3 0.7375 0.059375 0.01171875 0.02578125
3 0.7515625 0.04296875 0.01171875 0.0234375
3 0.71640625 0.0234375 0.0125 0.0296875
10 0.73671875 0.078125 0.03203125 0.06171875
1 0.74765625 0.05546875 0.02890625 0.04453125
10 0.71328125 0.03359375 0.025 0.0515625