10 0.13515625 0.340625 0.04609375 0.06875
2 0.1296875 0.3703125 0.025 0.040625
2 0.1203125 0.4046875 0.02734375 0.028125
10 0.15625 0.23828125 0.0421875 0.08828125
10 0.18828125 0.171875 0.034375 0.05546875
10 0.22578125 0.165625 0.03984375 0.06171875
2 0.2171875 0.1921875 0.01953125 0.025
10 0.2109375 0.11953125 0.02734375 0.0515625
10 0.2375 0.115625 0.03515625 0.0546875
1 0.27578125 0.0734375 0.03828125 0.04375
1 0.390625 0.05625 0.0390625 0.053125
10 0.35078125 0.09765625 0.03984375 0.08046875
1 0.3953125 0.0984375 0.04296875 0.06875
10 0.4296875 0.0484375 0.04296875 0.05703125
10 0.46953125 0.04296875 0.0375 0.053125
10 0.5109375 0.04453125 0.040625 0.0609375
2 0.534375 0.128125 0.01875 0.0234375
1 0.55 0.04453125 0.0421875 0.053125
10 0.59140625 0.04296875 0.04453125 0.05859375
10 0.6375 0.046875 0.04140625 0.06171875
1 0.6546875 0.10703125 0.06015625 0.065625
1 0.56875 0.09296875 0.04296875 0.0640625
2 0.61328125 0.1296875 0.01953125 0.02421875
1 0.70546875 0.1765625 0.06015625 0.08046875
10 0.65390625 0.1625 0.04453125 0.075
2 0.62265625 0.203125 0.02421875 0.03046875
2 0.28828125 0.30390625 0.02890625 0.034375
0 0.40625 0.28125 0.0203125 0.02109375
1 0.46953125 0.2484375 0.05703125 0.08046875
10 0.53203125 0.2421875 0.07421875 0.096875
0 0.53046875 0.28046875 0.02265625 0.0296875
10 0.696875 0.2609375 0.06328125 0.09375
10 0.753125 0.26875 0.05703125 0.11875
1 0.778125 0.38359375 0.0703125 0.1015625
1 0.71875 0.396875 0.06484375 0.10625
1 0.65546875 0.36875 0.0640625 0.1296875
10 0.58828125 0.35625 0.07890625 0.140625
2 0.53125 0.41953125 0.03046875 0.05078125
2 0.46171875 0.40546875 0.03984375 0.0390625
2 0.36953125 0.42421875 0.03828125 0.04296875
10 0.32265625 0.36796875 0.08203125 0.1046875
1 0.25390625 0.38125 0.06640625 0.125
1 0.20234375 0.3875 0.0578125 0.10625
2 0.19765625 0.60546875 0.03359375 0.0609375
1 0.26640625 0.57265625 0.09609375 0.11953125
10 0.4234375 0.51640625 0.075 0.15703125
10 0.7609375 0.553125 0.07421875 0.14453125
1 0.82421875 0.54296875 0.0703125 0.165625
10 0.7140625 0.03203125 0.02578125 0.053125
10 0.73203125 0.07421875 0.03359375 0.06875
10 0.80078125 0.12578125 0.03046875 0.05546875
10 0.8359375 0.2109375 0.05625 0.1296875
10 0.85703125 0.34375 0.04609375 0.10703125
10 0.8875 0.33203125 0.0328125 0.0859375
10 0.96875 0.70625 0.0625 0.09375
2 0.36953125 0.30703125 0.028125 0.03984375
10 0.48359375 0.09140625 0.0546875 0.06796875
10 0.578125 0.14375 0.05703125 0.09609375
10 0.34453125 0.24921875 0.06640625 0.10546875
10 0.40859375 0.24375 0.0671875 0.09609375
2 0.72890625 0.84375 0.05390625 0.090625
10 0.90390625 0.490625 0.06640625 0.11328125
10 0.79375 0.18046875 0.04296875 0.08984375
10 0.765625 0.12421875 0.0390625 0.08125
2 0.6625 0.21796875 0.03984375 0.03046875
2 0.72265625 0.2171875 0.02265625 0.0265625
10 0.30859375 0.03046875 0.0296875 0.0515625
1 0.36796875 0.02109375 0.0359375 0.03984375
10 0.51015625 0.15625 0.06328125 0.10078125
10 0.45625 0.1640625 0.05546875 0.09921875
10 0.40234375 0.16328125 0.0578125 0.08671875
2 0.61015625 0.0765625 0.02109375 0.01953125
1 0.14453125 0.55703125 0.075 0.096875
10 0.23203125 0.50625 0.07265625 0.15859375
10 0.35 0.5265625 0.06015625 0.16953125
10 0.59609375 0.51640625 0.08828125 0.1703125
10 0.68203125 0.52578125 0.08828125 0.18828125
10 0.66875 0.75234375 0.1296875 0.17890625
5 0.1375 0.38046875 0.01484375 0.02421875
5 0.159375 0.278125 0.01328125 0.021875
2 0.1796875 0.20390625 0.015625 0.0203125
2 0.26015625 0.09375 0.01875 0.01796875
1 0.28046875 0.03828125 0.02890625 0.04453125
1 0.43515625 0.10859375 0.04296875 0.05546875
2 0.575 0.203125 0.0265625 0.03046875
10 0.31640625 0.17578125 0.046875 0.08125
1 0.2734375 0.1890625 0.046875 0.084375
8 0.6625 0.38046875 0.03203125 0.05703125
5 0.64765625 0.43046875 0.01796875 0.03359375
8 0.72578125 0.40390625 0.03671875 0.05703125
0 0.98515625 0.753125 0.01796875 0.0453125
5 0.7921875 0.2296875 0.01171875 0.0203125
1 0.74453125 0.0484375 0.025 0.04375
3 0.12421875 0.33046875 0.02109375 0.0484375
3 0.146875 0.215625 0.01953125 0.04296875
3 0.184375 0.16484375 0.0140625 0.03359375
3 0.21640625 0.15546875 0.01796875 0.0390625
3 0.20625 0.11171875 0.01328125 0.03046875
0 0.2078125 0.13984375 0.015625 0.01640625
3 0.228125 0.10546875 0.01484375 0.03125
3 0.265625 0.06875 0.015625 0.03125
3 0.275 0.03125 0.01328125 0.02890625
3 0.30390625 0.01796875 0.01484375 0.0265625
3 0.39609375 0.04921875 0.01640625 0.03046875
3 0.34140625 0.078125 0.01640625 0.0359375
3 0.39609375 0.08828125 0.02109375 0.04453125
3 0.4421875 0.10625 0.021875 0.0359375
3 0.42734375 0.034375 0.0140625 0.03125
2 0.35703125 0.14140625 0.01875 0.02421875
3 0.46953125 0.03046875 0.01484375 0.03125
0 0.428125 0.06796875 0.01796875 0.01796875
0 0.428125 0.12890625 0.01484375 0.021875
3 0.4859375 0.078125 0.02109375 0.03515625
0 0.484375 0.11796875 0.01640625 0.01640625
3 0.5125 0.03125 0.01484375 0.03125
2 0.5328125 0.078125 0.025 0.0203125
7 0.51328125 0.06953125 0.015625 0.015625
7 0.54453125 0.06875 0.01640625 0.01875
3 0.55 0.04296875 0.01640625 0.03046875
3 0.56640625 0.08125 0.01953125 0.0359375
3 0.59140625 0.03203125 0.01796875 0.0359375
0 0.590625 0.065625 0.01484375 0.01796875
3 0.64453125 0.0359375 0.01796875 0.040625
3 0.66015625 0.0984375 0.02109375 0.034375
3 0.70703125 0.1640625 0.02109375 0.04453125
9 0.65859375 0.14375 0.0203125 0.03984375
9 0.58125 0.11875 0.021875 0.04609375
9 0.50390625 0.13046875 0.02421875 0.04609375
5 0.496875 0.20859375 0.01953125 0.01953125
7 0.51171875 0.1953125 0.0234375 0.028125
3 0.45390625 0.1390625 0.02421875 0.046875
3 0.4015625 0.14296875 0.02421875 0.046875
0 0.459375 0.19296875 0.01796875 0.01953125
3 0.31015625 0.1609375 0.02109375 0.04453125
0 0.309375 0.20625 0.01796875 0.02109375
3 0.27265625 0.171875 0.02109375 0.04453125
0 0.28046875 0.2109375 0.0171875 0.01953125
3 0.34375 0.23046875 0.02578125 0.059375
3 0.40625 0.2234375 0.0265625 0.05546875
3 0.475 0.240625 0.02734375 0.053125
0 0.46640625 0.2796875 0.02265625 0.02421875
5 0.525 0.29453125 0.0140625 0.02578125
3 0.70078125 0.24296875 0.02265625 0.05078125
0 0.70078125 0.29453125 0.02265625 0.021875
3 0.7609375 0.2421875 0.02734375 0.05625
0 0.75703125 0.3171875 0.02578125 0.0265625
3 0.7875 0.36640625 0.02421875 0.0546875
0 0.784375 0.41875 0.02890625 0.0265625
3 0.5953125 0.33359375 0.03046875 0.0609375
0 0.59765625 0.41015625 0.02890625 0.03125
3 0.31796875 0.34609375 0.02890625 0.0609375
0 0.315625 0.4015625 0.0328125 0.03828125
0 0.2578125 0.421875 0.02890625 0.03125
3 0.2546875 0.3734375 0.028125 0.05546875
0 0.19375 0.42890625 0.0203125 0.0265625
3 0.19453125 0.3765625 0.02734375 0.053125
0 0.1375 0.6015625 0.01953125 0.0359375
3 0.13203125 0.55703125 0.02734375 0.05390625
3 0.2140625 0.4609375 0.02734375 0.05625
0 0.21015625 0.54453125 0.021875 0.021875
0 0.26015625 0.615625 0.03359375 0.03125
3 0.2609375 0.55625 0.03203125 0.06796875
3 0.3484375 0.48046875 0.03203125 0.071875
5 0.35234375 0.6125 0.0203125 0.04375
5 0.4234375 0.59453125 0.01796875 0.040625
9 0.4078125 0.478125 0.03828125 0.078125
9 0.5984375 0.4859375 0.03828125 0.06875
5 0.6171875 0.5890625 0.028125 0.02890625
2 0.6 0.61015625 0.0453125 0.06875
9 0.684375 0.4703125 0.03671875 0.078125
0 0.690625 0.60390625 0.0234375 0.03671875
3 0.78203125 0.51953125 0.03203125 0.06328125
0 0.77265625 0.609375 0.02734375 0.03046875
3 0.83828125 0.52578125 0.03359375 0.06875
0 0.8328125 0.61328125 0.02421875 0.0265625
0 0.696875 0.81953125 0.02421875 0.03984375
3 0.690625 0.73359375 0.0421875 0.078125
3 0.92421875 0.46796875 0.0234375 0.05703125
0 0.925 0.534375 0.01953125 0.01953125
3 0.86328125 0.31796875 0.021875 0.0515625
0 0.86875 0.3859375 0.01640625 0.02109375
3 0.89296875 0.31640625 0.0203125 0.0453125
5 0.81875 0.278125 0.0171875 0.02421875
9 0.8546875 0.16875 0.01953125 0.04375
3 0.80546875 0.15546875 0.0203125 0.04296875
3 0.8046875 0.11796875 0.015625 0.0359375
3 0.771875 0.10546875 0.01796875 0.040625
3 0.7734375 0.15546875 0.01640625 0.02109375
0 0.703125 0.20625 0.01796875 0.02109375
3 0.73828125 0.059375 0.01640625 0.03125
3 0.7453125 0.04296875 0.01328125 0.0265625
6 0.71640625 0.0234375 0.01328125 0.03046875