10 0.1359375 0.34375 0.04609375 0.071875
7 0.1296875 0.37109375 0.02421875 0.040625
2 0.1203125 0.4046875 0.02734375 0.028125
10 0.153125 0.23671875 0.04296875 0.09296875
10 0.18984375 0.171875 0.03515625 0.05546875
10 0.22578125 0.16171875 0.03828125 0.059375
2 0.2171875 0.1921875 0.01953125 0.025
10 0.2125 0.11953125 0.02890625 0.05078125
10 0.2453125 0.11015625 0.03671875 0.05703125
1 0.275 0.075 0.03984375 0.04453125
1 0.390625 0.05625 0.0390625 0.053125
10 0.35703125 0.1015625 0.040625 0.0765625
1 0.39609375 0.103125 0.0421875 0.06640625
10 0.4296875 0.046875 0.04296875 0.06015625
10 0.46953125 0.04296875 0.0375 0.053125
10 0.5125 0.04375 0.03984375 0.06171875
2 0.534375 0.128125 0.01875 0.0234375
1 0.55078125 0.0453125 0.04140625 0.05390625
10 0.5921875 0.0421875 0.04609375 0.06171875
10 0.6375 0.04921875 0.0390625 0.05625
10 0.65390625 0.09765625 0.04453125 0.075
1 0.56875 0.09375 0.046875 0.065625
2 0.61328125 0.1296875 0.02109375 0.02421875
1 0.7046875 0.17890625 0.06015625 0.08125
10 0.6546875 0.16875 0.04296875 0.08671875
2 0.62265625 0.203125 0.02421875 0.03046875
2 0.28828125 0.30390625 0.02890625 0.034375
0 0.40703125 0.2765625 0.02578125 0.02578125
1 0.46953125 0.2484375 0.05546875 0.08125
10 0.53125 0.24453125 0.07265625 0.1015625
0 0.534375 0.28125 0.0296875 0.03046875
10 0.69609375 0.2609375 0.0609375 0.09453125
10 0.75234375 0.2703125 0.05703125 0.121875
1 0.77890625 0.39375 0.06875 0.09609375
1 0.71796875 0.396875 0.06484375 0.10546875
1 0.65546875 0.36875 0.0640625 0.1296875
10 0.5890625 0.35625 0.078125 0.1359375
2 0.53125 0.42109375 0.03046875 0.05078125
2 0.4625 0.40703125 0.03984375 0.0390625
2 0.37109375 0.42421875 0.0390625 0.04140625
10 0.32265625 0.36796875 0.08125 0.10625
1 0.2546875 0.3765625 0.06484375 0.11953125
1 0.20234375 0.38671875 0.0578125 0.10546875
2 0.196875 0.60546875 0.03359375 0.05546875
1 0.26640625 0.575 0.09296875 0.1203125
10 0.42421875 0.496875 0.0796875 0.15625
10 0.76015625 0.55078125 0.07734375 0.14375
1 0.82421875 0.54609375 0.0703125 0.16953125
10 0.7140625 0.03671875 0.02734375 0.05390625
10 0.73828125 0.07890625 0.03203125 0.05703125
10 0.8 0.121875 0.03203125 0.05
10 0.82265625 0.18046875 0.02421875 0.08125
10 0.85703125 0.34296875 0.04921875 0.10859375
10 0.8875 0.3328125 0.0328125 0.0859375
10 0.96875 0.709375 0.0625 0.09453125
7 0.36875 0.30625 0.02734375 0.0453125
10 0.48359375 0.09140625 0.0546875 0.06796875
10 0.56640625 0.15625 0.04921875 0.08203125
10 0.34453125 0.2421875 0.07265625 0.12890625
10 0.409375 0.24140625 0.0671875 0.1
2 0.73046875 0.84296875 0.05078125 0.09140625
10 0.903125 0.490625 0.06484375 0.11328125
10 0.790625 0.178125 0.05 0.084375
10 0.765625 0.1265625 0.0390625 0.08125
2 0.6625 0.21796875 0.04140625 0.02890625
2 0.72265625 0.2171875 0.02265625 0.0265625
10 0.309375 0.03125 0.0328125 0.05390625
1 0.50859375 0.16953125 0.06796875 0.0734375
10 0.45390625 0.16171875 0.05078125 0.0953125
10 0.40390625 0.15625 0.05703125 0.09609375
2 0.6109375 0.07421875 0.02109375 0.01953125
1 0.14765625 0.56171875 0.071875 0.10546875
10 0.20859375 0.525 0.06484375 0.11640625
10 0.35078125 0.5171875 0.07109375 0.1546875
10 0.596875 0.52265625 0.09296875 0.14375
10 0.6828125 0.53828125 0.08515625 0.18125
10 0.671875 0.75390625 0.1234375 0.1765625
5 0.1375 0.38125 0.0171875 0.025
5 0.159375 0.278125 0.01328125 0.021875
2 0.1796875 0.20390625 0.015625 0.0203125
1 0.28125 0.0390625 0.0265625 0.04453125
1 0.43515625 0.11015625 0.04296875 0.05
2 0.575 0.20546875 0.02578125 0.02421875
1 0.31640625 0.18515625 0.05 0.0796875
1 0.27265625 0.1890625 0.04296875 0.0859375
8 0.6625 0.38046875 0.03203125 0.05703125
5 0.64765625 0.43046875 0.01796875 0.03359375
8 0.72578125 0.40390625 0.03671875 0.05703125
0 0.98515625 0.753125 0.01796875 0.0453125
5 0.7921875 0.2296875 0.01171875 0.0203125
3 0.125 0.33359375 0.02109375 0.04453125
3 0.14140625 0.2140625 0.01953125 0.04375
3 0.184375 0.16328125 0.01640625 0.03125
3 0.21640625 0.15390625 0.01484375 0.040625
3 0.20625 0.11171875 0.01328125 0.03125
3 0.24375 0.0984375 0.01484375 0.03203125
3 0.265625 0.06796875 0.015625 0.03046875
3 0.303125 0.02109375 0.0140625 0.0265625
3 0.28046875 0.03203125 0.0140625 0.02890625
3 0.39609375 0.04921875 0.01484375 0.03046875
3 0.42734375 0.034375 0.0140625 0.03046875
0 0.428125 0.06875 0.01796875 0.01640625
0 0.38828125 0.13046875 0.01484375 0.021875
3 0.39453125 0.0921875 0.02109375 0.03984375
3 0.35078125 0.08046875 0.01875 0.03515625
2 0.359375 0.14140625 0.01796875 0.021875
3 0.44140625 0.10546875 0.02109375 0.03359375
3 0.46953125 0.03125 0.015625 0.03125
0 0.46640625 0.0609375 0.01953125 0.01640625
3 0.4859375 0.078125 0.01953125 0.0359375
0 0.48359375 0.11640625 0.0171875 0.01640625
2 0.49296875 0.13046875 0.02109375 0.0234375
3 0.51328125 0.03125 0.01796875 0.034375
7 0.5125 0.06953125 0.0171875 0.015625
9 0.41328125 0.13359375 0.02578125 0.0515625
0 0.45078125 0.1953125 0.01875 0.02578125
3 0.4546875 0.140625 0.02421875 0.046875
3 0.5015625 0.1625 0.021875 0.04375
0 0.49453125 0.20546875 0.02421875 0.0265625
3 0.57578125 0.140625 0.02421875 0.04609375
0 0.58125 0.18828125 0.02109375 0.01875
3 0.56640625 0.08125 0.01953125 0.0359375
3 0.55078125 0.040625 0.015625 0.03203125
2 0.5328125 0.078125 0.025 0.01953125
7 0.54609375 0.0671875 0.0171875 0.0234375
3 0.59140625 0.03125 0.01796875 0.0359375
0 0.590625 0.06328125 0.01484375 0.01953125
3 0.64453125 0.04140625 0.01796875 0.03671875
3 0.659375 0.08203125 0.01953125 0.040625
3 0.70625 0.16328125 0.02109375 0.04375
0 0.70390625 0.20625 0.01796875 0.02421875
3 0.65859375 0.146875 0.01953125 0.0390625
3 0.303125 0.16953125 0.0234375 0.04453125
3 0.2734375 0.1734375 0.02109375 0.04375
0 0.28125 0.2109375 0.0171875 0.01953125
0 0.309375 0.20859375 0.0234375 0.0234375
3 0.3328125 0.20859375 0.02421875 0.0609375
2 0.34140625 0.29140625 0.02578125 0.0390625
3 0.40390625 0.21875 0.025 0.05546875
3 0.4671875 0.2453125 0.028125 0.0515625
0 0.465625 0.278125 0.02421875 0.028125
3 0.53515625 0.22421875 0.02890625 0.05546875
5 0.5234375 0.2953125 0.0125 0.02421875
3 0.7015625 0.24140625 0.02421875 0.05
0 0.70078125 0.296875 0.028125 0.0234375
3 0.7609375 0.2390625 0.02734375 0.05546875
0 0.75859375 0.31796875 0.0265625 0.0265625
3 0.7890625 0.38046875 0.028125 0.05390625
0 0.78203125 0.428125 0.02421875 0.0265625
3 0.59609375 0.33359375 0.0296875 0.06328125
0 0.59765625 0.4109375 0.02890625 0.03046875
3 0.31875 0.34921875 0.0296875 0.059375
0 0.3171875 0.403125 0.03046875 0.03515625
3 0.2546875 0.37109375 0.02734375 0.0515625
0 0.259375 0.4234375 0.0265625 0.03203125
3 0.1921875 0.3765625 0.02734375 0.04921875
0 0.19375 0.428125 0.01796875 0.02578125
3 0.13125 0.5453125 0.02734375 0.059375
0 0.1390625 0.6015625 0.02734375 0.03046875
0 0.19140625 0.58359375 0.02109375 0.040625
9 0.190625 0.503125 0.03046875 0.06640625
0 0.26015625 0.6171875 0.034375 0.03203125
3 0.259375 0.55625 0.0328125 0.0640625
3 0.33828125 0.47578125 0.03359375 0.06953125
5 0.35234375 0.6140625 0.0203125 0.0484375
9 0.41328125 0.45625 0.040625 0.07421875
5 0.42421875 0.59453125 0.0203125 0.04296875
2 0.43203125 0.5953125 0.06015625 0.07421875
9 0.61796875 0.496875 0.03828125 0.07578125
2 0.59765625 0.6171875 0.04921875 0.053125
3 0.68984375 0.4953125 0.0359375 0.0796875
0 0.68515625 0.60625 0.03671875 0.04375
3 0.78203125 0.51953125 0.03359375 0.065625
0 0.77421875 0.6109375 0.02734375 0.03359375
3 0.83828125 0.5265625 0.03515625 0.06953125
0 0.834375 0.61171875 0.0234375 0.03125
3 0.690625 0.73203125 0.04140625 0.08046875
0 0.696875 0.821875 0.02890625 0.04453125
3 0.92421875 0.46875 0.02421875 0.05546875
0 0.925 0.53359375 0.0203125 0.0234375
3 0.86328125 0.31796875 0.021875 0.05078125
0 0.86875 0.3859375 0.01484375 0.021875
3 0.8921875 0.31328125 0.01953125 0.04453125
3 0.82265625 0.159375 0.01796875 0.03671875
3 0.80390625 0.15703125 0.01953125 0.04140625
3 0.80546875 0.11796875 0.0140625 0.0359375
3 0.771875 0.1078125 0.01953125 0.04140625
0 0.7734375 0.153125 0.01640625 0.02109375
0 0.74453125 0.065625 0.01796875 0.03125
3 0.76953125 0.0640625 0.01484375 0.034375
10 0.765625 0.07109375 0.0328125 0.05078125
10 0.684375 0.08046875 0.04140625 0.14296875
3 0.67578125 0.028125 0.01953125 0.0390625
3 0.71875 0.02578125 0.0140625 0.03046875