10 0.1375 0.33828125 0.0484375 0.0640625
7 0.1296875 0.371875 0.025 0.04453125
2 0.1203125 0.4046875 0.02734375 0.028125
10 0.16171875 0.225 0.04609375 0.09609375
10 0.190625 0.17265625 0.03359375 0.05625
10 0.22578125 0.1625 0.03984375 0.05859375
2 0.2171875 0.1921875 0.01953125 0.025
10 0.2125 0.11953125 0.028125 0.05
10 0.24453125 0.1109375 0.03828125 0.059375
1 0.278125 0.07109375 0.03984375 0.046875
1 0.390625 0.05625 0.0390625 0.053125
10 0.35703125 0.1015625 0.040625 0.0765625
1 0.39765625 0.10078125 0.04296875 0.06875
10 0.43046875 0.046875 0.0421875 0.0609375
10 0.4703125 0.04296875 0.0375 0.053125
10 0.5125 0.04296875 0.03984375 0.06171875
2 0.534375 0.128125 0.01875 0.0234375
1 0.55078125 0.04375 0.04296875 0.05625
1 0.59140625 0.04375 0.04453125 0.05859375
10 0.63984375 0.05234375 0.03984375 0.05859375
10 0.65390625 0.09921875 0.04453125 0.071875
1 0.56953125 0.09765625 0.04921875 0.06953125
2 0.6140625 0.13046875 0.02109375 0.021875
1 0.70390625 0.16796875 0.05703125 0.09296875
10 0.6546875 0.16796875 0.04453125 0.090625
2 0.62265625 0.203125 0.02421875 0.03046875
2 0.28828125 0.30390625 0.02890625 0.034375
0 0.40625 0.2765625 0.02578125 0.025
1 0.46953125 0.2484375 0.05546875 0.08359375
10 0.53203125 0.24296875 0.07109375 0.09921875
0 0.53046875 0.28046875 0.02421875 0.0296875
10 0.69453125 0.2640625 0.0625 0.0984375
10 0.75234375 0.26875 0.0578125 0.1203125
1 0.77890625 0.39296875 0.06640625 0.096875
1 0.7171875 0.396875 0.06484375 0.10546875
1 0.65390625 0.36953125 0.06328125 0.1296875
10 0.58828125 0.35546875 0.07890625 0.140625
2 0.53125 0.42109375 0.03046875 0.05078125
2 0.46171875 0.40703125 0.03984375 0.0390625
2 0.37109375 0.42578125 0.03984375 0.0390625
10 0.32265625 0.36875 0.07890625 0.10390625
1 0.25390625 0.3765625 0.065625 0.11953125
1 0.20234375 0.38671875 0.0578125 0.10546875
2 0.19765625 0.60625 0.03359375 0.0609375
1 0.26640625 0.57421875 0.09453125 0.121875
10 0.421875 0.50546875 0.07578125 0.159375
10 0.76015625 0.55390625 0.07734375 0.14375
1 0.82421875 0.54921875 0.07109375 0.171875
10 0.7109375 0.034375 0.03125 0.05078125
10 0.7359375 0.07109375 0.03046875 0.065625
10 0.80078125 0.1234375 0.03359375 0.05859375
10 0.8234375 0.18046875 0.02109375 0.08125
10 0.8546875 0.34375 0.05 0.10703125
10 0.8875 0.33203125 0.0296875 0.08671875
10 0.96875 0.709375 0.0625 0.09453125
2 0.3671875 0.3140625 0.02578125 0.0390625
10 0.48203125 0.09140625 0.05390625 0.06875
10 0.565625 0.15625 0.04921875 0.084375
10 0.34140625 0.24375 0.06796875 0.1203125
10 0.40859375 0.24140625 0.0671875 0.10390625
2 0.7296875 0.84375 0.05234375 0.0890625
10 0.90703125 0.50078125 0.06953125 0.11328125
10 0.79140625 0.18125 0.05078125 0.0765625
10 0.76484375 0.1234375 0.03984375 0.07890625
7 0.66328125 0.21484375 0.04296875 0.03515625
2 0.72265625 0.21875 0.01953125 0.02421875
10 0.309375 0.03125 0.034375 0.05078125
1 0.3671875 0.0203125 0.03515625 0.0390625
1 0.51015625 0.1703125 0.06796875 0.078125
10 0.4546875 0.1609375 0.05078125 0.10390625
10 0.403125 0.1640625 0.0578125 0.0890625
1 0.1453125 0.56484375 0.07109375 0.1203125
10 0.209375 0.52890625 0.0671875 0.1203125
10 0.3515625 0.51875 0.07109375 0.159375
10 0.59375 0.5234375 0.09296875 0.14375
10 0.6828125 0.5375 0.0875 0.17890625
10 0.67109375 0.75390625 0.1234375 0.17421875
5 0.1375 0.38125 0.0171875 0.025
2 0.18125 0.2015625 0.01328125 0.01953125
1 0.28203125 0.03828125 0.02734375 0.04375
1 0.43515625 0.1109375 0.04296875 0.05390625
1 0.31640625 0.184375 0.05078125 0.07578125
1 0.271875 0.18828125 0.04296875 0.08046875
8 0.6625 0.38046875 0.03203125 0.05703125
5 0.64765625 0.43046875 0.01796875 0.03359375
8 0.72578125 0.40390625 0.03671875 0.05703125
0 0.98515625 0.753125 0.01796875 0.0453125
5 0.7921875 0.2296875 0.01171875 0.0203125
6 0.13125 0.53671875 0.03046875 0.05625
5 0.14375 0.59609375 0.01640625 0.03984375
7 0.140625 0.6015625 0.0296875 0.05625
0 0.19375 0.58515625 0.0203125 0.03671875
9 0.190625 0.503125 0.03046875 0.06484375
3 0.26015625 0.55625 0.03359375 0.06640625
0 0.259375 0.61875 0.03828125 0.03515625
3 0.33828125 0.4765625 0.034375 0.06953125
5 0.35234375 0.61328125 0.02265625 0.04453125
9 0.4078125 0.46796875 0.04296875 0.0796875
5 0.42421875 0.59375 0.0234375 0.046875
2 0.43203125 0.6 0.06171875 0.06875
9 0.6171875 0.49609375 0.03828125 0.07890625
2 0.596875 0.6171875 0.04921875 0.0546875
3 0.6890625 0.4984375 0.0375 0.0796875
0 0.68515625 0.60625 0.034375 0.04140625
3 0.78203125 0.51953125 0.03359375 0.0640625
0 0.7734375 0.6140625 0.02734375 0.03671875
3 0.83984375 0.528125 0.03359375 0.06953125
0 0.83828125 0.61640625 0.03359375 0.03671875
3 0.690625 0.73125 0.04140625 0.0796875
0 0.696875 0.81875 0.02734375 0.0453125
3 0.12578125 0.33203125 0.02265625 0.04453125
3 0.15703125 0.196875 0.01953125 0.04453125
0 0.15859375 0.25546875 0.0171875 0.0234375
3 0.1859375 0.16171875 0.015625 0.03125
3 0.21640625 0.153125 0.01640625 0.0390625
3 0.20703125 0.11328125 0.01328125 0.03046875
3 0.24453125 0.0984375 0.01484375 0.03125
3 0.26640625 0.06640625 0.01640625 0.03125
3 0.27890625 0.03203125 0.01484375 0.0296875
3 0.303125 0.02109375 0.01484375 0.02890625
3 0.396875 0.0484375 0.01640625 0.03359375
3 0.35078125 0.08125 0.01796875 0.0359375
3 0.39453125 0.09296875 0.02109375 0.0390625
3 0.428125 0.03515625 0.01640625 0.03125
3 0.46875 0.03125 0.01484375 0.0296875
3 0.4421875 0.10546875 0.02109375 0.03359375
3 0.4859375 0.07890625 0.021875 0.03828125
2 0.49375 0.13046875 0.02109375 0.02421875
3 0.503125 0.1625 0.0234375 0.0453125
3 0.51328125 0.03125 0.015625 0.034375
2 0.35859375 0.14140625 0.01796875 0.0234375
0 0.38828125 0.13125 0.01640625 0.0234375
0 0.428125 0.128125 0.0140625 0.0234375
0 0.484375 0.1171875 0.01796875 0.01796875
0 0.42890625 0.06796875 0.01796875 0.01796875
7 0.5125 0.0703125 0.01640625 0.01640625
2 0.534375 0.07578125 0.02578125 0.01875
3 0.55078125 0.03359375 0.01484375 0.03515625
7 0.546875 0.06640625 0.01875 0.02421875
3 0.565625 0.08125 0.01953125 0.03828125
3 0.59375 0.034375 0.0171875 0.03828125
3 0.64453125 0.0421875 0.01640625 0.0359375
3 0.659375 0.08125 0.0203125 0.0390625
1 0.62265625 0.09375 0.05390625 0.0640625
3 0.640625 0.09296875 0.0203125 0.04140625
3 0.6625 0.14453125 0.02265625 0.040625
3 0.70234375 0.14375 0.0203125 0.0453125
0 0.70703125 0.20390625 0.02734375 0.02109375
3 0.575 0.140625 0.02421875 0.04453125
0 0.5796875 0.18984375 0.01953125 0.021875
0 0.4953125 0.20546875 0.02421875 0.0296875
7 0.5109375 0.19609375 0.025 0.028125
3 0.45625 0.13671875 0.0234375 0.046875
5 0.4546875 0.19296875 0.01171875 0.02109375
7 0.453125 0.1984375 0.0265625 0.03125
9 0.4109375 0.14375 0.025 0.04609375
3 0.30390625 0.17109375 0.02421875 0.04140625
0 0.31015625 0.21015625 0.021875 0.021875
3 0.2734375 0.171875 0.01953125 0.04453125
0 0.28046875 0.209375 0.0171875 0.025
3 0.3328125 0.2140625 0.02578125 0.05625
7 0.3390625 0.2828125 0.03359375 0.046875
5 0.3609375 0.2921875 0.01328125 0.0265625
3 0.40390625 0.21953125 0.028125 0.05859375
3 0.4734375 0.24375 0.028125 0.05390625
0 0.46796875 0.2796875 0.02265625 0.02578125
3 0.53515625 0.22578125 0.02734375 0.05
5 0.5234375 0.29453125 0.01328125 0.02578125
3 0.7 0.24375 0.0234375 0.05390625
0 0.70078125 0.2984375 0.028125 0.02109375
3 0.759375 0.24140625 0.02578125 0.059375
0 0.75859375 0.31796875 0.0265625 0.02578125
3 0.7890625 0.38046875 0.02734375 0.05546875
0 0.78203125 0.428125 0.02421875 0.02890625
3 0.5953125 0.334375 0.03046875 0.0609375
0 0.59765625 0.4109375 0.03046875 0.03046875
3 0.1921875 0.378125 0.02890625 0.05078125
0 0.19375 0.42890625 0.01953125 0.028125
0 0.259375 0.4234375 0.02890625 0.03125
3 0.253125 0.3734375 0.0265625 0.05546875
3 0.3171875 0.34921875 0.028125 0.06484375
0 0.31640625 0.39921875 0.03046875 0.034375
3 0.93125 0.47421875 0.02421875 0.05625
0 0.928125 0.54453125 0.01953125 0.025
3 0.86328125 0.31875 0.021875 0.0515625
0 0.86875 0.384375 0.0171875 0.025
3 0.8921875 0.31171875 0.01953125 0.04453125
3 0.8234375 0.15859375 0.01640625 0.03828125
3 0.80703125 0.16484375 0.01875 0.040625
3 0.771875 0.1078125 0.0203125 0.03984375
0 0.77421875 0.15390625 0.01484375 0.01875
3 0.80625 0.11328125 0.01484375 0.0359375
3 0.765625 0.06953125 0.01640625 0.03359375
6 0.740625 0.05546875 0.0140625 0.03359375
3 0.71875 0.02578125 0.0140625 0.03046875