10 0.1359375 0.3328125 0.04921875 0.065625
2 0.13125 0.36953125 0.0234375 0.03828125
2 0.1203125 0.4046875 0.02734375 0.028125
10 0.15546875 0.23671875 0.0421875 0.09296875
10 0.18828125 0.17109375 0.03515625 0.05546875
10 0.2265625 0.16171875 0.03984375 0.05546875
2 0.2171875 0.1921875 0.01953125 0.025
10 0.2125 0.11875 0.028125 0.0484375
10 0.24453125 0.10390625 0.03359375 0.065625
1 0.27578125 0.0734375 0.03828125 0.04375
1 0.390625 0.05625 0.0390625 0.053125
10 0.35625 0.1015625 0.03984375 0.075
1 0.39765625 0.1015625 0.04296875 0.06953125
10 0.43046875 0.04765625 0.0421875 0.05625
10 0.46953125 0.04296875 0.0375 0.053125
10 0.5125 0.04375 0.0390625 0.06328125
2 0.534375 0.128125 0.01875 0.0234375
1 0.55078125 0.04375 0.04140625 0.05390625
10 0.59140625 0.04296875 0.04453125 0.06171875
10 0.63828125 0.04921875 0.03984375 0.05546875
1 0.65390625 0.109375 0.05859375 0.06953125
1 0.56875 0.09296875 0.04296875 0.0640625
2 0.61328125 0.1296875 0.01875 0.02421875
1 0.7046875 0.17578125 0.06015625 0.08125
10 0.65390625 0.1640625 0.04375 0.07421875
2 0.62265625 0.203125 0.02421875 0.03046875
2 0.28828125 0.30390625 0.02890625 0.034375
0 0.4078125 0.2796875 0.021875 0.021875
1 0.46953125 0.246875 0.05546875 0.08046875
10 0.53125 0.24296875 0.07109375 0.09921875
0 0.53125 0.28046875 0.02265625 0.0296875
10 0.696875 0.2609375 0.0609375 0.09375
10 0.7515625 0.26796875 0.05859375 0.12109375
1 0.77890625 0.38125 0.071875 0.1140625
1 0.71796875 0.39453125 0.06484375 0.10390625
1 0.65546875 0.36875 0.0640625 0.1296875
10 0.58828125 0.35546875 0.07890625 0.140625
2 0.53125 0.41875 0.03046875 0.05078125
2 0.4609375 0.40859375 0.03984375 0.0390625
2 0.36953125 0.42421875 0.03828125 0.03359375
10 0.32265625 0.36875 0.07890625 0.10390625
1 0.253125 0.37578125 0.06484375 0.11875
1 0.2015625 0.3859375 0.05859375 0.10625
2 0.19765625 0.60546875 0.03359375 0.0609375
1 0.2671875 0.5765625 0.09609375 0.12578125
10 0.42265625 0.51640625 0.07578125 0.15859375
10 0.76015625 0.55546875 0.07734375 0.14921875
1 0.825 0.54453125 0.0703125 0.165625
10 0.7140625 0.0328125 0.02734375 0.053125
10 0.734375 0.06953125 0.03125 0.06484375
10 0.8 0.128125 0.03046875 0.05703125
10 0.82890625 0.19296875 0.03203125 0.07109375
10 0.85703125 0.34296875 0.046875 0.10625
10 0.88828125 0.3328125 0.03359375 0.0859375
10 0.96875 0.70859375 0.0625 0.09453125
2 0.36953125 0.3078125 0.028125 0.03984375
10 0.48125 0.09140625 0.053125 0.06875
10 0.57734375 0.14296875 0.05703125 0.09921875
10 0.34296875 0.2484375 0.0671875 0.10625
10 0.409375 0.2421875 0.06875 0.10078125
2 0.72890625 0.84296875 0.05390625 0.08984375
10 0.90390625 0.49140625 0.065625 0.11171875
10 0.79453125 0.178125 0.04140625 0.0859375
10 0.765625 0.12578125 0.0390625 0.08046875
2 0.6625 0.21796875 0.04140625 0.03046875
2 0.72265625 0.2171875 0.02265625 0.0265625
10 0.31015625 0.03046875 0.03125 0.05078125
1 0.3671875 0.02109375 0.03671875 0.03984375
10 0.51015625 0.15625 0.06328125 0.10625
10 0.45703125 0.159375 0.05390625 0.10625
10 0.403125 0.15703125 0.0546875 0.09453125
2 0.61015625 0.078125 0.02109375 0.01953125
1 0.146875 0.55625 0.07421875 0.0953125
10 0.2234375 0.51796875 0.075 0.140625
10 0.3484375 0.5234375 0.06015625 0.15546875
10 0.60078125 0.51796875 0.08984375 0.16796875
10 0.684375 0.52890625 0.08671875 0.1859375
10 0.66796875 0.75390625 0.1296875 0.17890625
5 0.13828125 0.38125 0.015625 0.025
5 0.159375 0.278125 0.01328125 0.021875
2 0.1796875 0.20390625 0.015625 0.0203125
2 0.26015625 0.09296875 0.01875 0.01796875
1 0.28125 0.03671875 0.0296875 0.04375
1 0.434375 0.10859375 0.04453125 0.05078125
2 0.57578125 0.20078125 0.02578125 0.03046875
1 0.315625 0.18125 0.0484375 0.078125
1 0.27265625 0.18828125 0.04453125 0.08125
8 0.6625 0.38046875 0.03203125 0.05703125
5 0.64765625 0.43046875 0.01796875 0.03359375
8 0.72578125 0.40390625 0.03671875 0.05703125
0 0.98515625 0.753125 0.01796875 0.0453125
5 0.7921875 0.2296875 0.01171875 0.0203125
3 0.1234375 0.3296875 0.02265625 0.04453125
3 0.14765625 0.21640625 0.01953125 0.04375
3 0.18203125 0.165625 0.01640625 0.03359375
3 0.21640625 0.15546875 0.01640625 0.040625
3 0.20625 0.11171875 0.0140625 0.03046875
0 0.20625 0.1375 0.01484375 0.01953125
6 0.2421875 0.08828125 0.01484375 0.03125
3 0.265625 0.06796875 0.01484375 0.03203125
3 0.278125 0.03046875 0.0140625 0.0296875
3 0.3046875 0.01796875 0.01484375 0.0265625
3 0.2734375 0.171875 0.01953125 0.04453125
0 0.27890625 0.21171875 0.01796875 0.01953125
3 0.3046875 0.16875 0.02421875 0.04296875
0 0.309375 0.21015625 0.02265625 0.021875
3 0.39609375 0.0484375 0.0171875 0.03125
3 0.35234375 0.08046875 0.01796875 0.03515625
0 0.35078125 0.11796875 0.01484375 0.01796875
3 0.39609375 0.090625 0.0203125 0.04296875
3 0.428125 0.034375 0.01484375 0.03125
0 0.42890625 0.06796875 0.01875 0.015625
0 0.428125 0.128125 0.015625 0.0234375
3 0.4421875 0.10546875 0.02109375 0.03671875
3 0.4703125 0.03046875 0.015625 0.03125
3 0.51328125 0.03125 0.015625 0.03203125
7 0.5125 0.06953125 0.0171875 0.01953125
3 0.48515625 0.078125 0.02109375 0.03828125
3 0.55234375 0.0359375 0.0171875 0.03125
2 0.534375 0.07890625 0.02578125 0.0203125
3 0.59140625 0.03046875 0.01640625 0.03671875
3 0.56640625 0.08125 0.02109375 0.0359375
0 0.59140625 0.06171875 0.01875 0.01875
3 0.64375 0.040625 0.0171875 0.03671875
3 0.66015625 0.09609375 0.02109375 0.0390625
0 0.66953125 0.13515625 0.01171875 0.01875
3 0.40625 0.140625 0.02421875 0.0515625
3 0.45078125 0.13125 0.02421875 0.05
0 0.4578125 0.19375 0.01875 0.021875
3 0.50390625 0.12890625 0.02265625 0.04921875
5 0.49765625 0.20703125 0.02109375 0.01953125
9 0.58125 0.11796875 0.0234375 0.04375
3 0.6578125 0.14609375 0.02109375 0.0390625
3 0.709375 0.1671875 0.02265625 0.04375
0 0.7046875 0.20625 0.01640625 0.0234375
0 0.75703125 0.31640625 0.02578125 0.028125
3 0.76171875 0.23828125 0.0265625 0.05625
3 0.703125 0.2421875 0.0234375 0.04921875
0 0.70078125 0.29453125 0.02421875 0.02578125
3 0.534375 0.228125 0.02578125 0.05078125
5 0.5234375 0.29375 0.0125 0.025
3 0.475 0.2390625 0.0265625 0.053125
0 0.46640625 0.278125 0.02109375 0.0265625
3 0.40625 0.22265625 0.0265625 0.05625
3 0.34453125 0.23046875 0.025 0.059375
3 0.19140625 0.37421875 0.02890625 0.05546875
0 0.19296875 0.428125 0.0171875 0.02578125
0 0.25703125 0.42421875 0.02890625 0.03125
3 0.25546875 0.37421875 0.02734375 0.05546875
3 0.31875 0.3484375 0.0296875 0.05703125
0 0.315625 0.40234375 0.0328125 0.0359375
3 0.5953125 0.33203125 0.02890625 0.0609375
0 0.59765625 0.41015625 0.03125 0.03125
3 0.78828125 0.35546875 0.02734375 0.05859375
0 0.78515625 0.4234375 0.02734375 0.03046875
3 0.83984375 0.5265625 0.03515625 0.06953125
0 0.8328125 0.61171875 0.02421875 0.03046875
3 0.78125 0.51875 0.03359375 0.06484375
0 0.77265625 0.60859375 0.02734375 0.03515625
3 0.6890625 0.4796875 0.03515625 0.0796875
0 0.690625 0.603125 0.02421875 0.03515625
9 0.61875 0.478125 0.03671875 0.07890625
9 0.40859375 0.47421875 0.0453125 0.06953125
5 0.4234375 0.59609375 0.01953125 0.04375
9 0.346875 0.48125 0.03515625 0.06796875
5 0.353125 0.6125 0.0203125 0.04375
3 0.26015625 0.55546875 0.03359375 0.06875
0 0.26015625 0.61875 0.03046875 0.03125
6 0.20625 0.48046875 0.02734375 0.06640625
5 0.196875 0.59453125 0.01796875 0.03828125
3 0.13125 0.55625 0.02734375 0.05859375
0 0.13515625 0.603125 0.021875 0.03984375
3 0.6890625 0.7359375 0.04296875 0.08046875
0 0.696875 0.82421875 0.025 0.04453125
3 0.9234375 0.46875 0.025 0.05703125
0 0.92578125 0.53515625 0.01875 0.01875
3 0.8625 0.31796875 0.02109375 0.053125
0 0.86875 0.3859375 0.01640625 0.02109375
3 0.89375 0.31640625 0.0203125 0.04296875
5 0.81875 0.278125 0.0171875 0.02109375
10 0.85078125 0.24296875 0.04296875 0.0890625
9 0.85546875 0.21796875 0.01953125 0.04375
3 0.83515625 0.17734375 0.01796875 0.03828125
3 0.80390625 0.15546875 0.01953125 0.040625
3 0.771875 0.10546875 0.01875 0.040625
0 0.7734375 0.15546875 0.01796875 0.02109375
3 0.8046875 0.11796875 0.015625 0.03671875
3 0.7375 0.05546875 0.0171875 0.03125
10 0.76640625 0.071875 0.03046875 0.06171875
3 0.76953125 0.05703125 0.01484375 0.034375
3 0.7171875 0.02578125 0.01171875 0.03046875