10 0.1375 0.33984375 0.0453125 0.06640625
7 0.12890625 0.36796875 0.02578125 0.03828125
2 0.1203125 0.4046875 0.02734375 0.028125
10 0.15546875 0.240625 0.0421875 0.08828125
10 0.19296875 0.16328125 0.0328125 0.06953125
10 0.22578125 0.15859375 0.03984375 0.06171875
2 0.2171875 0.1921875 0.01953125 0.025
10 0.2125 0.11953125 0.028125 0.0484375
10 0.23984375 0.115625 0.03671875 0.05703125
1 0.2765625 0.0734375 0.03984375 0.04375
1 0.390625 0.0578125 0.0390625 0.053125
10 0.35703125 0.10234375 0.040625 0.0765625
1 0.39609375 0.1 0.0421875 0.0703125
10 0.4296875 0.046875 0.04296875 0.0609375
10 0.46953125 0.04296875 0.0375 0.05390625
10 0.5125 0.04609375 0.03984375 0.06171875
2 0.534375 0.128125 0.01875 0.0234375
1 0.55 0.0453125 0.04140625 0.0515625
10 0.59375 0.04453125 0.04765625 0.0609375
10 0.63828125 0.04765625 0.04453125 0.05625
10 0.65234375 0.103125 0.05234375 0.0796875
1 0.56875 0.09296875 0.04296875 0.0640625
2 0.61328125 0.1296875 0.02109375 0.02421875
1 0.70625 0.1765625 0.06015625 0.08125
10 0.65546875 0.15703125 0.0453125 0.1
2 0.62265625 0.203125 0.02421875 0.03046875
2 0.28828125 0.30390625 0.02890625 0.034375
0 0.40625 0.27578125 0.02421875 0.02421875
1 0.46953125 0.246875 0.05546875 0.08984375
1 0.5328125 0.24375 0.07109375 0.090625
0 0.52890625 0.28125 0.01953125 0.02890625
10 0.69609375 0.2609375 0.0609375 0.09375
10 0.75234375 0.27109375 0.05703125 0.115625
1 0.78046875 0.390625 0.06796875 0.09296875
1 0.71796875 0.39375 0.06484375 0.10390625
1 0.65546875 0.36875 0.0640625 0.1296875
10 0.5875 0.353125 0.0796875 0.140625
2 0.53203125 0.42421875 0.03046875 0.0515625
2 0.4609375 0.409375 0.03984375 0.0390625
2 0.3703125 0.42421875 0.03828125 0.0359375
10 0.3234375 0.3703125 0.07890625 0.10390625
1 0.25390625 0.38125 0.06640625 0.125
1 0.203125 0.3859375 0.0578125 0.10625
2 0.19765625 0.60546875 0.03359375 0.0609375
10 0.2703125 0.52578125 0.078125 0.14453125
10 0.42265625 0.5140625 0.07734375 0.16875
10 0.76015625 0.55078125 0.07734375 0.14453125
1 0.8234375 0.54375 0.06953125 0.15859375
10 0.71484375 0.03828125 0.02890625 0.04453125
10 0.73359375 0.06953125 0.03125 0.06484375
10 0.80078125 0.12890625 0.03359375 0.06015625
10 0.82578125 0.19296875 0.028125 0.065625
10 0.8546875 0.34375 0.05 0.10703125
10 0.8875 0.33359375 0.0328125 0.0859375
10 0.96875 0.709375 0.0625 0.09375
2 0.36953125 0.30859375 0.028125 0.03984375
10 0.48125 0.09140625 0.04921875 0.06796875
10 0.575 0.14453125 0.0546875 0.096875
10 0.34375 0.2515625 0.0640625 0.10625
10 0.409375 0.23828125 0.0671875 0.10625
2 0.7296875 0.84296875 0.05546875 0.09375
10 0.90546875 0.49375 0.0671875 0.11015625
10 0.78984375 0.18203125 0.0484375 0.0703125
10 0.76484375 0.12421875 0.03828125 0.08046875
7 0.66328125 0.215625 0.04296875 0.03515625
2 0.72265625 0.2171875 0.02265625 0.0265625
10 0.3078125 0.03125 0.03125 0.05390625
1 0.36796875 0.01875 0.0359375 0.03515625
10 0.5109375 0.14453125 0.06328125 0.10078125
1 0.45546875 0.16328125 0.05546875 0.09921875
10 0.403125 0.16171875 0.0546875 0.09453125
2 0.61015625 0.078125 0.02109375 0.01796875
10 0.14765625 0.54140625 0.071875 0.11171875
10 0.2234375 0.50546875 0.059375 0.159375
10 0.34609375 0.5328125 0.07421875 0.1765625
10 0.603125 0.52578125 0.08828125 0.175
10 0.684375 0.54140625 0.08515625 0.18984375
10 0.665625 0.73125 0.1140625 0.225
5 0.1375 0.3828125 0.0171875 0.025
5 0.159375 0.278125 0.01328125 0.021875
2 0.1796875 0.20390625 0.015625 0.0203125
2 0.26015625 0.09609375 0.01875 0.01796875
1 0.27890625 0.040625 0.02890625 0.04453125
1 0.43515625 0.10859375 0.04296875 0.05546875
2 0.57578125 0.20390625 0.02578125 0.03125
1 0.31640625 0.178125 0.04921875 0.0859375
1 0.275 0.18671875 0.04140625 0.08125
8 0.6625 0.38046875 0.03203125 0.05703125
5 0.64765625 0.43046875 0.01796875 0.03359375
8 0.72578125 0.40390625 0.03671875 0.05703125
0 0.98515625 0.753125 0.01796875 0.0453125
5 0.7921875 0.2296875 0.01171875 0.0203125
1 0.74765625 0.05546875 0.028125 0.0484375
5 0.13828125 0.60546875 0.01640625 0.0390625
2 0.1328125 0.60703125 0.02734375 0.0546875
5 0.196875 0.609375 0.02265625 0.034375
3 0.13671875 0.51875 0.0265625 0.06328125
3 0.21328125 0.459375 0.028125 0.065625
3 0.26171875 0.49296875 0.03203125 0.075
9 0.34609375 0.48203125 0.0375 0.07109375
0 0.34140625 0.60546875 0.021875 0.040625
9 0.40859375 0.46953125 0.04453125 0.078125
5 0.42421875 0.59609375 0.01796875 0.04140625
9 0.621875 0.47890625 0.03515625 0.08046875
3 0.684375 0.4859375 0.0359375 0.08125
0 0.68828125 0.81796875 0.040625 0.0453125
3 0.6734375 0.6625 0.0375 0.08046875
0 0.690625 0.60390625 0.02421875 0.04296875
3 0.78125 0.51953125 0.0328125 0.065625
0 0.77421875 0.61328125 0.0296875 0.03125
3 0.83828125 0.5296875 0.03515625 0.06875
0 0.83359375 0.61171875 0.025 0.03046875
3 0.7875 0.3765625 0.028125 0.05078125
0 0.78515625 0.42578125 0.028125 0.03046875
3 0.59140625 0.3265625 0.03203125 0.06328125
0 0.5921875 0.40859375 0.02109375 0.0296875
3 0.3171875 0.35 0.02890625 0.06484375
0 0.315625 0.4015625 0.03203125 0.03671875
3 0.253125 0.3765625 0.0265625 0.053125
0 0.25703125 0.42890625 0.034375 0.0265625
3 0.19453125 0.3734375 0.02578125 0.0546875
0 0.19375 0.42578125 0.0171875 0.02421875
0 0.34140625 0.28984375 0.02265625 0.028125
3 0.34140625 0.23046875 0.02265625 0.05625
3 0.41640625 0.215625 0.02734375 0.0609375
3 0.46953125 0.228125 0.02734375 0.05078125
0 0.465625 0.28046875 0.02421875 0.02578125
3 0.5375 0.23671875 0.02578125 0.05625
5 0.5234375 0.29453125 0.01171875 0.0265625
3 0.70390625 0.24453125 0.02421875 0.05078125
0 0.703125 0.29765625 0.0234375 0.0265625
3 0.76171875 0.24140625 0.02578125 0.05703125
0 0.7578125 0.315625 0.02890625 0.0265625
3 0.71015625 0.16640625 0.021875 0.04921875
0 0.7046875 0.20703125 0.01796875 0.02109375
6 0.66015625 0.13359375 0.02109375 0.046875
9 0.5828125 0.11875 0.02265625 0.04453125
9 0.5125 0.11875 0.0234375 0.0484375
5 0.51015625 0.19609375 0.01953125 0.0140625
2 0.51015625 0.19609375 0.02421875 0.03359375
3 0.4546875 0.13671875 0.02265625 0.046875
0 0.4578125 0.19453125 0.01796875 0.0203125
3 0.403125 0.14296875 0.02421875 0.04921875
5 0.390625 0.21015625 0.015625 0.021875
9 0.3078125 0.15859375 0.02578125 0.046875
9 0.275 0.1703125 0.021875 0.04296875
0 0.2875 0.2140625 0.0171875 0.01953125
3 0.35859375 0.08203125 0.01796875 0.03828125
0 0.35625 0.11875 0.01171875 0.01484375
2 0.35859375 0.14140625 0.0171875 0.021875
3 0.3953125 0.0875 0.02109375 0.04140625
3 0.4421875 0.10625 0.02109375 0.0359375
0 0.428125 0.1265625 0.015625 0.0265625
3 0.48515625 0.07890625 0.01953125 0.03671875
0 0.484375 0.11640625 0.01796875 0.01875
2 0.49375 0.1296875 0.0203125 0.02421875
3 0.56640625 0.08046875 0.01953125 0.03515625
6 0.65234375 0.084375 0.02109375 0.04453125
3 0.64140625 0.03828125 0.01640625 0.0359375
3 0.59375 0.03203125 0.01796875 0.03828125
0 0.59140625 0.06484375 0.015625 0.01640625
3 0.55234375 0.04296875 0.0171875 0.03203125
2 0.534375 0.078125 0.02578125 0.02109375
3 0.5140625 0.03203125 0.01640625 0.03359375
7 0.54453125 0.06796875 0.01796875 0.021875
7 0.51328125 0.07109375 0.01640625 0.01640625
3 0.46953125 0.03203125 0.01484375 0.03203125
3 0.42734375 0.034375 0.0140625 0.03359375
0 0.428125 0.06953125 0.01796875 0.01796875
3 0.3953125 0.04921875 0.015625 0.03125
0 0.92578125 0.53828125 0.01796875 0.021875
3 0.9265625 0.4671875 0.02421875 0.05625
0 0.86875 0.3859375 0.015625 0.025
3 0.8640625 0.31875 0.02109375 0.0515625
3 0.89375 0.315625 0.01953125 0.04296875
3 0.8046875 0.1703125 0.01875 0.040625
3 0.8296875 0.18046875 0.01796875 0.040625
3 0.771875 0.10703125 0.01875 0.040625
0 0.77421875 0.15625 0.01640625 0.02109375
3 0.8046875 0.1171875 0.01484375 0.0359375
3 0.7375 0.05625 0.015625 0.03203125
3 0.75234375 0.04453125 0.0140625 0.028125
3 0.71953125 0.03046875 0.01484375 0.02890625
3 0.30546875 0.0203125 0.015625 0.0296875
3 0.2765625 0.03203125 0.01484375 0.0296875
3 0.265625 0.06875 0.01640625 0.03125
3 0.22890625 0.10546875 0.01484375 0.034375
3 0.20703125 0.1125 0.01328125 0.03046875
9 0.19140625 0.14453125 0.015625 0.03125
3 0.21640625 0.14765625 0.01640625 0.03984375
3 0.14609375 0.21796875 0.01875 0.040625
3 0.12578125 0.33125 0.02109375 0.04453125
2 0.26328125 0.23203125 0.021875 0.01953125