10 0.1359375 0.3375 0.04921875 0.06953125
2 0.1296875 0.371875 0.02421875 0.03984375
2 0.1203125 0.4046875 0.02734375 0.028125
10 0.15703125 0.2375 0.04375 0.09375
10 0.18828125 0.17109375 0.03515625 0.06015625
10 0.225 0.16328125 0.0390625 0.05859375
2 0.2171875 0.1921875 0.01953125 0.025
10 0.2125 0.1203125 0.028125 0.0484375
1 0.24453125 0.11171875 0.0375 0.06015625
1 0.27578125 0.07578125 0.040625 0.04375
1 0.390625 0.05703125 0.0390625 0.053125
10 0.35703125 0.10234375 0.040625 0.0765625
1 0.39609375 0.1015625 0.0421875 0.06953125
10 0.4296875 0.04921875 0.04296875 0.05859375
10 0.46953125 0.04296875 0.0375 0.053125
10 0.5125 0.0453125 0.03984375 0.0609375
2 0.534375 0.128125 0.01875 0.0234375
1 0.55078125 0.04609375 0.04140625 0.05390625
10 0.59140625 0.04296875 0.04609375 0.06484375
10 0.63828125 0.0515625 0.040625 0.05625
10 0.64765625 0.09921875 0.04296875 0.07109375
1 0.56875 0.09765625 0.04609375 0.06953125
2 0.61328125 0.1296875 0.02109375 0.02421875
1 0.70546875 0.178125 0.06015625 0.08046875
10 0.65546875 0.1671875 0.04453125 0.0859375
2 0.62265625 0.203125 0.02421875 0.03046875
2 0.28828125 0.30390625 0.02890625 0.034375
0 0.40390625 0.2828125 0.01953125 0.025
1 0.46875 0.24765625 0.05546875 0.08046875
10 0.53203125 0.24296875 0.071875 0.09921875
0 0.53046875 0.28203125 0.0203125 0.02890625
10 0.69609375 0.26171875 0.0609375 0.09375
10 0.7515625 0.26953125 0.05859375 0.11875
1 0.78125 0.390625 0.06953125 0.09609375
1 0.7171875 0.39609375 0.06484375 0.10390625
1 0.65546875 0.36953125 0.0640625 0.1296875
10 0.58828125 0.35625 0.07734375 0.1390625
2 0.53125 0.421875 0.03046875 0.05078125
2 0.46171875 0.41015625 0.03984375 0.0390625
2 0.37109375 0.42421875 0.0390625 0.03515625
10 0.32265625 0.36875 0.07890625 0.10390625
1 0.253125 0.378125 0.0640625 0.1203125
1 0.2015625 0.38828125 0.05859375 0.10625
2 0.19765625 0.60546875 0.03359375 0.0609375
1 0.2671875 0.57421875 0.09765625 0.1265625
10 0.42265625 0.515625 0.07578125 0.15546875
10 0.759375 0.5515625 0.0765625 0.14453125
1 0.82421875 0.5484375 0.071875 0.17109375
10 0.71171875 0.03671875 0.03125 0.053125
10 0.7296875 0.0703125 0.03515625 0.0703125
10 0.8 0.12421875 0.03046875 0.0515625
10 0.82265625 0.18046875 0.02421875 0.08359375
10 0.85625 0.34375 0.046875 0.10703125
10 0.8875 0.33359375 0.0328125 0.0859375
10 0.96875 0.709375 0.0625 0.09375
2 0.36953125 0.309375 0.028125 0.03984375
10 0.4828125 0.09140625 0.05390625 0.06640625
10 0.57578125 0.14296875 0.05390625 0.096875
1 0.34375 0.25625 0.06484375 0.09140625
10 0.40859375 0.24296875 0.0671875 0.1
2 0.7296875 0.84453125 0.05078125 0.09296875
10 0.903125 0.49140625 0.06484375 0.11171875
10 0.79296875 0.18046875 0.0421875 0.08828125
10 0.76484375 0.12578125 0.03828125 0.08046875
7 0.66328125 0.2140625 0.04296875 0.03515625
2 0.72265625 0.2171875 0.02265625 0.0265625
10 0.309375 0.03125 0.0328125 0.0515625
1 0.36796875 0.02109375 0.0359375 0.040625
10 0.5109375 0.1625 0.06328125 0.09375
10 0.45546875 0.16328125 0.05546875 0.09921875
10 0.40234375 0.16171875 0.0546875 0.0890625
2 0.6109375 0.078125 0.02109375 0.01953125
1 0.1484375 0.56171875 0.06953125 0.109375
10 0.2109375 0.540625 0.06640625 0.11328125
10 0.3484375 0.521875 0.059375 0.14609375
10 0.5953125 0.528125 0.09296875 0.1515625
10 0.68203125 0.5359375 0.084375 0.178125
10 0.66875 0.75546875 0.12734375 0.18046875
5 0.1375 0.3828125 0.01640625 0.0234375
5 0.159375 0.278125 0.01328125 0.021875
2 0.1796875 0.20390625 0.015625 0.0203125
2 0.26015625 0.09296875 0.01875 0.01796875
1 0.28125 0.0390625 0.02734375 0.04375
1 0.43515625 0.1125 0.04296875 0.05625
2 0.57578125 0.20390625 0.02578125 0.03125
1 0.3171875 0.18515625 0.05078125 0.07578125
1 0.271875 0.1890625 0.0421875 0.08125
8 0.6625 0.38046875 0.03203125 0.05703125
5 0.64765625 0.43046875 0.01796875 0.03359375
8 0.72578125 0.40390625 0.03671875 0.05703125
0 0.98515625 0.753125 0.01796875 0.0453125
5 0.7921875 0.2296875 0.01171875 0.0203125
1 0.74921875 0.05234375 0.0203125 0.04140625
3 0.12421875 0.33359375 0.02421875 0.0453125
3 0.15 0.2125 0.01953125 0.04375
3 0.18515625 0.15859375 0.015625 0.03359375
3 0.21640625 0.15546875 0.01796875 0.040625
3 0.20625 0.11328125 0.01328125 0.03046875
0 0.2078125 0.1390625 0.01484375 0.01484375
3 0.24453125 0.0984375 0.01328125 0.03125
3 0.26484375 0.06953125 0.015625 0.03046875
3 0.2796875 0.03203125 0.01484375 0.0296875
3 0.30390625 0.02109375 0.0125 0.0265625
3 0.396875 0.04921875 0.015625 0.03125
3 0.35234375 0.08203125 0.0171875 0.03515625
2 0.3578125 0.14140625 0.01875 0.0234375
3 0.39453125 0.09140625 0.02109375 0.03984375
0 0.3875 0.13046875 0.01484375 0.0234375
3 0.4421875 0.10625 0.01953125 0.03203125
0 0.428125 0.12890625 0.015625 0.02421875
3 0.428125 0.03671875 0.0140625 0.03125
0 0.42890625 0.06953125 0.01875 0.01640625
3 0.46875 0.0328125 0.01640625 0.03046875
3 0.48515625 0.078125 0.02109375 0.0359375
0 0.4671875 0.06015625 0.02109375 0.01484375
0 0.484375 0.11640625 0.0171875 0.01796875
3 0.5125 0.03203125 0.01640625 0.03203125
7 0.51328125 0.07265625 0.01875 0.01796875
3 0.55234375 0.03828125 0.0171875 0.03125
2 0.534375 0.07890625 0.0265625 0.01875
7 0.5453125 0.06796875 0.01796875 0.02421875
3 0.565625 0.08203125 0.01953125 0.0359375
0 0.57421875 0.121875 0.01640625 0.01875
3 0.59296875 0.03046875 0.01796875 0.0390625
0 0.590625 0.0640625 0.01484375 0.01875
3 0.64453125 0.0421875 0.015625 0.034375
3 0.63671875 0.0859375 0.0203125 0.04140625
3 0.6578125 0.14765625 0.01953125 0.04375
3 0.70859375 0.16640625 0.02109375 0.04453125
3 0.50390625 0.1390625 0.02421875 0.046875
7 0.5109375 0.19609375 0.02578125 0.028125
5 0.49765625 0.2109375 0.01953125 0.01875
3 0.45078125 0.1390625 0.02421875 0.04453125
0 0.4578125 0.19375 0.01796875 0.02109375
9 0.4046875 0.14375 0.025 0.04609375
3 0.3046875 0.1703125 0.02421875 0.040625
0 0.31015625 0.21015625 0.02421875 0.021875
3 0.27265625 0.17421875 0.021875 0.04453125
0 0.28125 0.21015625 0.0171875 0.0203125
3 0.3453125 0.24140625 0.02421875 0.059375
7 0.340625 0.29453125 0.025 0.03046875
3 0.40390625 0.221875 0.028125 0.05546875
3 0.47421875 0.2421875 0.0265625 0.05625
0 0.46640625 0.27890625 0.02265625 0.0265625
3 0.53515625 0.22890625 0.028125 0.053125
5 0.5234375 0.29609375 0.01328125 0.025
3 0.70390625 0.24140625 0.02421875 0.05
0 0.7015625 0.296875 0.02421875 0.025
3 0.76171875 0.24140625 0.02578125 0.05625
0 0.759375 0.315625 0.028125 0.02890625
3 0.79140625 0.37578125 0.02734375 0.0515625
0 0.7859375 0.42421875 0.02734375 0.03125
3 0.5953125 0.334375 0.03046875 0.06015625
0 0.596875 0.4109375 0.0296875 0.03046875
3 0.3171875 0.3484375 0.028125 0.0609375
0 0.31640625 0.4015625 0.03203125 0.03203125
3 0.25546875 0.37421875 0.02734375 0.0515625
0 0.259375 0.4234375 0.0265625 0.03125
0 0.19375 0.428125 0.01953125 0.02421875
3 0.1921875 0.3765625 0.02890625 0.053125
9 0.134375 0.5390625 0.0296875 0.06015625
0 0.1390625 0.60078125 0.028125 0.03125
9 0.1953125 0.5171875 0.03203125 0.065625
5 0.19765625 0.59609375 0.01953125 0.03828125
0 0.26015625 0.61796875 0.03515625 0.034375
3 0.259375 0.55546875 0.03359375 0.065625
9 0.34375 0.48515625 0.034375 0.06875
5 0.35234375 0.61328125 0.02109375 0.0453125
9 0.409375 0.4734375 0.04453125 0.07421875
5 0.4234375 0.59609375 0.01796875 0.04375
9 0.61953125 0.4953125 0.03828125 0.078125
3 0.68828125 0.49609375 0.034375 0.08203125
0 0.684375 0.60546875 0.03671875 0.04140625
3 0.78125 0.521875 0.0328125 0.0640625
0 0.77421875 0.609375 0.028125 0.03125
3 0.8390625 0.528125 0.03515625 0.06796875
0 0.83828125 0.61640625 0.03046875 0.034375
3 0.69375 0.73046875 0.03984375 0.07890625
0 0.6984375 0.825 0.02734375 0.04453125
0 0.92578125 0.53125 0.02109375 0.028125
3 0.9234375 0.46640625 0.02578125 0.0546875
3 0.86328125 0.31796875 0.02265625 0.05078125
0 0.86953125 0.3859375 0.015625 0.021875
3 0.89296875 0.3140625 0.01953125 0.04375
0 0.81875 0.27265625 0.01640625 0.0265625
6 0.85703125 0.21875 0.01796875 0.040625
10 0.84609375 0.24453125 0.0671875 0.096875
3 0.8234375 0.15703125 0.01796875 0.03671875
3 0.8046875 0.15625 0.01875 0.04140625
3 0.771875 0.10625 0.01953125 0.03984375
0 0.7734375 0.1546875 0.01640625 0.0203125
3 0.80546875 0.1171875 0.0140625 0.0359375
3 0.75 0.0453125 0.01484375 0.028125
10 0.765625 0.071875 0.0296875 0.05078125
3 0.76640625 0.065625 0.01484375 0.034375
3 0.73515625 0.053125 0.01328125 0.03203125
3 0.71796875 0.0265625 0.0140625 0.03046875
0 0.70390625 0.2078125 0.01640625 0.0234375