10 0.13515625 0.34140625 0.04296875 0.06953125
7 0.1296875 0.37109375 0.02578125 0.03828125
2 0.1203125 0.4046875 0.02734375 0.028125
10 0.15546875 0.240625 0.0421875 0.08828125
10 0.1890625 0.16953125 0.034375 0.06171875
10 0.2265625 0.16171875 0.03984375 0.05859375
2 0.2171875 0.1921875 0.01953125 0.025
10 0.2109375 0.11953125 0.02578125 0.0515625
10 0.23984375 0.115625 0.03671875 0.05703125
1 0.27734375 0.07421875 0.03984375 0.04453125
1 0.390625 0.05703125 0.0390625 0.053125
10 0.35390625 0.09921875 0.04296875 0.08125
1 0.39609375 0.09921875 0.0421875 0.06953125
10 0.43046875 0.05078125 0.04296875 0.06171875
10 0.46875 0.04296875 0.03671875 0.05546875
10 0.51171875 0.04453125 0.040625 0.0609375
2 0.534375 0.128125 0.01875 0.0234375
1 0.55078125 0.0453125 0.040625 0.05390625
10 0.59140625 0.04375 0.04453125 0.059375
10 0.6375 0.05234375 0.04140625 0.053125
1 0.65390625 0.103125 0.05703125 0.0765625
1 0.56875 0.09296875 0.04296875 0.0640625
2 0.615625 0.1296875 0.0203125 0.02421875
1 0.70546875 0.17890625 0.06015625 0.08125
10 0.65390625 0.16328125 0.04453125 0.07421875
2 0.62265625 0.203125 0.02421875 0.03046875
2 0.28828125 0.30390625 0.02890625 0.034375
0 0.40625 0.28046875 0.0203125 0.021875
1 0.4703125 0.246875 0.05546875 0.08046875
10 0.53125 0.24296875 0.07109375 0.09921875
0 0.53359375 0.28125 0.0296875 0.0296875
10 0.696875 0.26171875 0.0609375 0.09375
10 0.75234375 0.27109375 0.0578125 0.1203125
1 0.77890625 0.38828125 0.06953125 0.1
1 0.71875 0.3984375 0.06484375 0.1046875
1 0.65546875 0.36953125 0.0640625 0.1296875
10 0.5890625 0.35703125 0.07890625 0.140625
2 0.5328125 0.42109375 0.03046875 0.05078125
2 0.46171875 0.409375 0.03984375 0.0390625
2 0.3703125 0.425 0.03828125 0.03515625
10 0.3234375 0.36796875 0.08125 0.10625
1 0.25390625 0.38046875 0.06640625 0.125
1 0.203125 0.3875 0.0578125 0.10625
2 0.19765625 0.60546875 0.03359375 0.0609375
10 0.26953125 0.52421875 0.075 0.146875
10 0.42265625 0.515625 0.07578125 0.165625
10 0.76015625 0.5515625 0.07734375 0.14453125
1 0.825 0.54453125 0.0703125 0.16640625
10 0.7140625 0.034375 0.028125 0.0515625
10 0.73125 0.07109375 0.03515625 0.06328125
10 0.80078125 0.12890625 0.03359375 0.06015625
10 0.82578125 0.18984375 0.03203125 0.07421875
10 0.85703125 0.34375 0.046875 0.10625
10 0.8875 0.3359375 0.0328125 0.0859375
10 0.96875 0.71328125 0.0625 0.09375
2 0.36953125 0.3078125 0.028125 0.03984375
10 0.4828125 0.09140625 0.05390625 0.06796875
10 0.575 0.14296875 0.05390625 0.1
10 0.34375 0.2484375 0.0640625 0.10625
10 0.409375 0.24375 0.06953125 0.0984375
2 0.73125 0.84375 0.04765625 0.08984375
10 0.90390625 0.490625 0.065625 0.11328125
10 0.79453125 0.18203125 0.03828125 0.10078125
10 0.765625 0.1265625 0.0390625 0.08046875
2 0.6609375 0.21796875 0.040625 0.03203125
2 0.72265625 0.2171875 0.02265625 0.0265625
10 0.30703125 0.03203125 0.03125 0.05390625
1 0.3671875 0.02109375 0.03671875 0.040625
10 0.50859375 0.1515625 0.0578125 0.08671875
10 0.45546875 0.16328125 0.05546875 0.09921875
10 0.403125 0.1609375 0.05625 0.09296875
2 0.61015625 0.0765625 0.02109375 0.01875
1 0.1453125 0.55703125 0.07265625 0.09453125
10 0.2234375 0.50546875 0.059375 0.159375
10 0.35078125 0.5265625 0.06328125 0.16875
10 0.59296875 0.5078125 0.0859375 0.17890625
10 0.68125 0.5328125 0.0859375 0.203125
10 0.66875 0.75390625 0.1265625 0.17578125
5 0.1375 0.38203125 0.0171875 0.025
5 0.159375 0.278125 0.01328125 0.021875
2 0.1796875 0.20390625 0.015625 0.0203125
2 0.26015625 0.09453125 0.01875 0.01796875
1 0.27890625 0.04140625 0.02890625 0.04375
1 0.43515625 0.109375 0.04296875 0.05546875
2 0.57578125 0.2015625 0.02578125 0.03046875
10 0.3171875 0.178125 0.04609375 0.08046875
1 0.2734375 0.1875 0.04609375 0.08046875
8 0.6625 0.38046875 0.03203125 0.05703125
5 0.64765625 0.43046875 0.01796875 0.03359375
8 0.72578125 0.40390625 0.03671875 0.05703125
0 0.98515625 0.753125 0.01796875 0.0453125
5 0.7921875 0.2296875 0.01171875 0.0203125
1 0.7484375 0.05625 0.03046875 0.046875
3 0.12578125 0.33046875 0.02109375 0.04453125
3 0.146875 0.21640625 0.01953125 0.040625
3 0.18515625 0.15703125 0.01484375 0.034375
3 0.215625 0.15390625 0.01640625 0.0390625
3 0.20703125 0.1125 0.0125 0.03046875
3 0.22890625 0.10546875 0.01484375 0.03359375
3 0.265625 0.06796875 0.015625 0.03203125
3 0.27578125 0.03515625 0.015625 0.03125
3 0.30546875 0.01953125 0.01484375 0.02890625
0 0.3015625 0.0515625 0.01171875 0.01328125
3 0.3953125 0.05 0.01484375 0.03125
3 0.35703125 0.0796875 0.01796875 0.03671875
2 0.3578125 0.14140625 0.01875 0.0234375
3 0.396875 0.08828125 0.0203125 0.04375
3 0.428125 0.034375 0.01484375 0.03046875
0 0.42890625 0.06796875 0.01875 0.01796875
0 0.42890625 0.12890625 0.01328125 0.021875
3 0.4703125 0.03125 0.01484375 0.03203125
3 0.4859375 0.078125 0.01953125 0.03828125
3 0.51328125 0.03203125 0.01796875 0.03203125
7 0.5125 0.0703125 0.01953125 0.01640625
2 0.5328125 0.078125 0.025 0.01953125
3 0.5484375 0.04140625 0.015625 0.03125
7 0.54453125 0.0671875 0.01640625 0.0234375
3 0.59140625 0.03125 0.01796875 0.0390625
0 0.59140625 0.06328125 0.01484375 0.01953125
3 0.565625 0.08125 0.01953125 0.0359375
3 0.64375 0.04296875 0.0171875 0.0359375
6 0.65859375 0.0828125 0.0203125 0.04140625
3 0.70703125 0.165625 0.021875 0.0453125
0 0.70390625 0.20703125 0.01953125 0.025
3 0.66015625 0.1484375 0.02109375 0.04140625
9 0.57890625 0.1140625 0.021875 0.04453125
3 0.50234375 0.13046875 0.02109375 0.0484375
5 0.509375 0.19609375 0.01796875 0.015625
3 0.45390625 0.140625 0.02265625 0.0453125
0 0.459375 0.19375 0.02109375 0.0203125
3 0.40234375 0.14296875 0.02578125 0.05
5 0.38984375 0.21015625 0.0140625 0.01875
3 0.309375 0.15859375 0.0234375 0.046875
0 0.309375 0.20703125 0.01953125 0.02109375
3 0.27421875 0.171875 0.02109375 0.04453125
0 0.27890625 0.21015625 0.015625 0.01875
3 0.340625 0.22890625 0.02421875 0.06015625
0 0.34140625 0.290625 0.021875 0.025
3 0.40625 0.22421875 0.0265625 0.05546875
3 0.475 0.240625 0.0265625 0.05390625
0 0.46640625 0.27890625 0.02109375 0.025
3 0.53515625 0.22734375 0.02578125 0.05078125
5 0.52421875 0.2953125 0.01328125 0.02578125
3 0.703125 0.24296875 0.0234375 0.05078125
0 0.703125 0.296875 0.0234375 0.025
3 0.7609375 0.24140625 0.02578125 0.05625
0 0.759375 0.31875 0.0265625 0.02578125
3 0.7875 0.36640625 0.0265625 0.05546875
0 0.78125 0.4234375 0.0328125 0.0296875
3 0.59609375 0.334375 0.0328125 0.06171875
3 0.31875 0.34921875 0.0296875 0.06015625
0 0.315625 0.40234375 0.03203125 0.034375
0 0.25625 0.42421875 0.03203125 0.03046875
0 0.19375 0.42734375 0.0171875 0.0265625
3 0.19375 0.37421875 0.02734375 0.053125
3 0.13203125 0.5609375 0.028125 0.05625
0 0.1359375 0.603125 0.02109375 0.03828125
5 0.19765625 0.61015625 0.02421875 0.03125
3 0.2140625 0.4609375 0.02890625 0.059375
0 0.215625 0.54375 0.0296875 0.03046875
3 0.26328125 0.48984375 0.03203125 0.07421875
3 0.35078125 0.48046875 0.03359375 0.071875
5 0.35234375 0.6140625 0.0203125 0.04453125
9 0.4078125 0.47109375 0.04453125 0.07578125
5 0.4234375 0.59609375 0.01953125 0.04296875
9 0.590625 0.47578125 0.0421875 0.075
2 0.59765625 0.61015625 0.05 0.0703125
9 0.6875 0.4734375 0.03984375 0.08046875
0 0.690625 0.60546875 0.02421875 0.03984375
3 0.78203125 0.5203125 0.03359375 0.06484375
0 0.77265625 0.6109375 0.02890625 0.03203125
3 0.84140625 0.52734375 0.03515625 0.06953125
0 0.83671875 0.61171875 0.02890625 0.03125
3 0.69921875 0.7234375 0.0421875 0.08203125
0 0.70234375 0.8203125 0.028125 0.04296875
3 0.9234375 0.46875 0.02421875 0.05703125
0 0.92578125 0.5359375 0.02109375 0.0203125
3 0.86328125 0.31796875 0.021875 0.05
3 0.89375 0.31640625 0.01953125 0.04453125
0 0.86953125 0.38671875 0.015625 0.021875
3 0.834375 0.171875 0.0171875 0.03984375
3 0.80390625 0.15390625 0.02109375 0.04296875
3 0.80546875 0.11796875 0.015625 0.03828125
3 0.771875 0.1078125 0.01953125 0.04140625
0 0.7734375 0.15546875 0.01640625 0.02109375
3 0.740625 0.05703125 0.01484375 0.03203125
3 0.753125 0.0453125 0.0140625 0.028125
6 0.71640625 0.02578125 0.01328125 0.03203125