10 0.13671875 0.3390625 0.04765625 0.0640625
2 0.13046875 0.37109375 0.0234375 0.040625
2 0.1203125 0.4046875 0.02734375 0.028125
10 0.1625 0.228125 0.0421875 0.09453125
10 0.190625 0.16875 0.03359375 0.059375
10 0.225 0.1609375 0.0421875 0.05859375
2 0.2171875 0.1921875 0.01953125 0.025
10 0.2125 0.11953125 0.028125 0.04921875
10 0.24375 0.109375 0.0390625 0.05625
1 0.27734375 0.07421875 0.03984375 0.04453125
1 0.390625 0.05625 0.0390625 0.053125
10 0.35625 0.10546875 0.03984375 0.06796875
1 0.39765625 0.10390625 0.04296875 0.06875
10 0.4296875 0.046875 0.04296875 0.0609375
10 0.46953125 0.04296875 0.03671875 0.05546875
10 0.5109375 0.04453125 0.03984375 0.06484375
2 0.534375 0.128125 0.01875 0.0234375
1 0.55078125 0.04453125 0.04140625 0.05390625
10 0.59140625 0.04375 0.04609375 0.059375
10 0.63828125 0.046875 0.03984375 0.0609375
10 0.65390625 0.096875 0.040625 0.0734375
1 0.56875 0.09453125 0.04296875 0.0640625
10 0.703125 0.17109375 0.05078125 0.0890625
10 0.65390625 0.1640625 0.04453125 0.08984375
2 0.62265625 0.203125 0.02421875 0.03046875
2 0.2875 0.30390625 0.02890625 0.03515625
0 0.40390625 0.2734375 0.025 0.02109375
1 0.46953125 0.24609375 0.05703125 0.08046875
10 0.53203125 0.24140625 0.071875 0.09609375
0 0.5296875 0.28125 0.021875 0.03046875
10 0.69453125 0.2609375 0.06015625 0.09453125
10 0.7515625 0.2703125 0.05703125 0.121875
1 0.77890625 0.39296875 0.06796875 0.096875
1 0.71796875 0.39453125 0.06484375 0.10390625
1 0.65546875 0.36875 0.0640625 0.1296875
10 0.5875 0.35625 0.07890625 0.1359375
2 0.53125 0.42109375 0.03046875 0.05078125
2 0.46171875 0.409375 0.03984375 0.0390625
2 0.371875 0.42421875 0.03515625 0.03203125
10 0.325 0.36796875 0.08203125 0.10625
1 0.25390625 0.37421875 0.06484375 0.11875
1 0.20234375 0.3859375 0.0578125 0.10546875
1 0.26640625 0.5765625 0.09609375 0.1234375
10 0.4203125 0.49765625 0.07109375 0.16796875
10 0.76015625 0.5515625 0.07421875 0.14375
1 0.825 0.5484375 0.07109375 0.16953125
10 0.71328125 0.0359375 0.03125 0.05078125
10 0.73515625 0.0734375 0.02890625 0.06328125
10 0.7921875 0.1140625 0.03125 0.06875
10 0.82265625 0.18125 0.02421875 0.08046875
10 0.8546875 0.34375 0.05 0.10703125
10 0.8875 0.33125 0.03125 0.09375
10 0.96875 0.71640625 0.0625 0.09375
2 0.3671875 0.315625 0.028125 0.03984375
1 0.48125 0.09453125 0.05078125 0.065625
10 0.565625 0.15625 0.0515625 0.084375
10 0.33828125 0.24375 0.065625 0.121875
10 0.409375 0.24140625 0.06875 0.1015625
2 0.73046875 0.84296875 0.04765625 0.09140625
10 0.90703125 0.4984375 0.071875 0.11328125
10 0.79375 0.178125 0.04140625 0.08828125
10 0.76640625 0.12578125 0.04140625 0.08046875
7 0.66015625 0.2140625 0.040625 0.0359375
1 0.36796875 0.02109375 0.0359375 0.040625
10 0.509375 0.15546875 0.06640625 0.0984375
10 0.453125 0.1640625 0.04921875 0.0984375
10 0.403125 0.16015625 0.05859375 0.09453125
2 0.61015625 0.078125 0.02109375 0.01796875
10 0.15078125 0.546875 0.06015625 0.15625
10 0.209375 0.534375 0.0671875 0.14453125
10 0.35390625 0.50390625 0.065625 0.18203125
10 0.59609375 0.5234375 0.0953125 0.14140625
10 0.6828125 0.53671875 0.08671875 0.18046875
10 0.66953125 0.75546875 0.12421875 0.1796875
5 0.1375 0.38203125 0.01640625 0.0234375
2 0.18125 0.2015625 0.01328125 0.01875
1 0.28203125 0.03828125 0.02734375 0.04375
1 0.43515625 0.11171875 0.04375 0.053125
1 0.31640625 0.18359375 0.05 0.078125
1 0.271875 0.1890625 0.04453125 0.084375
8 0.6625 0.38046875 0.03203125 0.05703125
5 0.64765625 0.43046875 0.01796875 0.03359375
8 0.72578125 0.40390625 0.03671875 0.05703125
0 0.98515625 0.753125 0.01796875 0.0453125
5 0.7921875 0.2296875 0.01171875 0.0203125
3 0.140625 0.503125 0.02734375 0.0640625
0 0.14296875 0.6015625 0.02421875 0.046875
3 0.190625 0.50078125 0.02734375 0.06953125
0 0.19765625 0.59140625 0.02890625 0.05390625
0 0.259375 0.61875 0.0359375 0.03515625
3 0.26015625 0.55859375 0.03203125 0.0609375
3 0.34921875 0.45078125 0.03046875 0.07421875
5 0.353125 0.61484375 0.01953125 0.040625
9 0.40859375 0.45546875 0.0390625 0.08125
5 0.4234375 0.59375 0.01953125 0.0453125
9 0.61875 0.50078125 0.0359375 0.07421875
2 0.59765625 0.61640625 0.04921875 0.05859375
0 0.684375 0.60625 0.03515625 0.04140625
3 0.6890625 0.496875 0.03515625 0.08125
3 0.78125 0.52109375 0.03203125 0.065625
0 0.771875 0.60703125 0.02578125 0.0296875
3 0.8390625 0.52578125 0.034375 0.06953125
0 0.8375 0.61640625 0.03046875 0.034375
0 0.69765625 0.82421875 0.02578125 0.04140625
3 0.6875 0.73125 0.03984375 0.08125
3 0.78828125 0.38125 0.02734375 0.0546875
0 0.78203125 0.42890625 0.02265625 0.028125
3 0.59609375 0.334375 0.0296875 0.06328125
0 0.596875 0.41015625 0.0296875 0.03125
3 0.31640625 0.34765625 0.02890625 0.06171875
0 0.31640625 0.40078125 0.03046875 0.03125
3 0.2515625 0.3640625 0.02578125 0.05546875
3 0.1921875 0.3765625 0.02734375 0.053125
5 0.2625 0.428125 0.0203125 0.025
0 0.19375 0.428125 0.01953125 0.025
3 0.125 0.33046875 0.02265625 0.04453125
3 0.15625 0.20078125 0.01953125 0.0390625
0 0.1546875 0.25546875 0.015625 0.01875
3 0.1875 0.15625 0.01484375 0.034375
3 0.2125 0.153125 0.01640625 0.040625
3 0.20625 0.1125 0.0140625 0.03046875
3 0.24453125 0.0984375 0.01484375 0.03125
3 0.265625 0.06875 0.01484375 0.03046875
3 0.27890625 0.03203125 0.01484375 0.03125
3 0.3953125 0.0484375 0.01640625 0.03203125
3 0.4265625 0.034375 0.01484375 0.03046875
3 0.35390625 0.090625 0.01796875 0.03671875
0 0.35625 0.12890625 0.01328125 0.01875
3 0.39453125 0.0921875 0.01953125 0.03984375
3 0.4421875 0.10546875 0.021875 0.0390625
0 0.428125 0.06796875 0.01796875 0.015625
3 0.46875 0.03046875 0.015625 0.0296875
3 0.475 0.08125 0.0203125 0.040625
0 0.428125 0.128125 0.015625 0.0234375
0 0.48203125 0.12265625 0.01953125 0.03046875
0 0.38828125 0.13046875 0.01484375 0.02578125
3 0.5125 0.03046875 0.01640625 0.03359375
7 0.5125 0.07109375 0.01796875 0.015625
2 0.534375 0.078125 0.02421875 0.0203125
3 0.55 0.04375 0.01640625 0.03125
7 0.54453125 0.06796875 0.01796875 0.021875
3 0.59296875 0.034375 0.0171875 0.03828125
3 0.56640625 0.08046875 0.02109375 0.03515625
0 0.59140625 0.06328125 0.01484375 0.01875
3 0.6515625 0.08125 0.01796875 0.04140625
1 0.61875 0.115625 0.05078125 0.0734375
3 0.6359375 0.09921875 0.01796875 0.04296875
3 0.64375 0.04296875 0.01640625 0.03671875
3 0.6578125 0.14296875 0.01953125 0.0453125
3 0.709375 0.1609375 0.0203125 0.04375
3 0.57578125 0.1390625 0.025 0.046875
0 0.58125 0.18828125 0.02109375 0.0234375
3 0.50703125 0.13125 0.02109375 0.046875
0 0.49921875 0.19765625 0.0171875 0.03046875
3 0.453125 0.13984375 0.0234375 0.04609375
5 0.45390625 0.19296875 0.01171875 0.01953125
9 0.4046875 0.140625 0.02421875 0.05
3 0.303125 0.16875 0.02265625 0.040625
3 0.27265625 0.1734375 0.01953125 0.04453125
0 0.28125 0.20703125 0.01640625 0.02578125
0 0.309375 0.2109375 0.02265625 0.0203125
3 0.3328125 0.21328125 0.025 0.05625
7 0.340625 0.28046875 0.0375 0.04453125
5 0.3609375 0.2921875 0.01328125 0.0265625
3 0.40390625 0.21796875 0.02734375 0.05625
3 0.47265625 0.24296875 0.02734375 0.05859375
0 0.46484375 0.27890625 0.02578125 0.025
3 0.534375 0.22421875 0.02734375 0.0546875
5 0.52421875 0.29453125 0.0140625 0.025
3 0.7015625 0.24296875 0.02421875 0.0515625
0 0.70234375 0.29453125 0.02421875 0.025
3 0.76015625 0.240625 0.02578125 0.05859375
0 0.75859375 0.31796875 0.02578125 0.028125
3 0.93046875 0.47890625 0.0234375 0.05703125
0 0.9296875 0.54375 0.01796875 0.02421875
3 0.86328125 0.31875 0.02109375 0.0515625
0 0.86875 0.38671875 0.01640625 0.0265625
3 0.8921875 0.30703125 0.01875 0.04609375
3 0.8046875 0.15546875 0.01953125 0.04296875
3 0.82265625 0.159375 0.01640625 0.0390625
9 0.790625 0.096875 0.0171875 0.03125
3 0.771875 0.10859375 0.0203125 0.04140625
0 0.7734375 0.15390625 0.01640625 0.0203125
6 0.73828125 0.059375 0.01484375 0.03359375
6 0.76953125 0.07109375 0.01484375 0.0359375
3 0.71875 0.028125 0.0140625 0.03203125
1 0.74765625 0.0546875 0.02578125 0.04296875
3 0.75 0.046875 0.01328125 0.0265625