0 0.75625 0.58203125 0.0296875 0.04453125
2 0.7625 0.60546875 0.03046875 0.059375
2 0.83203125 0.60546875 0.02421875 0.028125
2 0.82734375 0.60625 0.03046875 0.05859375
3 0.8359375 0.52734375 0.03359375 0.065625
3 0.76953125 0.53125 0.03359375 0.0640625
10 0.74453125 0.53046875 0.08828125 0.10546875
10 0.81953125 0.54453125 0.07734375 0.16796875
0 0.98203125 0.75390625 0.015625 0.028125
7 0.98515625 0.76875 0.02265625 0.05546875
10 0.9671875 0.70625 0.06328125 0.13046875
0 0.9296875 0.5484375 0.01875 0.01953125
3 0.93125 0.48046875 0.02265625 0.05546875
10 0.90859375 0.50546875 0.0671875 0.11328125
0 0.66015625 0.41796875 0.02421875 0.02578125
2 0.66015625 0.41953125 0.02578125 0.0546875
0 0.73125 0.41875 0.02421875 0.028125
0 0.784375 0.41953125 0.0296875 0.0265625
3 0.78828125 0.36328125 0.02421875 0.05078125
10 0.78125 0.38046875 0.06640625 0.1
3 0.72890625 0.32890625 0.03046875 0.06328125
10 0.71796875 0.36796875 0.06484375 0.13671875
3 0.6578125 0.321875 0.028125 0.06875
10 0.65625 0.35625 0.06328125 0.13515625
3 0.59296875 0.29140625 0.0265625 0.05390625
10 0.58515625 0.32890625 0.078125 0.13984375
0 0.76171875 0.31875 0.01953125 0.02421875
0 0.6984375 0.29375 0.03125 0.03125
0 0.86484375 0.38828125 0.01484375 0.0265625
3 0.87265625 0.33359375 0.02109375 0.04921875
3 0.903125 0.32890625 0.01796875 0.04453125
0 0.90390625 0.384375 0.02265625 0.01953125
10 0.89765625 0.3484375 0.03984375 0.09453125
1 0.85625 0.3484375 0.05546875 0.09453125
3 0.76328125 0.24375 0.02421875 0.05703125
10 0.75 0.26796875 0.06953125 0.1140625
3 0.69453125 0.234375 0.02265625 0.04375
10 0.68515625 0.25546875 0.06015625 0.1
3 0.83046875 0.18046875 0.0171875 0.0390625
10 0.81875 0.19296875 0.0421875 0.06171875
3 0.803125 0.115625 0.0140625 0.03515625
10 0.79453125 0.12734375 0.03359375 0.06015625
0 0.653125 0.13046875 0.01953125 0.01640625
0 0.6125 0.11875 0.0171875 0.01640625
0 0.57265625 0.11796875 0.021875 0.025
3 0.64921875 0.07578125 0.0171875 0.03671875
3 0.61640625 0.09296875 0.01796875 0.03515625
3 0.57109375 0.08125 0.0171875 0.03203125
10 0.64765625 0.09296875 0.04140625 0.08046875
1 0.60703125 0.09375 0.04609375 0.065625
10 0.5640625 0.096875 0.04296875 0.06953125
3 0.76640625 0.05859375 0.01484375 0.03125
10 0.76484375 0.07265625 0.0296875 0.05625
3 0.74765625 0.03515625 0.0125 0.03125
10 0.7421875 0.04375 0.03046875 0.04921875
6 0.71640625 0.01796875 0.01484375 0.03046875
10 0.71015625 0.03125 0.02890625 0.06015625
10 0.6984375 0.01640625 0.02578125 0.03046875
2 0.43125 0.6046875 0.0328125 0.06484375
0 0.41953125 0.55546875 0.03359375 0.0296875
3 0.42265625 0.471875 0.02890625 0.06953125
10 0.43046875 0.50546875 0.0828125 0.14296875
2 0.53125 0.41875 0.02890625 0.0453125
2 0.4609375 0.40625 0.03828125 0.0390625
2 0.36953125 0.41953125 0.03828125 0.03046875
0 0.31015625 0.409375 0.02890625 0.03125
0 0.53125 0.28046875 0.02421875 0.02421875
2 0.52890625 0.29296875 0.02890625 0.03828125
10 0.52890625 0.2421875 0.078125 0.0953125
3 0.31015625 0.34375 0.028125 0.05703125
10 0.32265625 0.36875 0.07890625 0.11328125
2 0.396875 0.29140625 0.03046875 0.03046875
2 0.2875 0.29296875 0.02578125 0.0265625
2 0.41484375 0.2015625 0.03203125 0.021875
2 0.35078125 0.2078125 0.025 0.02890625
2 0.45625 0.20390625 0.0328125 0.0265625
2 0.51015625 0.20078125 0.02421875 0.02421875
2 0.56640625 0.20390625 0.01953125 0.0234375
2 0.628125 0.20703125 0.02109375 0.02578125
2 0.49140625 0.12578125 0.01796875 0.02421875
5 0.5328125 0.12890625 0.01640625 0.01875
0 0.35703125 0.13828125 0.01796875 0.0234375
9 0.3625 0.09296875 0.02109375 0.03046875
0 0.38828125 0.121875 0.02109375 0.01953125
2 0.390625 0.13203125 0.01953125 0.01875
0 0.43515625 0.11875 0.01484375 0.01484375
3 0.440625 0.09375 0.01796875 0.03515625
1 0.44296875 0.096875 0.0390625 0.04375
3 0.39296875 0.08046875 0.01953125 0.03984375
10 0.3984375 0.09296875 0.04765625 0.07109375
1 0.35703125 0.10546875 0.04375 0.0609375
7 0.515625 0.06875 0.0234375 0.01484375
9 0.515625 0.0359375 0.01640625 0.03125
10 0.51015625 0.0484375 0.03671875 0.05546875
7 0.546875 0.06875 0.02890625 0.021875
0 0.59453125 0.05859375 0.02109375 0.01953125
3 0.59375 0.03046875 0.015625 0.03125
3 0.63828125 0.04140625 0.01484375 0.03125
10 0.640625 0.053125 0.0453125 0.05703125
10 0.5921875 0.0421875 0.04921875 0.0546875
1 0.55 0.04609375 0.04296875 0.0484375
3 0.5546875 0.04296875 0.01484375 0.03046875
10 0.60078125 0.01875 0.0375 0.03515625
10 0.571875 0.01796875 0.03671875 0.034375
3 0.4703125 0.03125 0.015625 0.03359375
10 0.4703125 0.0421875 0.03828125 0.05078125
10 0.50703125 0.01640625 0.040625 0.03046875
3 0.428125 0.034375 0.0140625 0.03046875
0 0.428125 0.06875 0.0171875 0.01328125
10 0.4296875 0.04609375 0.03984375 0.06015625
3 0.3921875 0.04375 0.01484375 0.028125
10 0.38984375 0.053125 0.0390625 0.05390625
5 0.19765625 0.60546875 0.01796875 0.03359375
2 0.29375 0.63125 0.03515625 0.06953125
0 0.25859375 0.59296875 0.02109375 0.02578125
3 0.26171875 0.50625 0.0328125 0.06875
10 0.27578125 0.540625 0.09296875 0.1234375
3 0.2234375 0.43359375 0.02890625 0.05546875
10 0.21953125 0.49296875 0.071875 0.1765625
3 0.25703125 0.34296875 0.02421875 0.04921875
10 0.25625 0.359375 0.05703125 0.10625
0 0.259375 0.4265625 0.02421875 0.0234375
3 0.1921875 0.37890625 0.02421875 0.04921875
0 0.190625 0.428125 0.01953125 0.0234375
1 0.2015625 0.38203125 0.059375 0.10546875
3 0.1296875 0.3046875 0.02578125 0.0390625
7 0.12578125 0.3796875 0.03515625 0.071875
5 0.13828125 0.38515625 0.0125 0.01875
10 0.14140625 0.32109375 0.05390625 0.08046875
2 0.21875 0.1859375 0.01953125 0.01953125
3 0.2125 0.15546875 0.01953125 0.03203125
3 0.15078125 0.203125 0.01953125 0.0359375
10 0.15859375 0.22109375 0.05078125 0.08046875
3 0.18984375 0.14375 0.01640625 0.0296875
0 0.190625 0.18125 0.015625 0.0140625
0 0.228125 0.159375 0.04453125 0.05625
10 0.1921875 0.15625 0.034375 0.06171875
0 0.2390625 0.1296875 0.01796875 0.01640625
3 0.2390625 0.09375 0.01484375 0.0296875
10 0.24453125 0.10546875 0.03515625 0.059375
3 0.20703125 0.10859375 0.015625 0.03125
10 0.21171875 0.11875 0.03203125 0.05
0 0.46328125 0.27890625 0.01875 0.028125
0 0.46875 0.05625 0.0171875 0.0140625
10 0.46640625 0.24453125 0.06015625 0.0734375
3 0.46875 0.2359375 0.0265625 0.05390625
3 0.53515625 0.21875 0.02890625 0.05390625