1 0.1359375 0.34453125 0.05234375 0.08828125
2 0.11953125 0.40390625 0.02578125 0.0265625
10 0.159375 0.22578125 0.05078125 0.09921875
10 0.19375 0.16015625 0.03515625 0.06875
2 0.18203125 0.1984375 0.0125 0.01875
2 0.2171875 0.19140625 0.02109375 0.0234375
10 0.22578125 0.165625 0.040625 0.059375
10 0.21015625 0.11796875 0.03046875 0.0546875
10 0.24453125 0.10859375 0.03203125 0.05546875
2 0.26640625 0.09296875 0.01640625 0.01796875
2 0.36484375 0.04140625 0.0140625 0.0140625
10 0.38828125 0.05625 0.040625 0.0546875
10 0.43046875 0.04609375 0.0421875 0.06171875
10 0.35390625 0.10625 0.04140625 0.06953125
10 0.396875 0.0984375 0.04453125 0.08046875
1 0.4421875 0.10546875 0.04375 0.05546875
10 0.46953125 0.04296875 0.03828125 0.05625
1 0.5109375 0.04453125 0.03359375 0.05625
2 0.49140625 0.12421875 0.01953125 0.01875
2 0.5328125 0.1296875 0.01953125 0.021875
10 0.5484375 0.04375 0.04140625 0.0703125
10 0.565625 0.09375 0.04921875 0.078125
10 0.590625 0.0390625 0.0421875 0.065625
10 0.60703125 0.09140625 0.04453125 0.0765625
10 0.646875 0.09453125 0.0421875 0.08046875
1 0.63515625 0.053125 0.0375 0.05703125
10 0.7046875 0.165625 0.05703125 0.09140625
10 0.6484375 0.14296875 0.04921875 0.09375
2 0.621875 0.203125 0.02578125 0.028125
2 0.61328125 0.12890625 0.02109375 0.0234375
2 0.5109375 0.1984375 0.02578125 0.03125
2 0.45546875 0.2015625 0.0328125 0.028125
2 0.41484375 0.20078125 0.03203125 0.02421875
2 0.35078125 0.20859375 0.02421875 0.03046875
2 0.28828125 0.2984375 0.02421875 0.03125
2 0.396875 0.2875 0.03125 0.03046875
10 0.46640625 0.24453125 0.05859375 0.08515625
1 0.53125 0.24296875 0.07421875 0.09921875
10 0.68515625 0.25703125 0.06015625 0.10078125
10 0.74921875 0.26953125 0.0640625 0.1234375
1 0.77890625 0.38984375 0.06796875 0.1015625
10 0.715625 0.36875 0.06171875 0.140625
10 0.6515625 0.35859375 0.06953125 0.1390625
10 0.58203125 0.33125 0.078125 0.1453125
2 0.53125 0.41875 0.0296875 0.05
2 0.4609375 0.40703125 0.03828125 0.0390625
2 0.36953125 0.42421875 0.03984375 0.04296875
10 0.31953125 0.3671875 0.08671875 0.115625
1 0.25390625 0.37578125 0.06015625 0.12421875
1 0.19765625 0.38046875 0.06171875 0.11328125
2 0.18515625 0.6015625 0.03515625 0.0609375
10 0.23515625 0.49296875 0.05703125 0.159375
10 0.27265625 0.5453125 0.09453125 0.13515625
2 0.29453125 0.63125 0.03671875 0.0734375
10 0.4296875 0.5015625 0.090625 0.153125
2 0.43515625 0.60625 0.03515625 0.06796875
1 0.74453125 0.5359375 0.08828125 0.109375
1 0.81953125 0.54140625 0.07890625 0.15546875
2 0.76328125 0.60625 0.03359375 0.059375
3 0.965625 0.70625 0.06875 0.1125
0 0.98359375 0.75 0.0171875 0.03125
2 0.98828125 0.76875 0.02109375 0.03984375
1 0.8546875 0.3484375 0.06484375 0.09375
10 0.896875 0.35 0.03828125 0.09453125
10 0.821875 0.19375 0.0453125 0.06875
10 0.79765625 0.13046875 0.03984375 0.06953125
10 0.76484375 0.07421875 0.0328125 0.06953125
10 0.71171875 0.03671875 0.03359375 0.05703125
7 0.1296875 0.37265625 0.03046875 0.03828125
3 0.121875 0.34296875 0.02421875 0.04296875
9 0.1546875 0.1953125 0.02109375 0.040625
3 0.1875 0.14453125 0.015625 0.034375
3 0.21640625 0.15625 0.01796875 0.03984375
3 0.20703125 0.1109375 0.015625 0.03125
3 0.23828125 0.0984375 0.015625 0.03125
0 0.18203125 0.18203125 0.0125 0.015625
0 0.23828125 0.13046875 0.01484375 0.01484375
3 0.39296875 0.04375 0.01640625 0.03203125
3 0.35625 0.09296875 0.01875 0.03984375
5 0.359375 0.134375 0.01484375 0.01328125
2 0.35859375 0.140625 0.01796875 0.021875
0 0.38671875 0.1296875 0.02109375 0.0203125
2 0.390625 0.13671875 0.01796875 0.01953125
3 0.3953125 0.084375 0.02265625 0.04375
3 0.428125 0.0328125 0.0171875 0.03203125
0 0.4265625 0.06875 0.01875 0.01640625
0 0.46875 0.0609375 0.01796875 0.01796875
2 0.465625 0.06953125 0.0171875 0.015625
3 0.471875 0.03046875 0.0171875 0.03359375
3 0.4453125 0.1015625 0.02109375 0.03046875
3 0.51875 0.04140625 0.0171875 0.03359375
2 0.5171875 0.071875 0.02578125 0.01953125
3 0.54453125 0.02890625 0.01796875 0.0359375
3 0.59140625 0.02421875 0.01796875 0.034375
3 0.640625 0.04296875 0.0171875 0.03828125
3 0.65078125 0.07890625 0.01953125 0.04296875
3 0.6109375 0.07109375 0.02109375 0.03828125
3 0.56953125 0.0765625 0.02109375 0.04375
0 0.57265625 0.1234375 0.01875 0.01875
3 0.46328125 0.23125 0.02734375 0.05078125
0 0.4546875 0.28046875 0.01953125 0.0296875
3 0.5375 0.24453125 0.02734375 0.053125
0 0.52890625 0.28046875 0.02109375 0.03125
2 0.52890625 0.29921875 0.03125 0.03125
3 0.66015625 0.12109375 0.02265625 0.04609375
5 0.6375 0.20546875 0.01171875 0.0203125
3 0.7 0.14296875 0.02421875 0.046875
3 0.6953125 0.23515625 0.02421875 0.05
0 0.69765625 0.29765625 0.01953125 0.025
3 0.7625 0.24296875 0.02890625 0.05859375
0 0.7609375 0.31796875 0.02578125 0.0265625
0 0.7828125 0.41875 0.03125 0.03515625
0 0.72890625 0.42109375 0.02578125 0.03046875
3 0.790625 0.37421875 0.02890625 0.05546875
3 0.72890625 0.33125 0.03125 0.065625
3 0.65 0.3296875 0.0296875 0.071875
7 0.659375 0.42734375 0.03359375 0.046875
3 0.590625 0.2953125 0.0328125 0.05703125
0 0.5890625 0.35546875 0.02109375 0.03671875
3 0.31171875 0.34296875 0.0296875 0.06484375
3 0.253125 0.36640625 0.03125 0.05625
3 0.18828125 0.37265625 0.02890625 0.05625
0 0.18828125 0.4296875 0.01796875 0.021875
0 0.259375 0.42578125 0.02734375 0.025
0 0.31328125 0.40625 0.03515625 0.034375
3 0.225 0.4484375 0.0296875 0.065625
3 0.265625 0.51875 0.034375 0.0703125
0 0.22890625 0.51875 0.02734375 0.03046875
0 0.26328125 0.59453125 0.03125 0.03359375
3 0.41875 0.46796875 0.0421875 0.07578125
5 0.40703125 0.59453125 0.01796875 0.04375
3 0.76875 0.5359375 0.034375 0.06875
0 0.75390625 0.58828125 0.02578125 0.05
3 0.83828125 0.53359375 0.03671875 0.06875
0 0.83125 0.60390625 0.02421875 0.03203125
3 0.8734375 0.3359375 0.025 0.04609375
3 0.903125 0.33046875 0.02109375 0.0484375
0 0.86328125 0.3875 0.01953125 0.03046875
0 0.903125 0.3859375 0.01796875 0.0203125
3 0.83125 0.18125 0.0203125 0.03828125
0 0.83125 0.21875 0.01796875 0.0203125
3 0.8046875 0.1140625 0.01640625 0.0359375
3 0.76796875 0.059375 0.01484375 0.03671875
0 0.76015625 0.08203125 0.015625 0.01875
10 0.7375 0.0953125 0.0453125 0.15703125
9 0.74921875 0.0359375 0.0171875 0.03359375
6 0.71953125 0.025 0.01484375 0.03125