10 0.1359375 0.34609375 0.053125 0.0859375
10 0.159375 0.2265625 0.0453125 0.08828125
10 0.19453125 0.1609375 0.034375 0.06640625
10 0.2265625 0.1609375 0.03984375 0.05703125
2 0.18125 0.19921875 0.0140625 0.01875
2 0.21796875 0.190625 0.01953125 0.0203125
10 0.2125 0.11875 0.0296875 0.053125
10 0.246875 0.11015625 0.0359375 0.05546875
2 0.36484375 0.040625 0.0140625 0.01484375
10 0.35703125 0.10703125 0.04140625 0.06875
10 0.40078125 0.09609375 0.04921875 0.078125
1 0.4421875 0.1015625 0.04296875 0.05625
10 0.43046875 0.046875 0.0421875 0.0640625
10 0.47109375 0.04375 0.0390625 0.0515625
10 0.509375 0.04140625 0.034375 0.059375
10 0.54765625 0.0421875 0.04375 0.05859375
10 0.59140625 0.03828125 0.04609375 0.06875
10 0.6359375 0.04921875 0.03515625 0.05703125
10 0.64921875 0.09609375 0.040625 0.08984375
10 0.609375 0.0921875 0.0453125 0.0734375
2 0.575 0.13046875 0.0203125 0.01640625
10 0.5640625 0.09375 0.04453125 0.07421875
2 0.53203125 0.128125 0.01953125 0.0234375
2 0.49140625 0.12578125 0.01953125 0.01953125
2 0.35078125 0.209375 0.02421875 0.028125
2 0.41484375 0.20078125 0.03125 0.02578125
2 0.45390625 0.203125 0.02890625 0.028125
2 0.51015625 0.19765625 0.02421875 0.03046875
2 0.28828125 0.29765625 0.02734375 0.03046875
10 0.46875 0.23984375 0.0578125 0.08515625
10 0.5296875 0.24375 0.07734375 0.1046875
2 0.62890625 0.20859375 0.02265625 0.01953125
10 0.68671875 0.25625 0.059375 0.09140625
10 0.75 0.26640625 0.06328125 0.10703125
10 0.77109375 0.34453125 0.0546875 0.1234375
10 0.71640625 0.3625 0.0625 0.14375
10 0.65546875 0.36015625 0.0625 0.14296875
10 0.5875 0.35625 0.08046875 0.1453125
2 0.53125 0.41796875 0.03046875 0.046875
2 0.46171875 0.40625 0.03984375 0.0390625
2 0.36953125 0.4234375 0.03984375 0.03203125
1 0.32265625 0.36796875 0.08515625 0.103125
1 0.25625 0.37421875 0.0515625 0.11015625
1 0.20390625 0.38046875 0.06328125 0.10859375
0 0.25 0.42421875 0.0234375 0.0296875
10 0.74609375 0.5375 0.08515625 0.11015625
10 0.81796875 0.53984375 0.07578125 0.1609375
10 0.9625 0.70390625 0.07421875 0.1203125
0 0.98203125 0.7546875 0.02109375 0.040625
2 0.9859375 0.778125 0.02421875 0.0390625
10 0.9078125 0.50546875 0.06796875 0.11484375
1 0.85625 0.3484375 0.04921875 0.103125
10 0.8953125 0.34921875 0.03984375 0.09609375
10 0.82109375 0.190625 0.04765625 0.0734375
10 0.79453125 0.1296875 0.03515625 0.06640625
10 0.765625 0.0734375 0.03203125 0.05625
10 0.74296875 0.0453125 0.03125 0.0515625
10 0.7125 0.03828125 0.0296875 0.05703125
2 0.265625 0.09296875 0.0171875 0.01796875
3 0.1234375 0.34296875 0.025 0.0484375
2 0.11953125 0.403125 0.02578125 0.02890625
7 0.12890625 0.3765625 0.02421875 0.03984375
5 0.1390625 0.38828125 0.01484375 0.02421875
3 0.1546875 0.2046875 0.01953125 0.04296875
3 0.18828125 0.146875 0.01640625 0.03125
0 0.18984375 0.18046875 0.0171875 0.01484375
3 0.21875 0.15234375 0.0171875 0.04140625
3 0.20625 0.11171875 0.01484375 0.03046875
3 0.2390625 0.09921875 0.01640625 0.03125
0 0.23671875 0.13046875 0.0140625 0.01484375
9 0.2890625 0.01328125 0.01796875 0.025
10 0.29140625 0.08046875 0.04296875 0.159375
3 0.3921875 0.04296875 0.015625 0.03203125
1 0.390625 0.053125 0.0390625 0.05859375
9 0.3578125 0.09375 0.02109375 0.03671875
5 0.359375 0.13515625 0.0140625 0.0109375
2 0.35859375 0.140625 0.0171875 0.02109375
3 0.39296875 0.08046875 0.021875 0.03984375
0 0.390625 0.12578125 0.02265625 0.0203125
3 0.428125 0.03203125 0.0140625 0.03125
0 0.428125 0.06875 0.0171875 0.01171875
3 0.43828125 0.09296875 0.02109375 0.03828125
0 0.4390625 0.11953125 0.02109375 0.01953125
3 0.471875 0.03515625 0.01484375 0.03125
0 0.46875 0.0609375 0.0171875 0.0140625
2 0.46640625 0.0703125 0.01796875 0.01640625
9 0.5125 0.03125 0.0171875 0.0359375
3 0.55 0.03203125 0.0171875 0.03515625
7 0.54453125 0.06796875 0.028125 0.02421875
3 0.59140625 0.02421875 0.01875 0.03515625
9 0.6328125 0.0390625 0.01953125 0.03125
3 0.65 0.07421875 0.0203125 0.04453125
3 0.6140625 0.08046875 0.01953125 0.04296875
0 0.6125 0.11875 0.01796875 0.0203125
3 0.57109375 0.078125 0.02265625 0.0359375
0 0.571875 0.121875 0.01640625 0.015625
2 0.39609375 0.2875 0.0328125 0.03046875
3 0.46875 0.22578125 0.0265625 0.0546875
0 0.471875 0.2765625 0.0203125 0.03125
3 0.53515625 0.221875 0.02734375 0.05546875
0 0.53203125 0.28046875 0.02890625 0.028125
2 0.528125 0.30078125 0.02890625 0.02890625
3 0.69453125 0.23984375 0.02421875 0.0515625
0 0.70078125 0.29296875 0.02109375 0.01953125
3 0.76171875 0.24375 0.0265625 0.059375
3 0.771875 0.315625 0.02421875 0.0609375
5 0.7859375 0.42734375 0.01953125 0.01953125
2 0.78828125 0.42421875 0.03828125 0.04375
3 0.728125 0.32578125 0.0296875 0.06875
3 0.66015625 0.325 0.02734375 0.06640625
0 0.6578125 0.41640625 0.01953125 0.028125
0 0.728125 0.41953125 0.0296875 0.0265625
9 0.58828125 0.3171875 0.03359375 0.065625
0 0.59375 0.4109375 0.0265625 0.03359375
3 0.3125 0.35078125 0.0296875 0.0609375
0 0.3140625 0.39921875 0.03203125 0.03046875
3 0.24453125 0.375 0.02578125 0.05
3 0.19453125 0.36796875 0.028125 0.05390625
0 0.19609375 0.42421875 0.0171875 0.02109375
3 0.20546875 0.45625 0.02890625 0.06796875
0 0.196875 0.51328125 0.01796875 0.03203125
10 0.21796875 0.49921875 0.06171875 0.1546875
3 0.26328125 0.50390625 0.03359375 0.071875
0 0.26015625 0.59140625 0.02578125 0.034375
10 0.27265625 0.540625 0.07890625 0.14609375
3 0.421875 0.45546875 0.034375 0.075
10 0.42578125 0.49609375 0.06875 0.16015625
0 0.41328125 0.540625 0.02734375 0.034375
2 0.43046875 0.60625 0.0359375 0.06796875
3 0.76953125 0.5390625 0.03203125 0.06875
0 0.75390625 0.5890625 0.02578125 0.04375
2 0.76328125 0.61171875 0.03359375 0.053125
3 0.834375 0.53046875 0.03515625 0.071875
0 0.8296875 0.60625 0.03125 0.03046875
3 0.92578125 0.48203125 0.02265625 0.0546875
0 0.93203125 0.54609375 0.0125 0.025
3 0.86796875 0.32890625 0.02265625 0.04921875
3 0.903125 0.32890625 0.0203125 0.05078125
7 0.86640625 0.3921875 0.02109375 0.03203125
0 0.90390625 0.38203125 0.01796875 0.021875
3 0.83203125 0.1734375 0.01875 0.03828125
3 0.8015625 0.115625 0.015625 0.0390625
3 0.76484375 0.06328125 0.01484375 0.03359375
3 0.746875 0.03515625 0.01328125 0.0296875
6 0.71875 0.0265625 0.0140625 0.03046875
0 0.653125 0.13125 0.01953125 0.02109375