10 0.1375 0.34453125 0.053125 0.08984375
10 0.15390625 0.23359375 0.04453125 0.08671875
2 0.11953125 0.40390625 0.025 0.028125
2 0.1796875 0.19921875 0.01484375 0.01953125
2 0.21796875 0.1921875 0.01953125 0.02109375
10 0.19453125 0.16015625 0.03046875 0.06875
10 0.22578125 0.16484375 0.04140625 0.06328125
10 0.21015625 0.11796875 0.03046875 0.053125
10 0.24453125 0.11015625 0.03359375 0.05546875
2 0.265625 0.09375 0.01953125 0.01875
2 0.3640625 0.04140625 0.01484375 0.0140625
1 0.38828125 0.05546875 0.04140625 0.05625
1 0.44375 0.09921875 0.03984375 0.05625
10 0.4296875 0.04609375 0.04296875 0.06171875
1 0.35390625 0.10703125 0.040625 0.06328125
1 0.3921875 0.1015625 0.053125 0.06484375
2 0.49140625 0.12578125 0.01953125 0.02421875
2 0.53203125 0.128125 0.01875 0.02109375
10 0.56328125 0.09453125 0.04609375 0.06953125
10 0.61015625 0.0859375 0.04296875 0.08125
10 0.64609375 0.09375 0.03984375 0.08125
10 0.51171875 0.040625 0.03828125 0.05859375
10 0.5484375 0.03671875 0.04140625 0.06875
10 0.590625 0.03828125 0.04140625 0.06953125
10 0.6375 0.04765625 0.03046875 0.04375
10 0.4703125 0.04375 0.03828125 0.05390625
2 0.35078125 0.2109375 0.02421875 0.03125
2 0.2875 0.296875 0.02578125 0.03046875
2 0.41484375 0.2015625 0.03203125 0.025
2 0.396875 0.2859375 0.03203125 0.03046875
2 0.51015625 0.196875 0.02421875 0.03046875
2 0.62890625 0.20703125 0.02265625 0.02421875
10 0.4703125 0.2234375 0.06171875 0.11875
10 0.53125 0.24296875 0.0765625 0.10859375
10 0.6875 0.2578125 0.06015625 0.10078125
10 0.75 0.27109375 0.0671875 0.11953125
1 0.77890625 0.384375 0.07109375 0.1
10 0.71640625 0.36328125 0.06328125 0.14453125
10 0.65078125 0.35625 0.06953125 0.1453125
10 0.584375 0.33046875 0.07734375 0.14296875
2 0.4609375 0.40625 0.03828125 0.03984375
2 0.53125 0.41953125 0.0296875 0.05
2 0.36953125 0.4265625 0.03828125 0.03828125
10 0.321875 0.36796875 0.08515625 0.11796875
1 0.2546875 0.375 0.05859375 0.13125
1 0.2 0.38125 0.0609375 0.1140625
10 0.23359375 0.4953125 0.05546875 0.16484375
2 0.18515625 0.603125 0.03515625 0.06171875
10 0.27265625 0.54375 0.090625 0.140625
2 0.29453125 0.63046875 0.0375 0.071875
2 0.4296875 0.60546875 0.03671875 0.06875
10 0.428125 0.5015625 0.07109375 0.14609375
10 0.74375 0.53984375 0.0859375 0.11484375
10 0.81953125 0.54296875 0.08203125 0.15546875
10 0.965625 0.7046875 0.06796875 0.11328125
0 0.990625 0.74296875 0.01875 0.0359375
2 0.9875 0.76796875 0.02265625 0.04140625
1 0.85546875 0.34921875 0.06015625 0.09453125
10 0.8984375 0.3515625 0.04140625 0.0984375
10 0.8140625 0.18046875 0.03984375 0.0890625
10 0.79296875 0.13203125 0.03984375 0.07578125
10 0.76484375 0.07265625 0.03125 0.06171875
7 0.13125 0.37421875 0.03203125 0.040625
3 0.1296875 0.328125 0.02421875 0.0453125
3 0.14453125 0.21328125 0.021875 0.04375
3 0.19140625 0.14375 0.015625 0.034375
3 0.2171875 0.15625 0.01796875 0.04140625
0 0.1890625 0.18125 0.015625 0.0140625
3 0.20625 0.11328125 0.01484375 0.03046875
3 0.2390625 0.09921875 0.015625 0.03125
0 0.2375 0.13046875 0.01640625 0.01484375
3 0.3921875 0.04453125 0.015625 0.03125
3 0.35703125 0.09921875 0.01953125 0.04296875
3 0.428125 0.03203125 0.0171875 0.03203125
5 0.359375 0.13359375 0.0140625 0.0140625
2 0.35859375 0.14140625 0.01796875 0.0234375
2 0.39140625 0.13671875 0.02109375 0.02109375
3 0.3796875 0.09375 0.02421875 0.04140625
0 0.43515625 0.11875 0.01796875 0.02421875
3 0.44140625 0.09375 0.02109375 0.03671875
0 0.428125 0.06875 0.0171875 0.015625
2 0.46640625 0.06953125 0.01640625 0.01796875
3 0.471875 0.03046875 0.0171875 0.03359375
3 0.515625 0.02890625 0.0171875 0.03359375
9 0.54609375 0.02109375 0.01796875 0.03515625
7 0.5453125 0.06875 0.025 0.0234375
3 0.59140625 0.0265625 0.01796875 0.0390625
3 0.640625 0.04296875 0.0171875 0.0359375
0 0.59453125 0.0609375 0.01796875 0.01875
3 0.56953125 0.08359375 0.02265625 0.03984375
3 0.64921875 0.07421875 0.02109375 0.04453125
9 0.61875 0.0671875 0.02109375 0.04375
5 0.61640625 0.128125 0.015625 0.01171875
2 0.61328125 0.128125 0.01953125 0.0234375
0 0.57265625 0.121875 0.01796875 0.01875
3 0.66953125 0.10546875 0.02421875 0.0484375
10 0.665625 0.14453125 0.059375 0.12890625
0 0.64375 0.19453125 0.01328125 0.02421875
3 0.7625 0.24375 0.02890625 0.0609375
0 0.7609375 0.31875 0.025 0.0296875
0 0.69765625 0.29765625 0.02109375 0.025
3 0.69453125 0.23671875 0.02421875 0.05390625
3 0.534375 0.21953125 0.0265625 0.05703125
0 0.5328125 0.28046875 0.02890625 0.028125
2 0.528125 0.30078125 0.02734375 0.03125
3 0.45703125 0.19375 0.02578125 0.05546875
5 0.45703125 0.28359375 0.015625 0.02421875
3 0.19140625 0.36796875 0.028125 0.053125
3 0.253125 0.365625 0.02890625 0.05546875
3 0.31015625 0.34375 0.03046875 0.0640625
0 0.19140625 0.428125 0.02109375 0.0234375
0 0.259375 0.4265625 0.02890625 0.02578125
0 0.3125 0.40703125 0.03359375 0.034375
3 0.59140625 0.296875 0.03046875 0.05625
0 0.59140625 0.35625 0.02578125 0.034375
3 0.6515625 0.321875 0.03046875 0.06875
7 0.659375 0.428125 0.03515625 0.05
0 0.728125 0.4203125 0.02578125 0.03359375
3 0.72578125 0.32578125 0.03203125 0.06875
0 0.784375 0.41796875 0.0296875 0.034375
3 0.79140625 0.36875 0.02890625 0.05390625
3 0.834375 0.53515625 0.03515625 0.06875
0 0.83046875 0.60546875 0.0234375 0.03125
0 0.753125 0.590625 0.02890625 0.046875
2 0.76328125 0.6109375 0.03359375 0.05546875
3 0.76953125 0.53046875 0.03359375 0.06640625
3 0.4234375 0.471875 0.034375 0.08046875
0 0.42109375 0.55234375 0.02890625 0.034375
3 0.2640625 0.51875 0.03125 0.071875
0 0.2625 0.59375 0.03046875 0.03203125
3 0.21953125 0.4515625 0.03046875 0.0640625
0 0.221875 0.5203125 0.02109375 0.0296875
0 0.86484375 0.3875 0.01875 0.03046875
3 0.8734375 0.33671875 0.02421875 0.0515625
3 0.90625 0.33046875 0.0234375 0.04609375
0 0.90390625 0.38984375 0.015625 0.02421875
9 0.815625 0.15703125 0.02265625 0.03828125
3 0.8015625 0.11640625 0.01796875 0.03828125
3 0.76484375 0.0609375 0.0140625 0.03359375
10 0.7421875 0.0453125 0.03359375 0.05546875
3 0.74765625 0.034375 0.01484375 0.03046875
0 0.746875 0.06015625 0.0171875 0.01484375
0 0.75859375 0.08125 0.0140625 0.01953125