10 0.1375 0.34296875 0.053125 0.08984375
10 0.15703125 0.228125 0.03828125 0.0890625
2 0.11953125 0.40390625 0.025 0.028125
2 0.18046875 0.2 0.0140625 0.0203125
2 0.2171875 0.1921875 0.01953125 0.02109375
10 0.19453125 0.1609375 0.03046875 0.06953125
10 0.22578125 0.16484375 0.04140625 0.06328125
10 0.2109375 0.11796875 0.03046875 0.053125
10 0.24453125 0.109375 0.03359375 0.05546875
2 0.265625 0.09375 0.01953125 0.01875
2 0.3640625 0.04140625 0.01484375 0.0140625
1 0.38828125 0.05546875 0.04140625 0.05625
1 0.4421875 0.10390625 0.03984375 0.05625
10 0.43046875 0.046875 0.0421875 0.06171875
1 0.35625 0.109375 0.04453125 0.06875
10 0.40078125 0.09609375 0.04765625 0.08046875
2 0.4921875 0.12578125 0.01953125 0.02421875
2 0.53203125 0.1296875 0.01953125 0.02421875
10 0.56328125 0.096875 0.04609375 0.06875
10 0.609375 0.08125 0.04453125 0.0984375
10 0.65 0.09453125 0.0421875 0.09140625
10 0.51328125 0.04375 0.034375 0.059375
10 0.54765625 0.0359375 0.04140625 0.06953125
10 0.5875 0.040625 0.0375 0.065625
10 0.63671875 0.04453125 0.03515625 0.05859375
10 0.4703125 0.04375 0.03828125 0.05390625
2 0.3515625 0.209375 0.02421875 0.03046875
2 0.2875 0.2984375 0.02578125 0.03125
2 0.41484375 0.2015625 0.03203125 0.025
2 0.396875 0.28671875 0.03203125 0.03125
2 0.51015625 0.1984375 0.02421875 0.03125
2 0.62890625 0.2109375 0.02265625 0.02578125
2 0.45234375 0.203125 0.02265625 0.02890625
10 0.46953125 0.234375 0.05859375 0.09453125
10 0.52890625 0.24375 0.07578125 0.1015625
10 0.6859375 0.25703125 0.06015625 0.10078125
10 0.75 0.27265625 0.0671875 0.11953125
10 0.77890625 0.38046875 0.065625 0.11640625
10 0.71640625 0.36796875 0.06328125 0.14609375
10 0.6515625 0.36328125 0.06875 0.1359375
10 0.5828125 0.33046875 0.07734375 0.14296875
2 0.4609375 0.40703125 0.03828125 0.03984375
2 0.53203125 0.41875 0.03046875 0.05
2 0.36953125 0.4265625 0.03828125 0.03828125
10 0.321875 0.36796875 0.08515625 0.11796875
1 0.25390625 0.378125 0.05859375 0.1296875
1 0.20078125 0.384375 0.05859375 0.10625
10 0.23203125 0.49375 0.05625 0.16328125
2 0.18515625 0.603125 0.03515625 0.06171875
10 0.275 0.54375 0.08671875 0.14453125
2 0.29453125 0.63125 0.0375 0.071875
2 0.4296875 0.60546875 0.03671875 0.06875
10 0.428125 0.5015625 0.07109375 0.14609375
10 0.74375 0.53984375 0.0859375 0.11484375
10 0.81875 0.5390625 0.0765625 0.16015625
10 0.965625 0.7046875 0.06796875 0.11328125
0 0.990625 0.74609375 0.01875 0.0359375
2 0.99375 0.7609375 0.0125 0.05625
1 0.85546875 0.35078125 0.06015625 0.09375
10 0.896875 0.3515625 0.03671875 0.096875
10 0.8203125 0.19375 0.04453125 0.06796875
10 0.7921875 0.13203125 0.03984375 0.08046875
10 0.7671875 0.071875 0.028125 0.0640625
10 0.71328125 0.03125 0.02890625 0.05546875
7 0.1296875 0.37578125 0.03125 0.03671875
3 0.128125 0.3265625 0.02265625 0.04609375
3 0.1484375 0.20625 0.01953125 0.04140625
3 0.190625 0.1484375 0.01484375 0.034375
0 0.190625 0.18203125 0.015625 0.015625
3 0.21484375 0.1546875 0.01796875 0.040625
3 0.20625 0.1109375 0.01640625 0.03359375
3 0.23984375 0.0984375 0.01640625 0.03203125
0 0.2390625 0.13125 0.01640625 0.01640625
3 0.39296875 0.04609375 0.01640625 0.03359375
3 0.359375 0.09921875 0.01875 0.0390625
3 0.39375 0.08125 0.02265625 0.040625
5 0.359375 0.1359375 0.01484375 0.01484375
2 0.359375 0.140625 0.01796875 0.021875
3 0.42734375 0.03515625 0.01484375 0.03359375
0 0.428125 0.0703125 0.01796875 0.01640625
0 0.38984375 0.12578125 0.02109375 0.021875
0 0.43359375 0.1203125 0.01953125 0.0203125
0 0.46875 0.0625 0.01796875 0.0140625
3 0.4703125 0.03359375 0.01640625 0.03125
9 0.5171875 0.03203125 0.01953125 0.03203125
2 0.465625 0.071875 0.0171875 0.01640625
2 0.5203125 0.07578125 0.021875 0.015625
3 0.44140625 0.09375 0.02109375 0.0359375
3 0.546875 0.01875 0.01953125 0.03515625
2 0.5453125 0.0734375 0.02734375 0.01796875
3 0.59375 0.0265625 0.01796875 0.03671875
9 0.63671875 0.03828125 0.01796875 0.03515625
3 0.65 0.075 0.0203125 0.04453125
0 0.65390625 0.1328125 0.02109375 0.02109375
3 0.57109375 0.08515625 0.02109375 0.0390625
9 0.60859375 0.0578125 0.02109375 0.04375
0 0.57265625 0.121875 0.01875 0.01875
3 0.47265625 0.21640625 0.0265625 0.05703125
0 0.471875 0.265625 0.01953125 0.02421875
3 0.53671875 0.22421875 0.028125 0.05625
0 0.528125 0.2828125 0.02265625 0.02890625
2 0.5296875 0.29921875 0.02890625 0.03203125
3 0.69609375 0.2375 0.02578125 0.05078125
0 0.6984375 0.29921875 0.01953125 0.0265625
3 0.76328125 0.24453125 0.02578125 0.059375
0 0.76171875 0.31875 0.02421875 0.02890625
3 0.7859375 0.35390625 0.02578125 0.06015625
3 0.7265625 0.32890625 0.03203125 0.06796875
3 0.65234375 0.33046875 0.03125 0.06640625
7 0.66015625 0.42890625 0.034375 0.05
0 0.7296875 0.42109375 0.02890625 0.034375
0 0.78359375 0.421875 0.028125 0.0296875
3 0.59140625 0.296875 0.03125 0.059375
0 0.5921875 0.3578125 0.02578125 0.034375
3 0.3109375 0.3453125 0.03203125 0.06640625
0 0.3125 0.40859375 0.0359375 0.03671875
0 0.2609375 0.42734375 0.02890625 0.02890625
3 0.2546875 0.36328125 0.02890625 0.05546875
3 0.19296875 0.37578125 0.02734375 0.05390625
0 0.1921875 0.428125 0.01875 0.02578125
3 0.21953125 0.45 0.03046875 0.06640625
3 0.26640625 0.5140625 0.03359375 0.06953125
0 0.2203125 0.528125 0.02890625 0.0296875
0 0.2640625 0.59453125 0.02890625 0.03359375
0 0.421875 0.55703125 0.0265625 0.03671875
3 0.4234375 0.471875 0.03515625 0.07890625
3 0.76875 0.53125 0.03359375 0.0703125
3 0.83828125 0.528125 0.0375 0.071875
0 0.753125 0.5890625 0.0296875 0.05078125
0 0.83203125 0.6046875 0.0265625 0.0296875
2 0.7640625 0.60859375 0.03203125 0.059375
2 0.83203125 0.60546875 0.02890625 0.06328125
3 0.87421875 0.33671875 0.02421875 0.04921875
0 0.86484375 0.3890625 0.01875 0.03125
0 0.9046875 0.38671875 0.01953125 0.0234375
3 0.903125 0.32890625 0.02109375 0.05078125
3 0.83125 0.18203125 0.0203125 0.04296875
3 0.80234375 0.1140625 0.01640625 0.03828125
3 0.76640625 0.059375 0.01484375 0.034375
9 0.75234375 0.04921875 0.01640625 0.03671875
10 0.7359375 0.1140625 0.05078125 0.16953125
6 0.71796875 0.021875 0.0140625 0.03125