10 0.1375 0.34375 0.05390625 0.08671875
10 0.1625 0.22421875 0.0453125 0.096875
2 0.11953125 0.40390625 0.025 0.028125
2 0.18125 0.19921875 0.0109375 0.01875
2 0.21796875 0.1921875 0.01953125 0.02109375
10 0.19453125 0.16484375 0.03046875 0.06484375
10 0.22734375 0.1640625 0.03828125 0.05546875
10 0.21171875 0.121875 0.0296875 0.053125
10 0.24453125 0.1109375 0.03359375 0.05625
2 0.265625 0.09375 0.01953125 0.01875
2 0.3640625 0.04140625 0.01484375 0.0140625
1 0.38828125 0.05546875 0.04140625 0.05625
1 0.44140625 0.10625 0.046875 0.05625
10 0.4296875 0.046875 0.04296875 0.0640625
1 0.35546875 0.10625 0.0421875 0.065625
10 0.3984375 0.09609375 0.04609375 0.07578125
2 0.49140625 0.12578125 0.01953125 0.02421875
2 0.53125 0.128125 0.01953125 0.02109375
10 0.565625 0.0921875 0.04921875 0.08203125
10 0.609375 0.090625 0.04453125 0.0734375
10 0.64921875 0.09609375 0.04140625 0.0734375
1 0.5125 0.04921875 0.0359375 0.05390625
10 0.546875 0.04375 0.03828125 0.0703125
10 0.590625 0.0390625 0.04453125 0.06875
10 0.63828125 0.04765625 0.03515625 0.04921875
10 0.4703125 0.04375 0.03828125 0.05390625
2 0.35078125 0.2109375 0.02421875 0.03125
2 0.2875 0.29921875 0.0265625 0.03359375
2 0.41484375 0.2015625 0.03203125 0.025
2 0.396875 0.2859375 0.03203125 0.03046875
2 0.51015625 0.196875 0.02421875 0.03046875
2 0.6171875 0.20078125 0.021875 0.03046875
2 0.4546875 0.203125 0.02734375 0.02890625
10 0.471875 0.23046875 0.0609375 0.1015625
10 0.53359375 0.23828125 0.07265625 0.11171875
10 0.68671875 0.2578125 0.06015625 0.10078125
10 0.7515625 0.271875 0.06640625 0.11875
1 0.77890625 0.3859375 0.06875 0.1
10 0.715625 0.36796875 0.06328125 0.1453125
10 0.65234375 0.359375 0.0703125 0.14453125
10 0.584375 0.33046875 0.07734375 0.14296875
2 0.4609375 0.40625 0.03828125 0.03984375
2 0.53125 0.41953125 0.0296875 0.05
2 0.36953125 0.4265625 0.03828125 0.03828125
10 0.321875 0.36796875 0.08515625 0.11796875
1 0.2546875 0.375 0.05859375 0.13125
1 0.2 0.3828125 0.0609375 0.1140625
10 0.2328125 0.49921875 0.05625 0.1640625
2 0.18515625 0.603125 0.03515625 0.06171875
10 0.271875 0.54296875 0.08984375 0.14140625
2 0.29453125 0.63046875 0.0375 0.071875
7 0.43203125 0.6 0.03828125 0.071875
10 0.425 0.51484375 0.07578125 0.171875
10 0.74375 0.53984375 0.0859375 0.11484375
1 0.82109375 0.54140625 0.0796875 0.159375
10 0.965625 0.7046875 0.06796875 0.11328125
0 0.984375 0.75078125 0.0171875 0.03046875
2 0.9875 0.77421875 0.0203125 0.03125
1 0.85546875 0.34921875 0.06015625 0.09453125
10 0.89609375 0.34609375 0.0375 0.1
10 0.8046875 0.18125 0.06640625 0.0859375
10 0.796875 0.12890625 0.03671875 0.06796875
10 0.76484375 0.0734375 0.03046875 0.06328125
10 0.7125 0.0390625 0.03046875 0.05703125
7 0.13046875 0.37578125 0.0296875 0.03671875
3 0.128125 0.33046875 0.02265625 0.046875
3 0.15703125 0.1984375 0.02109375 0.04453125
3 0.18984375 0.14921875 0.0171875 0.03203125
0 0.18984375 0.1828125 0.01640625 0.0140625
3 0.21796875 0.15859375 0.01640625 0.04140625
3 0.20703125 0.11171875 0.01640625 0.03125
3 0.23828125 0.09921875 0.015625 0.03046875
0 0.2375 0.13046875 0.01484375 0.015625
3 0.42734375 0.03359375 0.01640625 0.03203125
0 0.42734375 0.06953125 0.01875 0.015625
3 0.35703125 0.09765625 0.02109375 0.03984375
0 0.3578125 0.13203125 0.01796875 0.01796875
2 0.359375 0.14140625 0.01796875 0.021875
0 0.38984375 0.12421875 0.015625 0.0234375
3 0.396875 0.08359375 0.02265625 0.04453125
0 0.43125 0.1265625 0.0171875 0.0234375
3 0.44375 0.096875 0.02109375 0.03828125
3 0.3921875 0.046875 0.01796875 0.034375
3 0.47109375 0.03203125 0.0171875 0.03359375
0 0.46875 0.0609375 0.01796875 0.0140625
2 0.46640625 0.07109375 0.01640625 0.015625
3 0.51796875 0.04140625 0.01875 0.03515625
7 0.51875 0.07421875 0.0265625 0.01875
3 0.54453125 0.02890625 0.01640625 0.03359375
6 0.56953125 0.0734375 0.02109375 0.04140625
0 0.57265625 0.1234375 0.01953125 0.01953125
3 0.59140625 0.02421875 0.01796875 0.0359375
0 0.59453125 0.06328125 0.01796875 0.0203125
2 0.6140625 0.12890625 0.02109375 0.021875
9 0.621875 0.078125 0.0203125 0.04296875
3 0.65078125 0.08125 0.01953125 0.04375
3 0.640625 0.04375 0.0171875 0.03671875
9 0.70390625 0.1265625 0.02109375 0.0484375
3 0.66015625 0.11875 0.02109375 0.046875
10 0.66015625 0.14296875 0.046875 0.096875
10 0.70078125 0.15078125 0.05 0.09375
2 0.69609375 0.2015625 0.02265625 0.02578125
9 0.53125 0.2125 0.02734375 0.0546875
9 0.48046875 0.20625 0.0296875 0.05390625
0 0.53671875 0.28203125 0.0234375 0.0296875
2 0.52890625 0.29609375 0.02890625 0.040625
5 0.45703125 0.28671875 0.01484375 0.0265625
3 0.190625 0.36953125 0.02734375 0.05078125
0 0.1890625 0.43046875 0.01796875 0.021875
0 0.26015625 0.421875 0.02890625 0.0265625
3 0.25390625 0.36640625 0.02890625 0.05546875
3 0.3125 0.340625 0.0328125 0.0640625
0 0.3125 0.40703125 0.03125 0.034375
3 0.59140625 0.2984375 0.03125 0.05703125
3 0.65078125 0.32890625 0.03046875 0.07109375
0 0.58828125 0.35546875 0.02265625 0.03671875
7 0.66015625 0.428125 0.03359375 0.0484375
3 0.69609375 0.2375 0.025 0.053125
3 0.76328125 0.24296875 0.02734375 0.05859375
0 0.7609375 0.31875 0.02421875 0.0296875
0 0.6984375 0.3 0.01953125 0.028125
3 0.72890625 0.3328125 0.03125 0.06796875
0 0.728125 0.42109375 0.0265625 0.034375
0 0.7828125 0.41796875 0.03125 0.03828125
3 0.7921875 0.3703125 0.03046875 0.05546875
0 0.83125 0.60546875 0.02421875 0.03125
0 0.7546875 0.5890625 0.02578125 0.0484375
2 0.76328125 0.60625 0.034375 0.0609375
3 0.76875 0.53203125 0.03359375 0.06796875
3 0.83828125 0.5359375 0.03671875 0.0703125
0 0.40234375 0.57421875 0.02109375 0.04609375
3 0.42109375 0.47421875 0.03671875 0.08046875
3 0.265625 0.51953125 0.03359375 0.06953125
0 0.2640625 0.5953125 0.02890625 0.03125
0 0.22421875 0.51953125 0.0265625 0.03125
3 0.2203125 0.45390625 0.03046875 0.065625
3 0.8734375 0.3359375 0.02421875 0.05078125
3 0.90078125 0.32421875 0.02109375 0.0484375
0 0.865625 0.38828125 0.01875 0.03125
0 0.903125 0.384375 0.0171875 0.025
9 0.821875 0.15859375 0.02265625 0.03828125
3 0.8046875 0.115625 0.01640625 0.03828125
3 0.74375 0.04609375 0.0171875 0.03671875
10 0.734375 0.0828125 0.04296875 0.11015625
3 0.76484375 0.0640625 0.015625 0.0359375
0 0.75703125 0.084375 0.01484375 0.01640625
6 0.71875 0.0265625 0.01484375 0.03125