0 0.98203125 0.753125 0.02421875 0.03671875
2 0.9859375 0.76953125 0.021875 0.04375
10 0.965625 0.70625 0.06640625 0.11953125
0 0.75390625 0.584375 0.02421875 0.04375
0 0.83125 0.60546875 0.0296875 0.02578125
2 0.7640625 0.60546875 0.02734375 0.05546875
2 0.8296875 0.60546875 0.03046875 0.05859375
3 0.76875 0.52890625 0.03046875 0.05625
3 0.8359375 0.51875 0.03515625 0.06953125
10 0.81953125 0.5359375 0.07421875 0.15546875
10 0.74453125 0.54296875 0.084375 0.12109375
0 0.93125 0.55625 0.0203125 0.0265625
3 0.93125 0.48828125 0.021875 0.05625
10 0.909375 0.50625 0.06953125 0.1046875
0 0.784375 0.41796875 0.03046875 0.025
0 0.72890625 0.41796875 0.02578125 0.0265625
7 0.659375 0.41875 0.0265625 0.04453125
3 0.66328125 0.31796875 0.03125 0.06953125
3 0.72578125 0.3296875 0.03125 0.06328125
3 0.78984375 0.36640625 0.02421875 0.04921875
10 0.78203125 0.38125 0.06796875 0.09921875
10 0.71640625 0.36640625 0.0625 0.14453125
10 0.6546875 0.35546875 0.07265625 0.14296875
3 0.590625 0.29296875 0.02734375 0.0546875
0 0.58671875 0.3546875 0.02109375 0.021875
10 0.58203125 0.3265625 0.07421875 0.140625
0 0.7609375 0.31875 0.02734375 0.02578125
3 0.7625 0.24296875 0.0234375 0.05546875
10 0.75 0.26875 0.065625 0.11953125
0 0.69765625 0.29296875 0.01953125 0.01953125
3 0.69453125 0.2328125 0.02265625 0.046875
10 0.68515625 0.25703125 0.06328125 0.1
0 0.86484375 0.390625 0.01484375 0.025
0 0.90390625 0.38125 0.02265625 0.0265625
3 0.87265625 0.33359375 0.02109375 0.0515625
3 0.903125 0.328125 0.01953125 0.0453125
10 0.8984375 0.34609375 0.03515625 0.09375
1 0.85625 0.35 0.0546875 0.09453125
3 0.8296875 0.18046875 0.01875 0.03671875
10 0.81875 0.19296875 0.04375 0.0640625
3 0.803125 0.1140625 0.0140625 0.03515625
10 0.79296875 0.13046875 0.0390625 0.0703125
3 0.7640625 0.06328125 0.015625 0.03046875
10 0.765625 0.0765625 0.0296875 0.05625
3 0.746875 0.03671875 0.01171875 0.02890625
10 0.74140625 0.0453125 0.02890625 0.0515625
3 0.715625 0.01875 0.0140625 0.03125
10 0.7109375 0.03046875 0.02734375 0.05390625
10 0.6984375 0.01484375 0.02421875 0.028125
5 0.19765625 0.60625 0.01640625 0.034375
2 0.178125 0.59453125 0.0390625 0.05625
0 0.26328125 0.59375 0.034375 0.0296875
2 0.4296875 0.60546875 0.03515625 0.06640625
0 0.421875 0.55390625 0.03125 0.02890625
3 0.4234375 0.46875 0.03046875 0.07578125
3 0.42890625 0.503125 0.06953125 0.13984375
2 0.53203125 0.41953125 0.02890625 0.0484375
2 0.4609375 0.40703125 0.03671875 0.03984375
2 0.36953125 0.42265625 0.03671875 0.03984375
3 0.2078125 0.45390625 0.02890625 0.06875
3 0.26328125 0.509375 0.03125 0.075
10 0.27578125 0.54140625 0.08671875 0.13203125
10 0.21171875 0.49453125 0.07421875 0.15546875
0 0.31328125 0.40546875 0.034375 0.03125
0 0.26015625 0.41875 0.02578125 0.01953125
0 0.18828125 0.4265625 0.01953125 0.0234375
3 0.309375 0.34296875 0.028125 0.06015625
3 0.19140625 0.36796875 0.02734375 0.046875
3 0.25703125 0.35546875 0.02421875 0.0484375
3 0.25546875 0.36796875 0.0546875 0.11953125
1 0.2015625 0.38046875 0.059375 0.09921875
2 0.39765625 0.2890625 0.03359375 0.03046875
2 0.2875 0.296875 0.0234375 0.03828125
0 0.52890625 0.28125 0.015625 0.01953125
2 0.52890625 0.3 0.02890625 0.03125
3 0.53515625 0.2296875 0.02421875 0.05
10 0.5328125 0.24140625 0.07578125 0.0890625
0 0.46640625 0.28125 0.02109375 0.0234375
3 0.46875 0.23046875 0.025 0.0484375
10 0.46640625 0.24296875 0.06171875 0.06953125
2 0.62890625 0.21015625 0.02265625 0.03125
2 0.5671875 0.20390625 0.01796875 0.021875
2 0.51015625 0.2015625 0.02421875 0.025
2 0.45703125 0.20390625 0.03046875 0.02578125
2 0.41328125 0.2015625 0.03046875 0.025
2 0.3515625 0.20859375 0.02421875 0.03125
2 0.53203125 0.12890625 0.01796875 0.01953125
2 0.49140625 0.1234375 0.01875 0.025
0 0.38828125 0.12265625 0.02265625 0.01953125
0 0.35625 0.13125 0.021875 0.015625
0 0.57109375 0.11796875 0.01640625 0.01953125
7 0.57578125 0.13046875 0.01875 0.01875
5 0.61640625 0.1296875 0.01015625 0.0109375
2 0.6140625 0.1296875 0.01796875 0.0203125
0 0.653125 0.13046875 0.01796875 0.01484375
3 0.65 0.07578125 0.01796875 0.03828125
10 0.64921875 0.09375 0.03984375 0.08671875
3 0.5703125 0.08046875 0.01484375 0.03515625
3 0.5625 0.09296875 0.04765625 0.06953125
9 0.60625 0.05546875 0.0203125 0.0390625
10 0.60625 0.08046875 0.04296875 0.08984375
3 0.4390625 0.09375 0.01875 0.03671875
0 0.43515625 0.11796875 0.01796875 0.015625
0 0.390625 0.140625 0.0171875 0.0140625
3 0.35703125 0.09296875 0.01875 0.03046875
3 0.39375 0.08125 0.02109375 0.034375
1 0.44375 0.09296875 0.04453125 0.05625
10 0.4 0.09375 0.0484375 0.0703125
1 0.35625 0.10546875 0.0453125 0.06328125
7 0.5171875 0.06875 0.025 0.01640625
0 0.46953125 0.05625 0.01640625 0.0140625
9 0.515625 0.0359375 0.01640625 0.03125
3 0.553125 0.02109375 0.01328125 0.03046875
2 0.54765625 0.06796875 0.02890625 0.015625
10 0.55 0.03984375 0.03984375 0.0609375
3 0.640625 0.04296875 0.0140625 0.02890625
10 0.63828125 0.05546875 0.04296875 0.0609375
1 0.5109375 0.0484375 0.0375 0.05625
3 0.47265625 0.03046875 0.01640625 0.0296875
10 0.47109375 0.040625 0.0421875 0.0546875
3 0.428125 0.034375 0.01640625 0.02890625
0 0.42734375 0.06875 0.01640625 0.01328125
10 0.43046875 0.04765625 0.04296875 0.0640625
3 0.3921875 0.04296875 0.01328125 0.03046875
10 0.38984375 0.05390625 0.04140625 0.0515625
10 0.5078125 0.01640625 0.04296875 0.03046875
10 0.603125 0.01875 0.03359375 0.03515625
10 0.56953125 0.01796875 0.03359375 0.03359375
7 0.128125 0.38046875 0.04296875 0.05546875
5 0.1375 0.39140625 0.01015625 0.01484375
3 0.125 0.33125 0.02109375 0.03828125
10 0.13203125 0.34296875 0.05859375 0.07109375
6 0.15234375 0.19375 0.0171875 0.040625
10 0.1578125 0.21796875 0.04453125 0.09140625
10 0.21875 0.19140625 0.0203125 0.0203125
2 0.18203125 0.19609375 0.01484375 0.01953125
0 0.190625 0.18125 0.01796875 0.015625
3 0.21328125 0.15546875 0.01796875 0.03046875
3 0.190625 0.14375 0.0140625 0.03125
10 0.2265625 0.15625 0.04453125 0.05546875
10 0.19375 0.15625 0.034375 0.065625
3 0.23828125 0.09296875 0.01328125 0.02890625
10 0.24765625 0.10625 0.04140625 0.06015625
9 0.21171875 0.10625 0.01796875 0.0265625
10 0.2125 0.11796875 0.03515625 0.0546875
2 0.29453125 0.63125 0.03359375 0.06796875
10 0.32109375 0.36796875 0.0828125 0.109375