0 0.25703125 0.59296875 0.02109375 0.025
5 0.1984375 0.60546875 0.01796875 0.03359375
9 0.2171875 0.46796875 0.03359375 0.06953125
3 0.26328125 0.50546875 0.02890625 0.06640625
10 0.27265625 0.534375 0.08359375 0.13125
10 0.228125 0.50625 0.0625 0.13828125
2 0.4296875 0.60546875 0.034375 0.06484375
0 0.41484375 0.51796875 0.0265625 0.02890625
6 0.42109375 0.43125 0.0359375 0.07109375
10 0.42734375 0.48046875 0.06796875 0.18125
2 0.37109375 0.42578125 0.03671875 0.03671875
2 0.4609375 0.40546875 0.03671875 0.03671875
2 0.53125 0.41796875 0.0265625 0.0453125
0 0.59453125 0.40625 0.02734375 0.025
3 0.59609375 0.3265625 0.0296875 0.0640625
10 0.58828125 0.35546875 0.08125 0.140625
0 0.66015625 0.4171875 0.02578125 0.0265625
10 0.65859375 0.35625 0.06484375 0.134375
0 0.31015625 0.40625 0.02890625 0.0265625
0 0.2515625 0.42890625 0.021875 0.0234375
3 0.303125 0.340625 0.03203125 0.0609375
3 0.24453125 0.36796875 0.02578125 0.04921875
10 0.31875 0.36796875 0.08046875 0.11796875
1 0.253125 0.3734375 0.05703125 0.10625
3 0.1921875 0.3765625 0.02734375 0.0515625
0 0.190625 0.4296875 0.0171875 0.0203125
1 0.2015625 0.38046875 0.06171875 0.09609375
5 0.13828125 0.384375 0.01171875 0.01875
3 0.12265625 0.334375 0.02578125 0.04375
7 0.125 0.384375 0.0328125 0.05625
1 0.13203125 0.3453125 0.05859375 0.07421875
3 0.15 0.2015625 0.01640625 0.03671875
0 0.14765625 0.23125 0.02109375 0.02890625
10 0.153125 0.21796875 0.04296875 0.08046875
2 0.28828125 0.29296875 0.02109375 0.03046875
2 0.396875 0.284375 0.0328125 0.03046875
0 0.46328125 0.278125 0.01953125 0.02109375
0 0.53125 0.28046875 0.02890625 0.02421875
2 0.528125 0.30078125 0.03046875 0.02578125
3 0.53515625 0.22109375 0.025 0.053125
3 0.46875 0.2390625 0.0265625 0.05
10 0.52890625 0.24375 0.07421875 0.0984375
10 0.46875 0.24375 0.05703125 0.0703125
2 0.21875 0.190625 0.01953125 0.0234375
2 0.18125 0.19296875 0.0171875 0.01953125
0 0.18828125 0.18046875 0.01953125 0.01640625
3 0.21484375 0.1546875 0.01640625 0.03515625
3 0.18828125 0.146875 0.01796875 0.03125
10 0.22578125 0.15703125 0.04140625 0.05546875
10 0.19296875 0.159375 0.0328125 0.0640625
3 0.23984375 0.09921875 0.0140625 0.03046875
2 0.26640625 0.09296875 0.01796875 0.015625
10 0.246875 0.109375 0.0359375 0.05546875
3 0.20703125 0.11171875 0.01796875 0.03125
10 0.2109375 0.11953125 0.03125 0.0484375
0 0.75546875 0.58359375 0.0296875 0.04453125
2 0.7625 0.60625 0.03125 0.053125
0 0.834375 0.60390625 0.0296875 0.0265625
2 0.83125 0.60546875 0.0296875 0.05546875
3 0.8359375 0.51875 0.03515625 0.06484375
3 0.76953125 0.53125 0.03203125 0.05625
10 0.81875 0.5359375 0.07109375 0.14375
10 0.74375 0.53515625 0.08515625 0.10546875
2 0.35078125 0.20546875 0.02421875 0.02578125
2 0.415625 0.20078125 0.0296875 0.02578125
2 0.45625 0.20546875 0.03046875 0.025
2 0.509375 0.19609375 0.02109375 0.03046875
0 0.38984375 0.1265625 0.02265625 0.021875
5 0.359375 0.13046875 0.0140625 0.00546875
2 0.35859375 0.14296875 0.0171875 0.01328125
3 0.35546875 0.09375 0.0171875 0.03671875
1 0.35546875 0.10546875 0.04140625 0.06328125
3 0.39296875 0.07890625 0.0203125 0.034375
10 0.4 0.09296875 0.04765625 0.0734375
2 0.3921875 0.13984375 0.01796875 0.01484375
3 0.3921875 0.04296875 0.015625 0.03203125
10 0.39140625 0.053125 0.04140625 0.05625
3 0.428125 0.03125 0.0140625 0.03203125
10 0.43125 0.04296875 0.03984375 0.05625
0 0.42734375 0.06796875 0.01328125 0.01171875
0 0.46875 0.0578125 0.01953125 0.01953125
2 0.465625 0.06796875 0.0140625 0.01171875
3 0.471875 0.03125 0.01328125 0.03203125
10 0.4703125 0.0359375 0.03828125 0.05625
0 0.9296875 0.54296875 0.015625 0.025
3 0.92578125 0.48046875 0.01953125 0.05390625
10 0.90625 0.50625 0.06328125 0.115625
3 0.903125 0.32890625 0.01796875 0.0453125
0 0.90390625 0.38046875 0.01875 0.03125
0 0.86484375 0.3890625 0.01640625 0.0234375
3 0.87421875 0.33046875 0.02109375 0.04453125
10 0.896875 0.34296875 0.03359375 0.08984375
1 0.85625 0.3484375 0.0546875 0.090625
3 0.65625 0.32578125 0.02890625 0.06875
3 0.728125 0.328125 0.0296875 0.06328125
0 0.7296875 0.41953125 0.025 0.03203125
10 0.721875 0.36640625 0.0640625 0.1390625
7 0.78828125 0.42578125 0.03203125 0.05
3 0.7984375 0.34296875 0.025 0.06015625
10 0.7828125 0.38046875 0.06640625 0.1296875
3 0.7625 0.24296875 0.02578125 0.05859375
0 0.7609375 0.31640625 0.02265625 0.0203125
10 0.75078125 0.27421875 0.06484375 0.11796875
7 0.70390625 0.30390625 0.03359375 0.04140625
3 0.69453125 0.23046875 0.02109375 0.04453125
10 0.684375 0.25546875 0.0578125 0.0984375
3 0.83125 0.18125 0.01796875 0.03984375
10 0.81953125 0.19296875 0.04140625 0.0640625
3 0.8015625 0.115625 0.015625 0.03671875
10 0.79453125 0.12890625 0.034375 0.06328125
2 0.628125 0.20703125 0.0203125 0.025
3 0.6484375 0.07421875 0.01875 0.04453125
0 0.65390625 0.13125 0.01796875 0.015625
10 0.65 0.09609375 0.03984375 0.0890625
3 0.765625 0.065625 0.01640625 0.03515625
10 0.765625 0.07421875 0.02890625 0.05546875
2 0.49140625 0.1234375 0.01875 0.02109375
2 0.53203125 0.12890625 0.01796875 0.01875
0 0.57109375 0.11875 0.01796875 0.01640625
2 0.575 0.13046875 0.01953125 0.02109375
0 0.6125 0.11875 0.0171875 0.01875
3 0.6171875 0.090625 0.01796875 0.03515625
3 0.56953125 0.08046875 0.02109375 0.0359375
10 0.565625 0.09375 0.04453125 0.07578125
1 0.609375 0.09609375 0.0453125 0.07421875
3 0.746875 0.03671875 0.01171875 0.03125
10 0.74375 0.04296875 0.02890625 0.046875
6 0.715625 0.01796875 0.0109375 0.03203125
10 0.71328125 0.03125 0.02890625 0.05546875
10 0.69765625 0.0140625 0.02578125 0.0265625
7 0.51875 0.0703125 0.0203125 0.0109375
3 0.51328125 0.03125 0.01640625 0.03359375
10 0.51015625 0.0484375 0.03515625 0.05625
3 0.553125 0.03046875 0.0140625 0.03125
10 0.55 0.04375 0.0421875 0.05390625
3 0.59375 0.03125 0.0140625 0.034375
10 0.59140625 0.04296875 0.04609375 0.0609375
3 0.640625 0.04375 0.01484375 0.0296875
10 0.63828125 0.053125 0.04453125 0.05859375
10 0.50703125 0.015625 0.04140625 0.0296875
10 0.584375 0.01875 0.07109375 0.03515625
0 0.43515625 0.11875 0.015625 0.01484375
3 0.440625 0.09375 0.0171875 0.03125
1 0.4421875 0.10078125 0.040625 0.0515625
7 0.54375 0.06796875 0.02578125 0.02109375