10 0.1359375 0.34296875 0.05234375 0.08828125
2 0.11953125 0.40390625 0.02578125 0.0265625
10 0.1546875 0.23125 0.04140625 0.084375
10 0.19453125 0.1609375 0.03359375 0.06953125
2 0.18046875 0.1984375 0.0140625 0.01953125
2 0.2171875 0.19140625 0.01953125 0.0234375
10 0.22578125 0.16484375 0.040625 0.059375
10 0.21015625 0.11796875 0.03046875 0.0546875
10 0.24453125 0.10859375 0.03203125 0.05546875
2 0.26640625 0.09296875 0.01640625 0.01796875
2 0.36484375 0.04140625 0.0140625 0.0140625
1 0.38828125 0.05625 0.040625 0.0546875
10 0.43046875 0.04453125 0.0421875 0.06171875
10 0.35390625 0.10625 0.04140625 0.06953125
10 0.39765625 0.09921875 0.04453125 0.08046875
1 0.4421875 0.10546875 0.04375 0.05546875
10 0.46953125 0.04296875 0.03828125 0.05625
1 0.51171875 0.04375 0.03359375 0.05390625
2 0.49140625 0.1234375 0.01953125 0.01875
2 0.5328125 0.1296875 0.01953125 0.021875
10 0.5484375 0.04375 0.04140625 0.0703125
10 0.565625 0.09375 0.04921875 0.078125
10 0.590625 0.0390625 0.0421875 0.065625
10 0.646875 0.09296875 0.0421875 0.08046875
1 0.63359375 0.05390625 0.03515625 0.05078125
10 0.7046875 0.15546875 0.05546875 0.09453125
10 0.64375 0.146875 0.0578125 0.103125
7 0.62578125 0.19765625 0.025 0.03046875
2 0.61328125 0.12890625 0.02109375 0.0234375
2 0.5109375 0.196875 0.02578125 0.03125
2 0.45546875 0.2015625 0.0328125 0.028125
2 0.41484375 0.20078125 0.03203125 0.02421875
2 0.35078125 0.20703125 0.02421875 0.03046875
2 0.28828125 0.296875 0.02421875 0.03125
2 0.396875 0.28671875 0.03125 0.03046875
1 0.465625 0.246875 0.05546875 0.08046875
1 0.5328125 0.24375 0.07265625 0.09609375
10 0.68515625 0.25625 0.05859375 0.09921875
10 0.74921875 0.26796875 0.0640625 0.1234375
1 0.77890625 0.38984375 0.06796875 0.1015625
10 0.715625 0.36875 0.06171875 0.140625
10 0.6515625 0.35625 0.06953125 0.1390625
10 0.584375 0.33125 0.078125 0.1453125
2 0.53125 0.41875 0.0296875 0.05
2 0.4609375 0.40546875 0.03828125 0.0390625
2 0.36953125 0.4234375 0.03984375 0.04453125
10 0.31953125 0.3671875 0.08671875 0.115625
1 0.2546875 0.3734375 0.06015625 0.12109375
1 0.19765625 0.38125 0.06171875 0.11328125
2 0.18515625 0.6015625 0.03515625 0.0609375
10 0.234375 0.4828125 0.05703125 0.1640625
10 0.2734375 0.5375 0.09296875 0.14375
2 0.29453125 0.63125 0.03671875 0.0734375
10 0.42421875 0.51796875 0.08671875 0.16328125
2 0.43515625 0.60625 0.03515625 0.06796875
10 0.74609375 0.52421875 0.0828125 0.11875
1 0.81953125 0.54140625 0.07890625 0.15546875
2 0.76328125 0.60546875 0.03359375 0.059375
3 0.965625 0.7046875 0.06875 0.1125
0 0.98359375 0.74921875 0.0171875 0.03125
2 0.98828125 0.76796875 0.02109375 0.03984375
1 0.8546875 0.34765625 0.06484375 0.09375
10 0.896875 0.34921875 0.03828125 0.09453125
10 0.821875 0.19375 0.0453125 0.06875
10 0.79296875 0.13046875 0.0421875 0.078125
10 0.76953125 0.08046875 0.034375 0.0640625
10 0.7140625 0.03203125 0.02890625 0.053125
3 0.121875 0.33125 0.02421875 0.046875
7 0.13046875 0.3734375 0.03203125 0.03359375
3 0.14453125 0.2171875 0.02109375 0.0453125
3 0.18828125 0.146875 0.015625 0.03046875
0 0.18828125 0.18046875 0.01796875 0.01875
3 0.215625 0.1546875 0.01796875 0.040625
3 0.20703125 0.109375 0.01640625 0.03046875
3 0.2375 0.0984375 0.01640625 0.03125
0 0.23828125 0.13125 0.01484375 0.015625
10 0.30625 0.08046875 0.0421875 0.159375
3 0.39296875 0.0484375 0.01484375 0.03046875
3 0.35625 0.09375 0.01796875 0.040625
0 0.35703125 0.13125 0.01640625 0.01953125
2 0.35859375 0.14140625 0.01796875 0.02109375
3 0.39609375 0.08984375 0.0234375 0.040625
0 0.3875 0.12890625 0.0203125 0.01953125
2 0.39140625 0.1359375 0.01796875 0.01953125
3 0.44453125 0.10234375 0.01875 0.034375
3 0.428125 0.03046875 0.015625 0.03125
0 0.4265625 0.06796875 0.01640625 0.01796875
0 0.46796875 0.05859375 0.0171875 0.01953125
3 0.471875 0.03125 0.01796875 0.034375
2 0.46640625 0.06875 0.01640625 0.01640625
3 0.51796875 0.0421875 0.0171875 0.03203125
9 0.55078125 0.0234375 0.01875 0.03125
2 0.5171875 0.07109375 0.02578125 0.01953125
7 0.553125 0.06875 0.0203125 0.0203125
3 0.590625 0.0265625 0.01796875 0.03828125
0 0.5953125 0.0625 0.01953125 0.01953125
0 0.571875 0.121875 0.01796875 0.01953125
3 0.571875 0.08046875 0.0203125 0.040625
3 0.63984375 0.04375 0.0171875 0.03515625
3 0.67578125 0.03359375 0.02109375 0.04453125
10 0.665625 0.071875 0.05078125 0.11953125
2 0.69140625 0.20546875 0.02109375 0.028125
3 0.6515625 0.11953125 0.02265625 0.04375
3 0.7 0.13359375 0.0234375 0.05
0 0.76015625 0.31796875 0.02421875 0.02890625
3 0.7625 0.24375 0.02734375 0.059375
0 0.69765625 0.2984375 0.01953125 0.0203125
3 0.696875 0.240625 0.02421875 0.04921875
3 0.53125 0.23984375 0.02734375 0.05
5 0.53125 0.284375 0.01484375 0.01953125
2 0.528125 0.29296875 0.0265625 0.03828125
0 0.453125 0.28046875 0.01953125 0.0296875
3 0.4625 0.24296875 0.028125 0.05390625
3 0.1875 0.36875 0.02890625 0.05390625
3 0.253125 0.365625 0.0296875 0.0515625
3 0.3140625 0.34375 0.03203125 0.06640625
0 0.18828125 0.43046875 0.01796875 0.0234375
0 0.26015625 0.4234375 0.02890625 0.02109375
0 0.31328125 0.40546875 0.03125 0.03046875
3 0.59140625 0.29296875 0.03125 0.05625
3 0.65390625 0.3296875 0.02890625 0.071875
7 0.66015625 0.428125 0.03515625 0.05078125
0 0.58984375 0.35546875 0.02265625 0.03671875
3 0.728125 0.33125 0.03359375 0.06875
0 0.72890625 0.41953125 0.02578125 0.03046875
0 0.78359375 0.41796875 0.03046875 0.03828125
3 0.79140625 0.37421875 0.03046875 0.05546875
3 0.8359375 0.53671875 0.034375 0.06953125
0 0.83046875 0.60546875 0.0234375 0.0296875
5 0.75703125 0.59296875 0.01875 0.03671875
3 0.7671875 0.5171875 0.03203125 0.06796875
0 0.403125 0.59296875 0.0234375 0.05
3 0.42890625 0.48046875 0.03828125 0.08359375
0 0.2625 0.59375 0.03046875 0.03125
3 0.265625 0.5109375 0.0328125 0.0703125
9 0.22890625 0.440625 0.03125 0.06796875
3 0.87265625 0.334375 0.02265625 0.05
3 0.90390625 0.33125 0.01875 0.04921875
0 0.865625 0.38671875 0.01953125 0.03125
0 0.90390625 0.3859375 0.01640625 0.01875
3 0.83125 0.18046875 0.0203125 0.0390625
0 0.83203125 0.21640625 0.01875 0.01875
3 0.80390625 0.11328125 0.01796875 0.03828125
3 0.76953125 0.06796875 0.01484375 0.034375
0 0.7625 0.084375 0.0171875 0.01875
10 0.7296875 0.0765625 0.04140625 0.07421875
9 0.734375 0.05625 0.01796875 0.03203125
10 0.74609375 0.04453125 0.02890625 0.059375
3 0.746875 0.034375 0.01328125 0.03125
0 0.74765625 0.0609375 0.01484375 0.01640625
3 0.71875 0.02421875 0.01484375 0.03046875