10 0.1375 0.34296875 0.04921875 0.08046875
2 0.1203125 0.4046875 0.02734375 0.028125
10 0.15078125 0.2421875 0.04296875 0.0765625
10 0.19375 0.165625 0.0328125 0.06484375
2 0.18046875 0.20078125 0.01640625 0.02421875
10 0.22578125 0.16171875 0.04140625 0.06953125
2 0.2171875 0.1921875 0.021875 0.025
10 0.21015625 0.11796875 0.03203125 0.05625
10 0.24375 0.1109375 0.0359375 0.05546875
10 0.27890625 0.065625 0.03828125 0.04921875
2 0.36875 0.03828125 0.0140625 0.01796875
10 0.3953125 0.053125 0.0375 0.06328125
1 0.4390625 0.10625 0.04453125 0.04921875
1 0.35390625 0.109375 0.04375 0.05625
1 0.39609375 0.0984375 0.0421875 0.06953125
10 0.43203125 0.046875 0.03984375 0.05625
10 0.46953125 0.04375 0.0375 0.05390625
10 0.5078125 0.04296875 0.03828125 0.05625
2 0.47578125 0.12890625 0.01953125 0.025
2 0.534375 0.128125 0.01875 0.0234375
10 0.55 0.04296875 0.0421875 0.05859375
1 0.59140625 0.04296875 0.04375 0.05859375
10 0.6375 0.05078125 0.04296875 0.06328125
10 0.6546875 0.09609375 0.04296875 0.08046875
1 0.56796875 0.09296875 0.0453125 0.06171875
2 0.61328125 0.1296875 0.02109375 0.02421875
10 0.70625 0.171875 0.05859375 0.08046875
10 0.65703125 0.1640625 0.046875 0.1015625
2 0.62265625 0.203125 0.02421875 0.03046875
0 0.646875 0.20390625 0.0140625 0.025
2 0.45625 0.2046875 0.03359375 0.0296875
2 0.41953125 0.19921875 0.025 0.03125
2 0.2875 0.303125 0.0265625 0.0359375
0 0.4 0.28046875 0.0265625 0.0265625
1 0.46640625 0.2484375 0.05390625 0.0796875
10 0.5265625 0.240625 0.07265625 0.09609375
2 0.52890625 0.296875 0.03046875 0.03046875
10 0.69375 0.25546875 0.0546875 0.11328125
10 0.74765625 0.26796875 0.05859375 0.12421875
1 0.77265625 0.384375 0.05859375 0.10625
1 0.7203125 0.39296875 0.06640625 0.11015625
10 0.65625 0.35859375 0.06328125 0.15546875
10 0.5890625 0.35546875 0.08046875 0.14609375
7 0.66328125 0.43046875 0.03359375 0.0515625
2 0.53203125 0.41796875 0.03046875 0.053125
2 0.46171875 0.40703125 0.03984375 0.04453125
2 0.36953125 0.4234375 0.03984375 0.04453125
10 0.321875 0.36875 0.0828125 0.109375
1 0.25078125 0.37578125 0.06171875 0.11171875
1 0.19765625 0.384375 0.059375 0.11875
2 0.19453125 0.6046875 0.03359375 0.0609375
2 0.259375 0.61796875 0.03984375 0.0765625
10 0.43125 0.50390625 0.07734375 0.14453125
2 0.4234375 0.603125 0.06171875 0.06953125
10 0.75078125 0.5328125 0.07890625 0.1140625
10 0.81875 0.54296875 0.07265625 0.16796875
2 0.76328125 0.60703125 0.03359375 0.05546875
10 0.7125 0.03671875 0.02890625 0.06015625
10 0.74453125 0.04375 0.02890625 0.0515625
10 0.73203125 0.0796875 0.040625 0.06484375
10 0.7984375 0.1265625 0.0375 0.059375
10 0.81953125 0.1765625 0.02578125 0.08828125
1 0.853125 0.3515625 0.0609375 0.103125
10 0.89921875 0.35 0.03984375 0.08125
10 0.96953125 0.70703125 0.06015625 0.09296875
10 0.48203125 0.09140625 0.05078125 0.06796875
2 0.49375 0.1296875 0.0203125 0.02421875
7 0.51640625 0.06796875 0.02578125 0.01953125
10 0.56953125 0.15546875 0.06328125 0.08671875
10 0.35078125 0.23125 0.05859375 0.1265625
10 0.40859375 0.24375 0.07109375 0.0984375
10 0.67578125 0.5359375 0.0875 0.18125
2 0.71171875 0.81796875 0.0546875 0.09375
10 0.08828125 0.71796875 0.07421875 0.16953125
10 0.15703125 0.7484375 0.09921875 0.16796875
2 0.14453125 0.8390625 0.03671875 0.075
2 0.121875 0.82890625 0.0265625 0.05
10 0.90546875 0.49296875 0.06640625 0.1140625
10 0.7859375 0.1796875 0.046875 0.078125
10 0.7609375 0.11796875 0.04140625 0.0765625
2 0.6796875 0.20859375 0.02265625 0.03046875
2 0.71953125 0.21640625 0.02421875 0.0296875
3 0.08515625 0.69296875 0.03359375 0.06875
3 0.1296875 0.71796875 0.03828125 0.08359375
0 0.13203125 0.803125 0.03359375 0.05078125
0 0.09453125 0.78125 0.02890625 0.0359375
1 0.15078125 0.55234375 0.078125 0.1140625
3 0.134375 0.53828125 0.0265625 0.05546875
0 0.1390625 0.59375 0.01953125 0.03359375
2 0.134375 0.6078125 0.025 0.05078125
0 0.1296875 0.36875 0.021875 0.02421875
3 0.12578125 0.32890625 0.02265625 0.04609375
3 0.14375 0.2234375 0.01953125 0.04375
3 0.18828125 0.14921875 0.01484375 0.03046875
3 0.21875 0.1484375 0.0140625 0.04375
0 0.18984375 0.18125 0.0171875 0.01796875
3 0.20546875 0.109375 0.01328125 0.03125
3 0.234375 0.10078125 0.01484375 0.03125
9 0.2671875 0.05625 0.015625 0.03046875
2 0.26953125 0.09296875 0.01640625 0.01953125
3 0.27578125 0.03046875 0.01484375 0.03671875
3 0.3953125 0.03671875 0.015625 0.03046875
3 0.35390625 0.10546875 0.01875 0.0390625
0 0.35390625 0.13125 0.01484375 0.015625
3 0.396875 0.08515625 0.0203125 0.04453125
0 0.38828125 0.12421875 0.01875 0.01875
3 0.4296875 0.03046875 0.01484375 0.03125
3 0.44375 0.10546875 0.02109375 0.03515625
0 0.4296875 0.1265625 0.01484375 0.02421875
3 0.46953125 0.03125 0.01484375 0.03203125
3 0.48203125 0.08046875 0.01953125 0.03359375
0 0.484375 0.11484375 0.0171875 0.01640625
3 0.51640625 0.03203125 0.01796875 0.034375
3 0.55 0.03203125 0.0171875 0.03125
7 0.5421875 0.06796875 0.025 0.025
3 0.59453125 0.03828125 0.01796875 0.03828125
3 0.56875 0.08125 0.01875 0.03671875
0 0.59765625 0.0625 0.01640625 0.01953125
3 0.63828125 0.0359375 0.01484375 0.03125
2 0.6125 0.07578125 0.01796875 0.01875
3 0.66015625 0.0796875 0.01875 0.040625
6 0.66015625 0.134375 0.02109375 0.04453125
7 0.66328125 0.19296875 0.025 0.04921875
3 0.7046875 0.15546875 0.01953125 0.046875
3 0.5734375 0.140625 0.02421875 0.0484375
0 0.575 0.19296875 0.0265625 0.021875
2 0.5875 0.20625 0.02109375 0.0265625
2 0.51015625 0.196875 0.02421875 0.03125
3 0.34765625 0.19609375 0.025 0.06171875
5 0.325 0.30625 0.01640625 0.0265625
3 0.40390625 0.21796875 0.02578125 0.05859375
3 0.46875 0.24140625 0.02734375 0.05546875
0 0.46328125 0.2796875 0.02109375 0.0390625
3 0.52265625 0.21796875 0.025 0.05625
5 0.5234375 0.29453125 0.01484375 0.0265625
0 0.52890625 0.27734375 0.03046875 0.0265625
3 0.7 0.22890625 0.02578125 0.05
0 0.69765625 0.29765625 0.02421875 0.03046875
2 0.71953125 0.31015625 0.02578125 0.04296875
3 0.759375 0.23203125 0.028125 0.05546875
0 0.76015625 0.315625 0.02734375 0.028125
3 0.7875 0.3765625 0.02421875 0.05078125
0 0.78046875 0.42265625 0.02421875 0.03046875
8 0.725 0.4015625 0.0359375 0.059375
6 0.66015625 0.31875 0.03046875 0.0703125
5 0.64453125 0.43125 0.01796875 0.03359375
3 0.59453125 0.328125 0.03046875 0.0609375
0 0.596875 0.4125 0.028125 0.03046875
3 0.3140625 0.3515625 0.03125 0.06015625
0 0.31484375 0.40234375 0.03359375 0.03828125
3 0.246875 0.37421875 0.02578125 0.05625
0 0.253125 0.42421875 0.02578125 0.03046875
3 0.18828125 0.365625 0.02890625 0.05703125
0 0.19140625 0.4296875 0.01953125 0.0296875
10 0.665625 0.709375 0.1046875 0.19453125
3 0.69453125 0.65546875 0.04140625 0.08515625
3 0.6859375 0.50390625 0.03515625 0.075
0 0.6796875 0.6046875 0.03203125 0.0390625
3 0.77265625 0.52421875 0.03203125 0.06640625
0 0.7609375 0.584375 0.02734375 0.05625
3 0.8359375 0.51796875 0.034375 0.07109375
0 0.828125 0.60546875 0.02421875 0.0453125
0 0.98515625 0.75 0.01640625 0.04453125
3 0.92578125 0.47890625 0.02265625 0.0546875
0 0.92578125 0.5390625 0.021875 0.0265625
3 0.86953125 0.3296875 0.02421875 0.0515625
3 0.90546875 0.33203125 0.01953125 0.0515625
3 0.82109375 0.15234375 0.0171875 0.03984375
3 0.80078125 0.16328125 0.01953125 0.04453125
5 0.7921875 0.23125 0.01484375 0.01796875
3 0.80625 0.11640625 0.01640625 0.03515625
6 0.76875 0.1015625 0.01796875 0.040625
3 0.74375 0.06640625 0.01640625 0.034375
3 0.746875 0.0328125 0.01171875 0.02890625
6 0.71640625 0.021875 0.0125 0.03125
1 0.36640625 0.021875 0.03515625 0.04140625