1 0.1375 0.34375 0.05859375 0.07421875
0 0.14375 0.36796875 0.01953125 0.03125
2 0.1203125 0.4046875 0.02734375 0.028125
10 0.153125 0.23984375 0.04140625 0.08515625
10 0.19375 0.165625 0.0328125 0.06484375
2 0.18046875 0.20078125 0.01640625 0.02421875
10 0.22734375 0.1578125 0.03984375 0.06171875
2 0.2171875 0.1921875 0.021875 0.025
10 0.21015625 0.11796875 0.03203125 0.0546875
10 0.24609375 0.1015625 0.03515625 0.0734375
10 0.27578125 0.06484375 0.03828125 0.05390625
2 0.36875 0.0375 0.01328125 0.01953125
10 0.3953125 0.05546875 0.03671875 0.05859375
1 0.43828125 0.10859375 0.04453125 0.04921875
10 0.35703125 0.09296875 0.04140625 0.09296875
1 0.39609375 0.0984375 0.0421875 0.06875
10 0.43203125 0.046875 0.03984375 0.05546875
10 0.46953125 0.04296875 0.0375 0.05390625
10 0.509375 0.04375 0.0359375 0.05546875
2 0.47578125 0.12890625 0.01953125 0.025
2 0.534375 0.128125 0.01875 0.0234375
10 0.54609375 0.04140625 0.04296875 0.06640625
1 0.59140625 0.04296875 0.04375 0.05859375
1 0.6359375 0.05625 0.03984375 0.05078125
10 0.65390625 0.09609375 0.04375 0.0859375
1 0.56796875 0.09296875 0.0453125 0.06171875
2 0.61328125 0.1296875 0.02109375 0.02421875
10 0.70703125 0.17265625 0.05546875 0.08046875
10 0.6578125 0.16953125 0.05703125 0.07109375
2 0.62265625 0.203125 0.02421875 0.03046875
5 0.6484375 0.20625 0.015625 0.01953125
2 0.45625 0.2046875 0.03359375 0.0296875
2 0.41875 0.19921875 0.0265625 0.03046875
2 0.28828125 0.30390625 0.028125 0.034375
0 0.40546875 0.27734375 0.0265625 0.0265625
1 0.46796875 0.246875 0.0515625 0.06875
10 0.5296875 0.24296875 0.07578125 0.096875
5 0.52265625 0.29609375 0.01328125 0.02421875
10 0.696875 0.26796875 0.06015625 0.10859375
10 0.75078125 0.26796875 0.05703125 0.128125
1 0.7734375 0.38515625 0.059375 0.10546875
1 0.71875 0.39453125 0.06328125 0.109375
10 0.65703125 0.36171875 0.06171875 0.15625
10 0.590625 0.35546875 0.08046875 0.14609375
7 0.66328125 0.43046875 0.03125 0.0515625
2 0.53203125 0.41796875 0.03046875 0.053125
2 0.46171875 0.40859375 0.03984375 0.04453125
10 0.321875 0.36953125 0.08671875 0.10390625
1 0.2515625 0.37734375 0.06171875 0.10859375
1 0.19921875 0.38671875 0.05859375 0.10625
2 0.19453125 0.60546875 0.03359375 0.0609375
10 0.34453125 0.5015625 0.07734375 0.16953125
2 0.259375 0.61875 0.03828125 0.07421875
10 0.41796875 0.5125 0.1015625 0.14375
2 0.4234375 0.603125 0.06171875 0.06953125
10 0.75234375 0.53125 0.07890625 0.1140625
1 0.82109375 0.5375 0.07578125 0.15625
2 0.76328125 0.609375 0.03359375 0.05625
10 0.7140625 0.03125 0.02734375 0.053125
10 0.74140625 0.04296875 0.02578125 0.04921875
10 0.73203125 0.078125 0.040625 0.06484375
10 0.79375 0.1203125 0.0328125 0.0609375
10 0.82890625 0.19375 0.04453125 0.078125
10 0.8546875 0.34453125 0.05625 0.10703125
10 0.9 0.36015625 0.0421875 0.10546875
10 0.96953125 0.70703125 0.06015625 0.0953125
10 0.48203125 0.09140625 0.05078125 0.06796875
2 0.49375 0.1296875 0.0203125 0.02421875
7 0.515625 0.06875 0.02421875 0.021875
10 0.56875 0.15546875 0.06015625 0.08359375
10 0.35078125 0.24375 0.06171875 0.14296875
10 0.4078125 0.24140625 0.06796875 0.10078125
10 0.67578125 0.53203125 0.08203125 0.171875
2 0.71171875 0.81796875 0.0546875 0.09375
10 0.090625 0.73671875 0.0671875 0.23125
10 0.15625 0.75234375 0.0984375 0.165625
2 0.14375 0.85234375 0.03828125 0.05859375
2 0.1234375 0.83125 0.02578125 0.04140625
10 0.9046875 0.49375 0.06640625 0.10859375
10 0.78828125 0.1703125 0.04140625 0.078125
10 0.7609375 0.11875 0.04140625 0.0765625
2 0.6796875 0.209375 0.02265625 0.03046875
2 0.71953125 0.21640625 0.02421875 0.0296875
3 0.0765625 0.65703125 0.03125 0.071875
7 0.0875 0.8390625 0.03828125 0.0609375
5 0.090625 0.79921875 0.01796875 0.04375
0 0.13125 0.80546875 0.03828125 0.05390625
3 0.12578125 0.71875 0.03828125 0.08515625
1 0.15078125 0.55546875 0.06328125 0.08515625
3 0.13203125 0.5625 0.02734375 0.05625
5 0.13515625 0.60546875 0.01875 0.03671875
2 0.13515625 0.6109375 0.03046875 0.0546875
2 0.128125 0.3765625 0.0265625 0.03515625
3 0.128125 0.33203125 0.02109375 0.046875
3 0.14765625 0.21875 0.02109375 0.04296875
5 0.15703125 0.27890625 0.01328125 0.021875
3 0.18828125 0.15078125 0.01484375 0.03125
3 0.2203125 0.1515625 0.01640625 0.03984375
3 0.20546875 0.109375 0.0140625 0.03046875
6 0.24375 0.08046875 0.0140625 0.03125
9 0.26484375 0.05546875 0.01484375 0.03046875
2 0.26953125 0.09296875 0.01796875 0.015625
0 0.2046875 0.1375 0.01484375 0.01953125
3 0.2765625 0.03125 0.01484375 0.03046875
1 0.27890625 0.0375 0.02109375 0.04375
10 0.30625 0.03125 0.03515625 0.06015625
6 0.30625 0.01484375 0.0140625 0.028125
3 0.35703125 0.065625 0.015625 0.03671875
0 0.35703125 0.1296875 0.0125 0.01875
0 0.390625 0.12578125 0.01796875 0.01953125
3 0.3953125 0.040625 0.015625 0.03125
3 0.43203125 0.034375 0.01484375 0.03046875
0 0.434375 0.06796875 0.0171875 0.015625
3 0.39765625 0.0859375 0.02109375 0.04375
3 0.44375 0.10546875 0.0203125 0.03203125
2 0.35859375 0.14140625 0.0171875 0.0203125
3 0.4703125 0.03046875 0.015625 0.03125
3 0.48203125 0.078125 0.01953125 0.03828125
0 0.48515625 0.1125 0.01796875 0.01953125
0 0.4296875 0.12578125 0.01328125 0.025
3 0.5140625 0.03046875 0.01484375 0.03359375
9 0.53828125 0.0265625 0.01796875 0.03515625
7 0.540625 0.06953125 0.02265625 0.021875
3 0.59765625 0.03203125 0.01953125 0.03984375
0 0.5953125 0.0609375 0.015625 0.01953125
2 0.61171875 0.0765625 0.0203125 0.01953125
3 0.6375 0.046875 0.01484375 0.03125
3 0.66015625 0.07890625 0.01875 0.03984375
0 0.66015625 0.13046875 0.01796875 0.01875
3 0.70625 0.15625 0.02109375 0.04375
0 0.7046875 0.2015625 0.021875 0.02578125
3 0.66171875 0.15546875 0.02265625 0.04296875
7 0.6640625 0.20390625 0.02265625 0.03515625
3 0.575 0.14140625 0.0234375 0.046875
2 0.5875 0.20546875 0.02265625 0.028125
0 0.5734375 0.1875 0.02421875 0.01953125
2 0.5109375 0.19921875 0.02421875 0.03125
3 0.53515625 0.23046875 0.02578125 0.0515625
0 0.53203125 0.28046875 0.03203125 0.03125
3 0.46875 0.24375 0.0265625 0.05390625
0 0.46328125 0.28046875 0.02109375 0.03125
3 0.40546875 0.21796875 0.0265625 0.05859375
3 0.34296875 0.20625 0.0265625 0.06171875
7 0.36796875 0.315625 0.02734375 0.05390625
7 0.34296875 0.28359375 0.03046875 0.03828125
3 0.190625 0.37890625 0.0265625 0.04921875
3 0.24453125 0.37578125 0.028125 0.05
3 0.31484375 0.34921875 0.0296875 0.05703125
0 0.19140625 0.428125 0.01875 0.0265625
0 0.253125 0.4234375 0.02421875 0.03203125
0 0.31484375 0.403125 0.0328125 0.03203125
3 0.596875 0.3265625 0.03046875 0.06328125
0 0.596875 0.4125 0.03203125 0.03046875
3 0.659375 0.31875 0.02734375 0.06875
5 0.64609375 0.43125 0.0171875 0.03359375
8 0.725 0.403125 0.03515625 0.05703125
3 0.7875 0.36796875 0.02578125 0.05078125
0 0.78125 0.42421875 0.0234375 0.03125
3 0.7734375 0.52734375 0.03359375 0.06015625
3 0.840625 0.53046875 0.03359375 0.06328125
0 0.7609375 0.58359375 0.02578125 0.0515625
0 0.8359375 0.60078125 0.02421875 0.03125
2 0.8265625 0.60546875 0.03359375 0.059375
3 0.68515625 0.50625 0.03671875 0.07890625
0 0.6796875 0.60390625 0.03046875 0.0359375
9 0.3984375 0.47890625 0.03984375 0.0765625
0 0.42890625 0.571875 0.021875 0.03125
3 0.33515625 0.45078125 0.03125 0.06953125
0 0.33125 0.56796875 0.02265625 0.0265625
10 0.678125 0.69921875 0.10859375 0.18046875
3 0.69296875 0.65078125 0.04296875 0.08046875
0 0.9859375 0.753125 0.01796875 0.04296875
0 0.92578125 0.5390625 0.02109375 0.0265625
3 0.92734375 0.4796875 0.02421875 0.05703125
3 0.8671875 0.31875 0.02265625 0.05
0 0.86640625 0.3875 0.02265625 0.03046875
9 0.90078125 0.33046875 0.02421875 0.04453125
3 0.7609375 0.23125 0.02734375 0.0546875
3 0.7046875 0.24296875 0.02421875 0.04921875
0 0.7 0.30078125 0.0203125 0.03046875
0 0.76015625 0.31484375 0.025 0.028125
9 0.796875 0.15390625 0.0234375 0.04140625
9 0.82890625 0.17109375 0.02109375 0.03671875
5 0.7921875 0.23046875 0.01640625 0.01953125
6 0.7984375 0.11015625 0.015625 0.04296875
3 0.76875 0.10390625 0.01953125 0.04140625
0 0.7703125 0.14453125 0.01640625 0.01953125
3 0.74375 0.06171875 0.0171875 0.03125
3 0.7453125 0.03203125 0.01328125 0.028125
3 0.71640625 0.01875 0.01328125 0.0296875
1 0.36640625 0.02109375 0.0375 0.040625