2 0.72890625 0.84296875 0.05078125 0.0859375
0 0.68515625 0.81875 0.04296875 0.040625
3 0.69453125 0.740625 0.03984375 0.0765625
10 0.67421875 0.75625 0.12421875 0.17109375
0 0.928125 0.54296875 0.01796875 0.02109375
0 0.83046875 0.60546875 0.01796875 0.02421875
7 0.83359375 0.61640625 0.0359375 0.04140625
8 0.76953125 0.58125 0.03046875 0.06171875
1 0.75390625 0.5609375 0.078125 0.10546875
0 0.67265625 0.60625 0.02890625 0.04921875
2 0.69921875 0.61875 0.0578125 0.06875
5 0.60546875 0.584375 0.0140625 0.04453125
7 0.6125 0.59296875 0.059375 0.0640625
9 0.67578125 0.503125 0.03828125 0.07109375
10 0.678125 0.53125 0.0828125 0.15078125
3 0.60703125 0.478125 0.034375 0.07109375
10 0.6 0.515625 0.08671875 0.17109375
0 0.98203125 0.7546875 0.0125 0.03125
10 0.9671875 0.70546875 0.06484375 0.10859375
3 0.928125 0.46875 0.02421875 0.05390625
10 0.9078125 0.49296875 0.0625 0.11171875
0 0.86328125 0.384375 0.021875 0.01875
0 0.9078125 0.39296875 0.01953125 0.01953125
3 0.90625 0.33046875 0.01875 0.04453125
10 0.896875 0.35390625 0.03984375 0.096875
3 0.85625 0.31640625 0.02578125 0.0453125
10 0.85078125 0.34296875 0.053125 0.1046875
0 0.77890625 0.42265625 0.03125 0.01953125
3 0.7828125 0.33671875 0.02578125 0.05625
10 0.7765625 0.36875 0.06171875 0.1203125
8 0.734375 0.39140625 0.02890625 0.0640625
5 0.72890625 0.43515625 0.01796875 0.01875
5 0.64765625 0.43046875 0.01796875 0.0296875
1 0.7203125 0.3734375 0.06640625 0.09375
8 0.65859375 0.38125 0.02890625 0.05625
1 0.65703125 0.36796875 0.06328125 0.125
0 0.590625 0.41328125 0.0234375 0.03671875
3 0.5953125 0.353125 0.03046875 0.05703125
1 0.5859375 0.35703125 0.07734375 0.13125
3 0.8671875 0.2390625 0.015625 0.0390625
10 0.85703125 0.25546875 0.03515625 0.07421875
9 0.76484375 0.23125 0.0265625 0.0546875
10 0.7515625 0.25625 0.065625 0.1046875
9 0.690625 0.20546875 0.02734375 0.05390625
2 0.67265625 0.30546875 0.03046875 0.03125
2 0.69765625 0.30625 0.02109375 0.03046875
0 0.684375 0.28046875 0.02109375 0.01640625
10 0.6828125 0.2421875 0.07734375 0.10859375
5 0.5625 0.29296875 0.0109375 0.01796875
3 0.83203125 0.21796875 0.01953125 0.0453125
10 0.81640625 0.24296875 0.05234375 0.09375
0 0.5328125 0.28046875 0.02109375 0.02421875
7 0.53046875 0.290625 0.0265625 0.0390625
3 0.53515625 0.22578125 0.02734375 0.06171875
2 0.615625 0.19375 0.02265625 0.028125
7 0.58125 0.19140625 0.04453125 0.0296875
2 0.63828125 0.20390625 0.025 0.02421875
7 0.665625 0.2078125 0.03671875 0.03046875
0 0.709375 0.1984375 0.01953125 0.03125
9 0.703125 0.14375 0.0203125 0.04375
9 0.659375 0.14140625 0.0203125 0.0390625
6 0.621875 0.10859375 0.0203125 0.04453125
9 0.58125 0.13203125 0.02109375 0.04453125
10 0.7046875 0.16796875 0.05859375 0.08046875
10 0.65390625 0.15546875 0.04921875 0.07578125
10 0.615625 0.14140625 0.0484375 0.09921875
10 0.56953125 0.15625 0.059375 0.0859375
3 0.825 0.15546875 0.01484375 0.03359375
3 0.80078125 0.15859375 0.01640625 0.04453125
10 0.82265625 0.17734375 0.02421875 0.07109375
10 0.790625 0.178125 0.0453125 0.0734375
3 0.80390625 0.115625 0.01328125 0.03359375
10 0.8 0.1234375 0.0296875 0.05625
3 0.771875 0.103125 0.01953125 0.03828125
10 0.765625 0.1234375 0.0421875 0.08125
3 0.740625 0.05546875 0.01484375 0.03125
10 0.7375 0.0734375 0.02890625 0.05625
3 0.75546875 0.04921875 0.01328125 0.0203125
3 0.71640625 0.01953125 0.01328125 0.02890625
10 0.71328125 0.03203125 0.02421875 0.05078125
3 0.65390625 0.01328125 0.01484375 0.02421875
10 0.64765625 0.02265625 0.046875 0.04375
10 0.675 0.01875 0.03046875 0.03515625
3 0.56484375 0.08125 0.0203125 0.034375
3 0.5125 0.13046875 0.01796875 0.0453125
3 0.52890625 0.08515625 0.01875 0.03125
0 0.49765625 0.19296875 0.01796875 0.02890625
2 0.515625 0.20234375 0.0203125 0.02890625
10 0.50703125 0.15390625 0.05625 0.09140625
2 0.48203125 0.13046875 0.02109375 0.021875
10 0.56875 0.0921875 0.04609375 0.0640625
7 0.603125 0.06796875 0.03359375 0.0265625
3 0.63828125 0.04375 0.01796875 0.03125
10 0.6375 0.05234375 0.03671875 0.0453125
3 0.60078125 0.04296875 0.01640625 0.034375
10 0.59453125 0.0515625 0.04609375 0.04921875
3 0.61640625 0.01015625 0.01484375 0.01875
10 0.609375 0.01796875 0.0359375 0.034375
3 0.57734375 0.00703125 0.0125 0.01171875
10 0.57265625 0.01640625 0.03515625 0.03046875
3 0.55078125 0.03125 0.015625 0.0265625
10 0.5484375 0.04296875 0.04296875 0.046875
10 0.5234375 0.09453125 0.04765625 0.059375
3 0.48203125 0.08046875 0.01796875 0.03359375
10 0.47890625 0.09296875 0.046875 0.05546875
3 0.50859375 0.01875 0.01484375 0.028125
10 0.51015625 0.034375 0.03828125 0.05546875
10 0.50703125 0.01640625 0.0375 0.03046875
3 0.46953125 0.0234375 0.01328125 0.03125
10 0.47109375 0.040625 0.04140625 0.059375
3 0.42734375 0.03515625 0.0140625 0.03125
10 0.43125 0.04375 0.0421875 0.0515625
10 0.46640625 0.0171875 0.03515625 0.03203125
3 0.36796875 0.00625 0.01640625 0.01015625
10 0.371875 0.01875 0.034375 0.03515625
10 0.403125 0.01796875 0.03359375 0.034375
3 0.403125 0.00546875 0.01328125 0.009375
10 0.434375 0.01640625 0.03671875 0.03125
3 0.3953125 0.07890625 0.02265625 0.034375
10 0.3953125 0.09375 0.05078125 0.078125
3 0.43828125 0.0984375 0.01875 0.03046875
10 0.440625 0.10390625 0.0453125 0.0453125
3 0.44765625 0.13125 0.02109375 0.03984375
0 0.4453125 0.196875 0.02578125 0.01953125
10 0.45078125 0.15625 0.05703125 0.09453125
9 0.40625 0.13046875 0.02265625 0.04453125
5 0.38828125 0.20390625 0.0125 0.015625
2 0.40390625 0.196875 0.021875 0.01953125
10 0.40390625 0.15546875 0.05546875 0.08828125
3 0.34140625 0.1109375 0.01875 0.03046875
8 0.35078125 0.10703125 0.040625 0.05546875
3 0.35078125 0.16796875 0.01953125 0.03984375
1 0.35390625 0.16875 0.04765625 0.06328125
3 0.303125 0.15390625 0.02109375 0.04375
7 0.30859375 0.21796875 0.0359375 0.0265625
10 0.30390625 0.18125 0.04921875 0.096875
9 0.26328125 0.18046875 0.01953125 0.04296875
0 0.26953125 0.21796875 0.02421875 0.01875
7 0.2703125 0.22578125 0.02421875 0.025
1 0.2640625 0.19296875 0.04609375 0.06796875
3 0.3421875 0.21796875 0.02421875 0.05078125
3 0.40390625 0.22890625 0.02578125 0.053125
3 0.46640625 0.24375 0.025 0.05
10 0.52890625 0.24296875 0.071875 0.09140625
10 0.46953125 0.24765625 0.05703125 0.08046875
2 0.47578125 0.30546875 0.02734375 0.03671875
0 0.403125 0.290625 0.03359375 0.03125
10 0.40625 0.25390625 0.06640625 0.10859375
10 0.34140625 0.246875 0.0625 0.10625
7 0.3359375 0.29140625 0.03828125 0.03671875
2 0.2859375 0.30390625 0.02578125 0.03203125
9 0.45390625 0.31796875 0.02890625 0.05390625
3 0.50625 0.33125 0.02890625 0.0640625
2 0.453125 0.4046875 0.0484375 0.04453125
0 0.496875 0.4125 0.0296875 0.03046875
2 0.50234375 0.41796875 0.0328125 0.04921875
10 0.5109375 0.3625 0.071875 0.13046875
10 0.453125 0.3359375 0.0640625 0.10625
6 0.375 0.309375 0.02890625 0.071875
10 0.384375 0.35234375 0.0796875 0.15625
0 0.3765625 0.4171875 0.03515625 0.025
7 0.38828125 0.42109375 0.05078125 0.04453125
0 0.3015625 0.4140625 0.03046875 0.02890625
2 0.309375 0.43125 0.02421875 0.03984375
3 0.2984375 0.34609375 0.03125 0.05625
10 0.31015625 0.36953125 0.07421875 0.11171875
2 0.43203125 0.59765625 0.059375 0.06953125
7 0.26796875 0.61796875 0.04921875 0.06953125
0 0.25703125 0.6296875 0.028125 0.04609375
0 0.35390625 0.609375 0.02734375 0.03125
9 0.40390625 0.46875 0.03515625 0.06953125
10 0.41796875 0.50546875 0.08515625 0.13359375
3 0.35 0.48125 0.03359375 0.0734375
10 0.35390625 0.53125 0.06953125 0.1765625
9 0.26796875 0.51796875 0.0359375 0.05859375
10 0.2703125 0.5640625 0.09609375 0.1515625
5 0.2 0.59296875 0.0171875 0.03046875
2 0.2 0.60546875 0.0359375 0.05078125
9 0.2046875 0.48515625 0.03046875 0.05546875
10 0.21640625 0.51796875 0.06953125 0.12890625
3 0.13203125 0.55859375 0.02734375 0.05546875
0 0.13671875 0.6046875 0.0203125 0.03125
1 0.1453125 0.56015625 0.071875 0.09453125
2 0.2390625 0.44375 0.03046875 0.040625
0 0.18828125 0.4296875 0.021875 0.02421875
0 0.24453125 0.41875 0.02265625 0.02421875
3 0.240625 0.36796875 0.02890625 0.0484375
1 0.25078125 0.36875 0.05234375 0.09296875
3 0.1890625 0.378125 0.02890625 0.0453125
1 0.19765625 0.38359375 0.05625 0.10078125
0 0.234375 0.315625 0.02421875 0.02109375
3 0.234375 0.246875 0.0234375 0.04453125
10 0.2421875 0.271875 0.06328125 0.10078125
7 0.12578125 0.38046875 0.04453125 0.05546875
5 0.14140625 0.3796875 0.0125 0.021875
3 0.121875 0.33125 0.0203125 0.0453125
10 0.13046875 0.34140625 0.06640625 0.07421875
3 0.1671875 0.2109375 0.01796875 0.04375
10 0.18203125 0.23203125 0.05078125 0.09453125
6 0.15078125 0.21796875 0.01875 0.04921875
10 0.1484375 0.2390625 0.02421875 0.08671875
3 0.21015625 0.14375 0.01875 0.03125
3 0.184375 0.15625 0.0171875 0.02890625
10 0.21953125 0.15546875 0.04609375 0.05859375
0 0.2125 0.1859375 0.0140625 0.01953125
7 0.2171875 0.190625 0.02109375 0.0203125
10 0.18671875 0.1671875 0.0359375 0.05625
3 0.20703125 0.109375 0.01640625 0.03046875
3 0.23203125 0.103125 0.01640625 0.02578125
1 0.24375 0.11328125 0.0421875 0.05078125
10 0.2109375 0.11875 0.03515625 0.0484375
9 0.2671875 0.0546875 0.01875 0.028125
10 0.27578125 0.06640625 0.04609375 0.053125
3 0.3015625 0.02265625 0.01328125 0.01953125
10 0.30859375 0.03125 0.0328125 0.046875
3 0.2734375 0.03125 0.01484375 0.03046875
10 0.27890625 0.0359375 0.02734375 0.04375
0 0.46640625 0.059375 0.01640625 0.00546875
1 0.82265625 0.54296875 0.07421875 0.146875
3 0.65546875 0.078125 0.0171875 0.03828125
10 0.65625 0.0953125 0.0484375 0.078125