10 0.1375 0.34375 0.05078125 0.08671875
2 0.1203125 0.4046875 0.02734375 0.028125
10 0.15078125 0.240625 0.04296875 0.0765625
10 0.19375 0.165625 0.0328125 0.06484375
2 0.18046875 0.20078125 0.01640625 0.02421875
10 0.22734375 0.16640625 0.03984375 0.06171875
2 0.2171875 0.1921875 0.021875 0.025
10 0.21015625 0.11796875 0.03203125 0.05625
10 0.24453125 0.11171875 0.03359375 0.05625
10 0.27890625 0.06328125 0.03515625 0.05078125
2 0.36875 0.0375 0.01328125 0.01953125
10 0.39375 0.05390625 0.04140625 0.06015625
1 0.43828125 0.10625 0.04453125 0.04921875
1 0.353125 0.10703125 0.04453125 0.0640625
1 0.3953125 0.0984375 0.04296875 0.0703125
10 0.43203125 0.046875 0.03984375 0.05625
10 0.46953125 0.04296875 0.0375 0.0546875
10 0.51171875 0.04140625 0.03359375 0.059375
2 0.47578125 0.12890625 0.01953125 0.025
2 0.534375 0.128125 0.01875 0.0234375
10 0.55 0.04296875 0.0421875 0.05625
1 0.59140625 0.04296875 0.04375 0.05859375
10 0.6375 0.04375 0.0390625 0.071875
10 0.65390625 0.09765625 0.04453125 0.08046875
1 0.56796875 0.09375 0.0453125 0.06171875
2 0.61328125 0.1296875 0.02109375 0.02421875
10 0.70625 0.16796875 0.0578125 0.08984375
10 0.65625 0.16875 0.0421875 0.0984375
2 0.62265625 0.203125 0.02421875 0.03046875
0 0.646875 0.20546875 0.01640625 0.021875
2 0.45625 0.2046875 0.03359375 0.0296875
2 0.2875 0.303125 0.0265625 0.0359375
1 0.46640625 0.24609375 0.05390625 0.07578125
10 0.52734375 0.24296875 0.0703125 0.1046875
0 0.5234375 0.28828125 0.01875 0.03046875
10 0.69453125 0.25546875 0.06640625 0.11484375
10 0.75390625 0.26640625 0.06015625 0.128125
1 0.7734375 0.37578125 0.05546875 0.08125
1 0.71875 0.39453125 0.06171875 0.11171875
10 0.65703125 0.35625 0.06484375 0.15078125
10 0.5890625 0.35546875 0.08046875 0.14609375
7 0.66328125 0.43125 0.034375 0.053125
2 0.53203125 0.41796875 0.03046875 0.053125
2 0.46171875 0.40703125 0.03984375 0.04453125
2 0.36953125 0.4234375 0.03984375 0.04453125
10 0.32265625 0.36875 0.08359375 0.109375
1 0.25234375 0.37734375 0.05703125 0.115625
1 0.20078125 0.39296875 0.059375 0.096875
2 0.19453125 0.6046875 0.03359375 0.0609375
2 0.259375 0.61796875 0.03984375 0.0765625
10 0.42578125 0.515625 0.06953125 0.14140625
2 0.4234375 0.603125 0.06171875 0.06953125
1 0.75234375 0.5328125 0.07890625 0.1140625
10 0.81875 0.54375 0.075 0.16640625
2 0.76328125 0.60703125 0.03359375 0.05546875
10 0.71328125 0.034375 0.02890625 0.06171875
10 0.74375 0.040625 0.028125 0.04453125
1 0.73203125 0.08046875 0.040625 0.06484375
10 0.7640625 0.06953125 0.03203125 0.0546875
10 0.80078125 0.13046875 0.040625 0.06484375
10 0.821875 0.18671875 0.0265625 0.06953125
10 0.896875 0.34375 0.04296875 0.08671875
10 0.96796875 0.709375 0.0640625 0.09375
7 0.34765625 0.29921875 0.03984375 0.04453125
10 0.48203125 0.09140625 0.05078125 0.06796875
2 0.49375 0.1296875 0.0203125 0.02421875
7 0.5125 0.0609375 0.0234375 0.0296875
10 0.56640625 0.15546875 0.05390625 0.0890625
10 0.3484375 0.24375 0.06171875 0.13359375
10 0.40703125 0.234375 0.06328125 0.11875
10 0.67578125 0.5359375 0.0875 0.18046875
2 0.69453125 0.628125 0.034375 0.05859375
2 0.71171875 0.81796875 0.0546875 0.09375
10 0.090625 0.7140625 0.07109375 0.196875
10 0.159375 0.74921875 0.10078125 0.16875
2 0.14453125 0.8390625 0.03671875 0.075
2 0.12265625 0.83046875 0.02421875 0.046875
10 0.9046875 0.49375 0.06640625 0.10625
10 0.7875 0.178125 0.0421875 0.08359375
10 0.7609375 0.12109375 0.04140625 0.0765625
2 0.6796875 0.20859375 0.02265625 0.03046875
2 0.71953125 0.21640625 0.02421875 0.0296875
3 0.0875 0.65703125 0.03203125 0.07421875
0 0.09375 0.79140625 0.02890625 0.04609375
3 0.12890625 0.71328125 0.0375 0.08125
0 0.134375 0.80390625 0.03125 0.05546875
1 0.15078125 0.55078125 0.07578125 0.11171875
0 0.1390625 0.59296875 0.02109375 0.03515625
2 0.134375 0.609375 0.02578125 0.05546875
0 0.128125 0.3734375 0.0234375 0.03046875
3 0.125 0.3265625 0.0234375 0.04609375
3 0.14453125 0.2203125 0.01953125 0.040625
3 0.1921875 0.38671875 0.02890625 0.05625
0 0.1921875 0.425 0.01953125 0.03125
3 0.24453125 0.375 0.028125 0.05546875
0 0.25234375 0.42578125 0.02734375 0.03046875
3 0.3140625 0.35078125 0.03125 0.06171875
0 0.31328125 0.40078125 0.03359375 0.03671875
3 0.18828125 0.14921875 0.01484375 0.03125
0 0.18828125 0.18046875 0.01953125 0.01953125
3 0.21953125 0.1546875 0.01640625 0.04296875
3 0.2046875 0.10703125 0.01484375 0.03203125
0 0.2046875 0.13671875 0.01640625 0.01875
3 0.23515625 0.09921875 0.01484375 0.03125
9 0.26875 0.053125 0.01484375 0.03046875
2 0.26875 0.09375 0.0171875 0.01875
3 0.27578125 0.03125 0.0125 0.03203125
3 0.39375 0.040625 0.01640625 0.03203125
3 0.3546875 0.09453125 0.01796875 0.03828125
0 0.35390625 0.1296875 0.01328125 0.01640625
2 0.359375 0.14140625 0.01796875 0.021875
0 0.38828125 0.12890625 0.02109375 0.01875
3 0.39140625 0.090625 0.02109375 0.0390625
3 0.44453125 0.10546875 0.02109375 0.0359375
0 0.4296875 0.1234375 0.01640625 0.0296875
3 0.43046875 0.03125 0.01484375 0.03046875
0 0.434375 0.06875 0.01875 0.01640625
3 0.48125 0.078125 0.01953125 0.03671875
0 0.48515625 0.11328125 0.01640625 0.01875
3 0.46953125 0.03046875 0.01484375 0.0296875
0 0.4671875 0.0609375 0.01796875 0.01640625
3 0.51328125 0.0296875 0.01484375 0.03359375
3 0.54921875 0.03203125 0.0171875 0.03203125
7 0.540625 0.06875 0.0234375 0.02421875
3 0.59453125 0.0359375 0.01796875 0.04140625
0 0.59765625 0.0640625 0.01640625 0.015625
3 0.56875 0.08359375 0.01796875 0.03671875
3 0.640625 0.028125 0.0171875 0.03828125
2 0.61015625 0.07578125 0.01796875 0.01875
3 0.66015625 0.08125 0.01953125 0.04140625
6 0.7078125 0.14921875 0.02109375 0.04453125
3 0.66015625 0.14296875 0.01953125 0.04375
2 0.66015625 0.20234375 0.021875 0.02890625
3 0.57265625 0.1390625 0.02421875 0.0484375
2 0.5859375 0.20546875 0.021875 0.028125
0 0.57265625 0.19296875 0.01875 0.021875
2 0.509375 0.1984375 0.02109375 0.03125
9 0.35234375 0.20546875 0.0265625 0.05625
3 0.39609375 0.20390625 0.02734375 0.05703125
0 0.40078125 0.25859375 0.01796875 0.0265625
2 0.39609375 0.29296875 0.03203125 0.02890625
3 0.46640625 0.24375 0.03046875 0.05390625
5 0.465625 0.28515625 0.01328125 0.0203125
3 0.528125 0.221875 0.0265625 0.05625
0 0.53515625 0.278125 0.01796875 0.025
3 0.70703125 0.23046875 0.02421875 0.05390625
0 0.70390625 0.30390625 0.01796875 0.0296875
3 0.76328125 0.23046875 0.02578125 0.05546875
0 0.76015625 0.3078125 0.02265625 0.034375
3 0.7875 0.37109375 0.0234375 0.05390625
5 0.7828125 0.4234375 0.02109375 0.01875
8 0.725 0.40234375 0.03515625 0.06015625
6 0.66015625 0.31796875 0.028125 0.06953125
5 0.64375 0.43125 0.0140625 0.03203125
0 0.596875 0.4125 0.03125 0.03046875
3 0.5953125 0.32734375 0.02890625 0.0640625
3 0.134375 0.53984375 0.0296875 0.059375
3 0.41640625 0.4859375 0.03359375 0.08046875
0 0.41328125 0.56796875 0.02890625 0.034375
3 0.68828125 0.50546875 0.03828125 0.078125
0 0.68125 0.6046875 0.0296875 0.040625
3 0.775 0.5296875 0.0328125 0.06328125
0 0.76171875 0.58671875 0.02734375 0.053125
3 0.8375 0.5203125 0.0359375 0.06640625
0 0.8296875 0.60546875 0.02578125 0.03828125
0 0.98515625 0.75390625 0.01796875 0.04296875
3 0.92578125 0.47890625 0.02265625 0.05546875
0 0.92578125 0.540625 0.01953125 0.025
6 0.9 0.3234375 0.01875 0.046875
10 0.8453125 0.37578125 0.06015625 0.18046875
3 0.86015625 0.31640625 0.02421875 0.0609375
3 0.81953125 0.17109375 0.01640625 0.040625
6 0.796875 0.15625 0.01875 0.04140625
3 0.80703125 0.115625 0.01796875 0.03671875
3 0.7671875 0.1046875 0.01875 0.040625
0 0.771875 0.15 0.01796875 0.01875
3 0.74296875 0.065625 0.0171875 0.03046875
9 0.77109375 0.0609375 0.0140625 0.03046875
3 0.746875 0.0359375 0.01328125 0.03046875
6 0.71640625 0.02265625 0.01328125 0.03046875
1 0.3671875 0.02109375 0.03515625 0.040625