10 0.1375 0.34453125 0.05078125 0.0890625
2 0.1203125 0.4046875 0.02734375 0.028125
10 0.15078125 0.24296875 0.04453125 0.078125
10 0.19375 0.16640625 0.0328125 0.06484375
2 0.18046875 0.20078125 0.01640625 0.02421875
10 0.22734375 0.16640625 0.03984375 0.06171875
2 0.2171875 0.1921875 0.021875 0.025
10 0.2109375 0.11796875 0.03203125 0.05625
10 0.24609375 0.10703125 0.0328125 0.05546875
10 0.27890625 0.05859375 0.034375 0.05546875
2 0.36875 0.03671875 0.0140625 0.01875
10 0.39609375 0.04921875 0.03828125 0.05546875
1 0.43828125 0.10625 0.04453125 0.04921875
1 0.35390625 0.10703125 0.04296875 0.06328125
10 0.39375 0.09453125 0.0484375 0.07421875
10 0.43203125 0.046875 0.03984375 0.05625
10 0.4703125 0.04375 0.0375 0.05390625
10 0.51015625 0.04140625 0.034375 0.0546875
2 0.47578125 0.12890625 0.01953125 0.025
2 0.534375 0.128125 0.01875 0.0234375
10 0.5484375 0.04140625 0.04375 0.05859375
1 0.59140625 0.04296875 0.04375 0.05859375
10 0.6375 0.04375 0.03671875 0.0609375
10 0.65390625 0.10078125 0.04453125 0.08671875
1 0.56796875 0.09375 0.0453125 0.06171875
2 0.61328125 0.1296875 0.02109375 0.02421875
10 0.70625 0.171875 0.05703125 0.08125
10 0.65703125 0.16640625 0.04609375 0.09921875
2 0.62265625 0.203125 0.02421875 0.03046875
5 0.64765625 0.20625 0.015625 0.01953125
2 0.45625 0.2046875 0.03359375 0.0296875
2 0.41875 0.19921875 0.0265625 0.03125
2 0.2875 0.303125 0.0265625 0.0359375
0 0.4 0.28046875 0.0265625 0.0265625
1 0.46640625 0.25078125 0.05390625 0.07578125
10 0.52734375 0.240625 0.07109375 0.1109375
0 0.53515625 0.28046875 0.01875 0.0234375
10 0.696875 0.265625 0.0609375 0.10546875
10 0.75390625 0.26953125 0.06015625 0.12421875
1 0.77265625 0.3859375 0.05859375 0.1046875
1 0.7203125 0.39765625 0.06640625 0.10625
10 0.65703125 0.36796875 0.06640625 0.14609375
10 0.5890625 0.35546875 0.08046875 0.14609375
7 0.6640625 0.43046875 0.03359375 0.0515625
2 0.53203125 0.41796875 0.03046875 0.053125
2 0.46171875 0.40703125 0.03984375 0.04453125
2 0.36953125 0.4234375 0.03984375 0.04453125
10 0.32265625 0.36796875 0.08203125 0.103125
1 0.2515625 0.37578125 0.05703125 0.11328125
1 0.2 0.390625 0.059375 0.096875
2 0.19453125 0.6046875 0.03359375 0.0609375
2 0.259375 0.61875 0.03984375 0.07578125
10 0.42734375 0.50546875 0.07734375 0.14453125
2 0.4234375 0.603125 0.06171875 0.06953125
10 0.75390625 0.53125 0.075 0.109375
10 0.81953125 0.54296875 0.07421875 0.175
2 0.76328125 0.61015625 0.03359375 0.05546875
10 0.71328125 0.03046875 0.02734375 0.05703125
3 0.746875 0.03125 0.01328125 0.03203125
10 0.734375 0.08046875 0.0421875 0.06796875
10 0.76328125 0.065625 0.02890625 0.053125
10 0.80078125 0.1265625 0.03515625 0.0609375
10 0.821875 0.18203125 0.0328125 0.07578125
1 0.85625 0.34375 0.0578125 0.11875
10 0.89453125 0.33359375 0.0375 0.0890625
10 0.96953125 0.70625 0.06015625 0.096875
2 0.35078125 0.30625 0.02734375 0.046875
10 0.48203125 0.09140625 0.05078125 0.06796875
2 0.49375 0.1296875 0.0203125 0.02421875
2 0.51328125 0.06796875 0.02578125 0.01953125
10 0.565625 0.15625 0.0578125 0.084375
10 0.35 0.23046875 0.06015625 0.11484375
10 0.403125 0.24375 0.07109375 0.10546875
10 0.675 0.53515625 0.08359375 0.18125
2 0.69453125 0.628125 0.034375 0.05859375
2 0.71171875 0.81796875 0.0546875 0.09375
10 0.090625 0.76328125 0.0609375 0.225
10 0.15078125 0.74140625 0.09921875 0.1515625
2 0.14453125 0.8390625 0.03671875 0.075
2 0.125 0.81875 0.0296875 0.059375
10 0.90546875 0.49375 0.06484375 0.11484375
10 0.78515625 0.17578125 0.04140625 0.09921875
10 0.759375 0.11875 0.040625 0.0734375
2 0.6796875 0.20859375 0.02265625 0.03046875
2 0.71953125 0.21875 0.02265625 0.02421875
3 0.0875 0.7171875 0.03359375 0.0734375
0 0.09375 0.7921875 0.02578125 0.034375
0 0.12578125 0.79375 0.02421875 0.04296875
9 0.121875 0.71640625 0.03671875 0.07890625
1 0.15078125 0.5515625 0.07421875 0.1
3 0.13515625 0.54609375 0.02578125 0.06171875
0 0.13515625 0.59296875 0.02421875 0.03828125
0 0.128125 0.375 0.0234375 0.03125
3 0.12421875 0.3296875 0.0203125 0.04609375
3 0.14375 0.22890625 0.01796875 0.04453125
3 0.18828125 0.15078125 0.01484375 0.03125
3 0.21875 0.15546875 0.0171875 0.03984375
3 0.20390625 0.10859375 0.01484375 0.03125
3 0.23984375 0.096875 0.01328125 0.03046875
0 0.2046875 0.13671875 0.01484375 0.01875
0 0.23828125 0.12890625 0.01796875 0.01484375
2 0.26953125 0.09296875 0.01875 0.01796875
9 0.271875 0.04296875 0.0140625 0.02890625
3 0.39453125 0.04140625 0.01484375 0.03125
3 0.43203125 0.03203125 0.01484375 0.03125
3 0.46953125 0.03125 0.01484375 0.03046875
3 0.35390625 0.09453125 0.01875 0.03671875
3 0.44375 0.10546875 0.02109375 0.03671875
3 0.484375 0.07890625 0.0203125 0.040625
0 0.35625 0.13046875 0.01484375 0.01640625
0 0.434375 0.06796875 0.0171875 0.015625
2 0.359375 0.14140625 0.0203125 0.02109375
0 0.4296875 0.1234375 0.01484375 0.03046875
3 0.38046875 0.08046875 0.02109375 0.040625
3 0.51015625 0.03046875 0.01640625 0.03359375
3 0.55390625 0.02890625 0.01640625 0.03203125
7 0.553125 0.0671875 0.02421875 0.0265625
3 0.56875 0.0859375 0.02109375 0.04140625
3 0.5953125 0.0390625 0.01796875 0.0390625
0 0.59765625 0.065625 0.01796875 0.01640625
2 0.6109375 0.078125 0.021875 0.01640625
6 0.63984375 0.03046875 0.01484375 0.03359375
3 0.6578125 0.07890625 0.01875 0.04296875
6 0.6625 0.1390625 0.02109375 0.046875
7 0.66328125 0.20390625 0.021875 0.0265625
3 0.70546875 0.15546875 0.0203125 0.04609375
0 0.70625 0.2015625 0.0234375 0.025
3 0.571875 0.14140625 0.02265625 0.046875
0 0.57265625 0.19296875 0.01796875 0.02109375
2 0.5875 0.20546875 0.021875 0.028125
3 0.528125 0.21640625 0.02421875 0.05859375
0 0.52265625 0.29140625 0.02109375 0.03125
0 0.4609375 0.28125 0.021875 0.03046875
3 0.465625 0.24296875 0.02890625 0.053125
3 0.40078125 0.21796875 0.028125 0.06015625
6 0.340625 0.20625 0.02734375 0.0546875
5 0.33046875 0.30234375 0.01640625 0.0265625
3 0.19375 0.38125 0.02734375 0.0546875
0 0.19375 0.42421875 0.01953125 0.03046875
3 0.246875 0.37734375 0.025 0.053125
0 0.25234375 0.42421875 0.02734375 0.03046875
3 0.31484375 0.353125 0.0296875 0.06328125
0 0.315625 0.403125 0.0328125 0.034375
3 0.59765625 0.32421875 0.03046875 0.06953125
0 0.59765625 0.4140625 0.02734375 0.03671875
3 0.659375 0.34375 0.02890625 0.05703125
5 0.64453125 0.43125 0.015625 0.034375
3 0.70078125 0.2421875 0.02421875 0.04921875
7 0.70234375 0.30546875 0.02578125 0.03515625
0 0.7578125 0.31796875 0.02578125 0.0296875
3 0.7609375 0.240625 0.02578125 0.05703125
3 0.7875 0.37734375 0.0265625 0.053125
0 0.78125 0.421875 0.0234375 0.03125
8 0.725 0.39921875 0.03359375 0.05625
3 0.83828125 0.51875 0.03515625 0.06953125
0 0.83046875 0.60546875 0.02890625 0.04453125
0 0.7625 0.5859375 0.0296875 0.0453125
3 0.7734375 0.53125 0.03359375 0.065625
3 0.68828125 0.50546875 0.03828125 0.07578125
0 0.68046875 0.60546875 0.0296875 0.03671875
0 0.41328125 0.56875 0.03046875 0.03671875
0 0.98515625 0.75390625 0.01640625 0.0390625
3 0.925 0.46875 0.0234375 0.06328125
0 0.92578125 0.540625 0.02109375 0.02421875
9 0.87265625 0.30703125 0.02421875 0.05
0 0.86640625 0.38828125 0.01796875 0.03125
9 0.896875 0.3125 0.02265625 0.04375
3 0.79375 0.14375 0.01953125 0.03984375
3 0.825 0.16796875 0.0171875 0.040625
3 0.80703125 0.1171875 0.01640625 0.03828125
3 0.76953125 0.10546875 0.01875 0.040625
0 0.76953125 0.14765625 0.015625 0.01953125
3 0.74296875 0.0640625 0.0171875 0.034375
9 0.759375 0.05546875 0.0171875 0.03125
6 0.715625 0.01875 0.0140625 0.03125
1 0.3671875 0.021875 0.03515625 0.04140625