2 0.73125 0.84296875 0.05078125 0.08828125
0 0.6890625 0.81875 0.04453125 0.05
3 0.69453125 0.73203125 0.0375 0.06875
10 0.67265625 0.75625 0.11875 0.165625
0 0.83125 0.60625 0.0171875 0.025
2 0.83203125 0.61640625 0.03671875 0.04140625
2 0.76640625 0.61015625 0.03515625 0.05546875
2 0.69609375 0.61796875 0.06015625 0.06796875
5 0.63984375 0.6015625 0.0140625 0.03515625
0 0.60078125 0.58125 0.01953125 0.0453125
7 0.6125 0.59296875 0.05703125 0.06171875
3 0.68515625 0.509375 0.03828125 0.06953125
10 0.68203125 0.53046875 0.07890625 0.1296875
3 0.63203125 0.49296875 0.034375 0.075
10 0.61015625 0.51796875 0.10078125 0.14375
3 0.7734375 0.51875 0.03046875 0.0609375
10 0.753125 0.53125 0.07265625 0.11796875
3 0.83515625 0.53125 0.02890625 0.0640625
10 0.8234375 0.54375 0.07265625 0.1484375
0 0.98203125 0.753125 0.025 0.0390625
10 0.96640625 0.70625 0.06640625 0.11171875
0 0.928125 0.54375 0.01953125 0.0203125
2 0.9234375 0.54296875 0.02421875 0.0453125
10 0.90703125 0.496875 0.06484375 0.11875
5 0.72890625 0.43359375 0.02109375 0.01875
0 0.5890625 0.40859375 0.02109375 0.03125
5 0.64765625 0.43046875 0.01796875 0.028125
3 0.65859375 0.38046875 0.0296875 0.0515625
8 0.65625 0.36796875 0.06640625 0.1234375
3 0.73203125 0.390625 0.02734375 0.06171875
8 0.721875 0.3765625 0.06171875 0.09921875
0 0.78125 0.4265625 0.02578125 0.028125
3 0.78359375 0.33984375 0.02421875 0.05390625
10 0.778125 0.37109375 0.05859375 0.13046875
0 0.9078125 0.39296875 0.01640625 0.01953125
0 0.86484375 0.3859375 0.01796875 0.01953125
3 0.90625 0.33046875 0.01953125 0.04609375
3 0.859375 0.315625 0.0203125 0.04296875
10 0.896875 0.35546875 0.0421875 0.1
10 0.85234375 0.34375 0.05078125 0.10390625
2 0.696875 0.30546875 0.02265625 0.03359375
2 0.67265625 0.30546875 0.02890625 0.03125
9 0.765625 0.190625 0.0234375 0.05546875
10 0.7484375 0.23046875 0.06796875 0.1484375
3 0.83203125 0.21640625 0.02109375 0.04296875
3 0.86796875 0.2390625 0.01640625 0.03828125
10 0.85703125 0.2546875 0.034375 0.071875
10 0.8140625 0.2390625 0.05703125 0.08671875
9 0.6890625 0.20546875 0.028125 0.04609375
10 0.69453125 0.240625 0.04921875 0.11328125
5 0.534375 0.28671875 0.0140625 0.01875
2 0.53203125 0.29140625 0.02578125 0.03125
3 0.540625 0.21796875 0.02734375 0.046875
3 0.6578125 0.14140625 0.021875 0.04375
2 0.61484375 0.19375 0.01953125 0.02421875
2 0.63828125 0.20390625 0.02265625 0.025
2 0.66328125 0.2140625 0.0375 0.0359375
0 0.70859375 0.203125 0.02265625 0.0203125
6 0.703125 0.14296875 0.0203125 0.04140625
10 0.703125 0.16640625 0.05625 0.08515625
10 0.65703125 0.1609375 0.040625 0.08125
3 0.6125 0.11015625 0.0203125 0.04453125
10 0.615625 0.1390625 0.0421875 0.1
9 0.58046875 0.134375 0.02109375 0.04375
0 0.5734375 0.19375 0.02265625 0.01875
10 0.571875 0.15546875 0.065625 0.090625
3 0.803125 0.16484375 0.0171875 0.03671875
3 0.825 0.15703125 0.01796875 0.03671875
10 0.79453125 0.18125 0.03984375 0.084375
3 0.8046875 0.1140625 0.01328125 0.034375
3 0.77109375 0.10078125 0.0140625 0.03671875
10 0.8 0.12578125 0.03203125 0.0609375
10 0.76328125 0.11875 0.04609375 0.08046875
3 0.74921875 0.0265625 0.01171875 0.028125
10 0.74453125 0.0359375 0.02421875 0.0546875
3 0.746875 0.071875 0.0140625 0.03125
1 0.73984375 0.08046875 0.0328125 0.04453125
3 0.71875 0.021875 0.0140625 0.03046875
10 0.715625 0.0328125 0.0296875 0.053125
10 0.70078125 0.01796875 0.028125 0.03359375
10 0.671875 0.02265625 0.02890625 0.04375
3 0.65625 0.078125 0.0203125 0.0390625
10 0.65390625 0.09375 0.05234375 0.07578125
3 0.6375 0.04296875 0.0140625 0.0265625
3 0.60078125 0.04375 0.01640625 0.03125
10 0.6375 0.05546875 0.0390625 0.0453125
10 0.59453125 0.046875 0.04453125 0.05546875
2 0.603125 0.078125 0.0359375 0.01953125
3 0.65390625 0.01328125 0.015625 0.02421875
3 0.61328125 0.01015625 0.015625 0.01875
10 0.64765625 0.02265625 0.03828125 0.04375
10 0.609375 0.01875 0.03828125 0.03515625
5 0.5625 0.29375 0.009375 0.01875
3 0.509375 0.13125 0.02265625 0.0453125
10 0.50859375 0.146875 0.04765625 0.08125
10 0.49765625 0.415625 0.03359375 0.021875
3 0.50390625 0.31796875 0.02578125 0.06171875
10 0.51015625 0.35625 0.06875 0.134375
0 0.4125 0.58125 0.03046875 0.03046875
2 0.43203125 0.609375 0.05859375 0.04453125
3 0.5953125 0.35234375 0.02890625 0.05859375
7 0.578125 0.41796875 0.0296875 0.04375
10 0.58515625 0.35625 0.07734375 0.13359375
3 0.41328125 0.50546875 0.03046875 0.0796875
10 0.428125 0.53046875 0.0796875 0.13671875
0 0.35390625 0.6046875 0.02734375 0.0296875
9 0.3578125 0.48046875 0.03359375 0.06875
10 0.353125 0.53125 0.0703125 0.1765625
0 0.26015625 0.63125 0.02421875 0.03984375
5 0.2 0.59375 0.01640625 0.0296875
2 0.20078125 0.60546875 0.03359375 0.05546875
3 0.2625 0.56796875 0.03203125 0.06171875
1 0.26953125 0.58125 0.09453125 0.11796875
3 0.203125 0.49296875 0.0296875 0.06015625
10 0.21875 0.51875 0.0703125 0.128125
2 0.453125 0.4046875 0.05078125 0.0484375
2 0.38828125 0.41875 0.05 0.04453125
3 0.45078125 0.30546875 0.025 0.05703125
10 0.453125 0.33046875 0.06171875 0.11640625
9 0.3875 0.296875 0.03046875 0.06953125
0 0.37109375 0.37890625 0.0328125 0.03046875
10 0.38515625 0.3328125 0.084375 0.13984375
0 0.2984375 0.4265625 0.03515625 0.028125
3 0.30078125 0.34140625 0.02890625 0.059375
10 0.3109375 0.3703125 0.07578125 0.12578125
0 0.246875 0.41796875 0.0328125 0.0265625
3 0.24140625 0.34765625 0.028125 0.05625
10 0.25234375 0.36875 0.05703125 0.109375
3 0.46875 0.24296875 0.0234375 0.0546875
1 0.46640625 0.24375 0.0625 0.0796875
3 0.40390625 0.221875 0.02734375 0.05625
10 0.40703125 0.25234375 0.06953125 0.103125
7 0.3484375 0.28125 0.04609375 0.03828125
3 0.33828125 0.21875 0.02578125 0.0515625
10 0.340625 0.24375 0.07109375 0.10546875
2 0.2859375 0.29921875 0.02578125 0.03046875
0 0.2328125 0.3171875 0.02109375 0.02109375
3 0.234375 0.24375 0.0234375 0.0484375
10 0.24375 0.26796875 0.06640625 0.103125
0 0.271875 0.21640625 0.02109375 0.01640625
7 0.309375 0.21796875 0.0390625 0.025
3 0.26328125 0.18046875 0.02265625 0.040625
9 0.29140625 0.16015625 0.025 0.04453125
1 0.26328125 0.19296875 0.04140625 0.0734375
10 0.3046875 0.18359375 0.05 0.09453125
3 0.35078125 0.16875 0.01796875 0.0390625
1 0.35546875 0.16796875 0.04609375 0.0640625
2 0.240625 0.44375 0.03203125 0.03515625
5 0.390625 0.20390625 0.00859375 0.015625
2 0.40546875 0.19609375 0.02265625 0.01953125
9 0.409375 0.13125 0.02421875 0.0453125
10 0.40390625 0.15390625 0.05625 0.09453125
3 0.446875 0.128125 0.02265625 0.04296875
0 0.446875 0.19765625 0.0296875 0.01953125
10 0.45078125 0.15546875 0.059375 0.109375
0 0.1453125 0.5984375 0.01796875 0.034375
3 0.134375 0.55625 0.0296875 0.053125
10 0.1453125 0.559375 0.07109375 0.09453125
0 0.1875 0.42421875 0.02265625 0.03125
3 0.18984375 0.3796875 0.0296875 0.0484375
10 0.19921875 0.38671875 0.05703125 0.10546875
7 0.1203125 0.39296875 0.03046875 0.034375
5 0.14140625 0.37890625 0.0125 0.01640625
3 0.11015625 0.31953125 0.01875 0.04375
10 0.13046875 0.340625 0.06171875 0.08359375
2 0.175 0.26875 0.0171875 0.02578125
6 0.15 0.19296875 0.0171875 0.03671875
3 0.17265625 0.196875 0.01875 0.04453125
10 0.1859375 0.21796875 0.046875 0.0859375
10 0.1546875 0.21953125 0.034375 0.09921875
2 0.21796875 0.19140625 0.01796875 0.0203125
3 0.209375 0.14375 0.01796875 0.03125
10 0.22265625 0.15546875 0.04453125 0.059375
3 0.18203125 0.15625 0.01796875 0.03046875
10 0.18984375 0.165625 0.0328125 0.0546875
3 0.553125 0.0296875 0.01640625 0.03515625
10 0.5484375 0.04375 0.04296875 0.0609375
7 0.5125 0.06875 0.02265625 0.01640625
3 0.51015625 0.01953125 0.015625 0.0296875
10 0.51015625 0.03828125 0.040625 0.06953125
0 0.46796875 0.06328125 0.01796875 0.0140625
3 0.46953125 0.0234375 0.01640625 0.03125
10 0.471875 0.0359375 0.0421875 0.05546875
3 0.42734375 0.03515625 0.0140625 0.03125
10 0.4296875 0.04375 0.040625 0.046875
2 0.43203125 0.07578125 0.02265625 0.0109375
3 0.34296875 0.1109375 0.02265625 0.03046875
8 0.35234375 0.10859375 0.0421875 0.05546875
3 0.39375 0.078125 0.02109375 0.03828125
10 0.3953125 0.09296875 0.05078125 0.07578125
0 0.38515625 0.13046875 0.02109375 0.01640625
3 0.20625 0.10859375 0.0171875 0.03125
10 0.21171875 0.11796875 0.03515625 0.0453125
3 0.23203125 0.096875 0.01796875 0.03125
10 0.24140625 0.109375 0.03359375 0.05
3 0.27265625 0.06875 0.01484375 0.02578125
1 0.278125 0.07109375 0.0421875 0.04453125
3 0.3015625 0.02109375 0.01328125 0.01953125
3 0.27578125 0.03359375 0.01640625 0.03125
10 0.309375 0.03125 0.0328125 0.05078125
1 0.27890625 0.04140625 0.03203125 0.040625
10 0.371875 0.01875 0.03359375 0.03515625
10 0.40390625 0.01796875 0.03203125 0.034375
10 0.534375 0.23359375 0.06796875 0.09453125
10 0.48125 0.09296875 0.0484375 0.06015625
2 0.48203125 0.13125 0.01953125 0.025
3 0.4875 0.08359375 0.0203125 0.0390625
1 0.521875 0.096875 0.0546875 0.06875
3 0.52890625 0.0890625 0.02109375 0.03984375
1 0.56953125 0.09296875 0.04921875 0.0703125
3 0.565625 0.08203125 0.0203125 0.03828125
0 0.56875 0.11875 0.01328125 0.021875
3 0.9265625 0.46875 0.025 0.0609375