10 0.1375 0.34296875 0.05703125 0.0859375
0 0.1421875 0.3640625 0.01640625 0.03515625
2 0.1203125 0.4046875 0.02734375 0.028125
10 0.153125 0.23671875 0.04453125 0.09453125
10 0.19375 0.165625 0.0328125 0.06484375
2 0.18046875 0.20078125 0.01640625 0.02421875
10 0.228125 0.1609375 0.03984375 0.059375
2 0.2171875 0.1921875 0.021875 0.025
10 0.21015625 0.11796875 0.03203125 0.05625
10 0.24375 0.1109375 0.03671875 0.05625
10 0.27890625 0.05859375 0.034375 0.05078125
2 0.3671875 0.0390625 0.01484375 0.015625
10 0.39453125 0.05390625 0.03828125 0.06015625
1 0.4390625 0.10859375 0.04453125 0.04921875
1 0.353125 0.10625 0.04296875 0.065625
1 0.39609375 0.096875 0.0421875 0.06875
10 0.43203125 0.046875 0.03984375 0.05546875
10 0.46953125 0.04296875 0.0375 0.05390625
10 0.509375 0.04296875 0.0359375 0.05703125
2 0.47578125 0.12890625 0.01953125 0.025
2 0.534375 0.128125 0.01875 0.0234375
10 0.546875 0.04375 0.04453125 0.0609375
1 0.59140625 0.04296875 0.04140625 0.0546875
1 0.6359375 0.05546875 0.03828125 0.04921875
10 0.6546875 0.096875 0.04453125 0.08046875
1 0.56796875 0.09609375 0.0453125 0.06171875
2 0.6140625 0.1296875 0.02109375 0.02421875
10 0.70625 0.1703125 0.0546875 0.08359375
10 0.653125 0.15625 0.04453125 0.08828125
2 0.62265625 0.203125 0.02421875 0.03046875
5 0.64765625 0.20703125 0.015625 0.01953125
2 0.45625 0.2046875 0.03359375 0.0296875
2 0.41875 0.19921875 0.0265625 0.03046875
2 0.2875 0.303125 0.02890625 0.0359375
0 0.4 0.28046875 0.0265625 0.0265625
1 0.46640625 0.246875 0.053125 0.06953125
10 0.5265625 0.2390625 0.07109375 0.103125
2 0.52890625 0.29765625 0.03046875 0.03046875
10 0.696875 0.2703125 0.0609375 0.11328125
10 0.75078125 0.26640625 0.05703125 0.125
1 0.77265625 0.384375 0.05703125 0.10078125
1 0.7203125 0.39375 0.06640625 0.11015625
10 0.65703125 0.35859375 0.06328125 0.1515625
10 0.58984375 0.35625 0.08046875 0.14609375
7 0.66328125 0.43125 0.03125 0.0453125
2 0.53203125 0.42109375 0.03046875 0.053125
2 0.46171875 0.40859375 0.03984375 0.04453125
2 0.36953125 0.4234375 0.03984375 0.04375
10 0.32265625 0.3703125 0.08359375 0.109375
1 0.2515625 0.37421875 0.06015625 0.109375
1 0.196875 0.3828125 0.05859375 0.10078125
2 0.19453125 0.6046875 0.03359375 0.0609375
10 0.19765625 0.49765625 0.08046875 0.175
2 0.26015625 0.61796875 0.03828125 0.0734375
10 0.42734375 0.5125 0.0765625 0.14375
2 0.4234375 0.603125 0.06171875 0.06953125
10 0.753125 0.5359375 0.07734375 0.10625
10 0.81875 0.54296875 0.0734375 0.1703125
2 0.76328125 0.60703125 0.03359375 0.05625
10 0.71328125 0.03671875 0.02890625 0.06015625
10 0.74609375 0.04453125 0.02890625 0.0515625
1 0.73203125 0.08046875 0.040625 0.06484375
10 0.803125 0.13046875 0.034375 0.05703125
10 0.81875 0.1921875 0.0328125 0.06015625
1 0.8546875 0.35234375 0.05703125 0.103125
10 0.89921875 0.35390625 0.0390625 0.0859375
10 0.96953125 0.70859375 0.06015625 0.09453125
2 0.36953125 0.3203125 0.02578125 0.04296875
10 0.48203125 0.09140625 0.05078125 0.06796875
2 0.49375 0.1296875 0.0203125 0.02421875
7 0.51640625 0.0671875 0.02578125 0.01953125
10 0.56484375 0.15078125 0.0578125 0.10546875
10 0.34921875 0.24296875 0.0640625 0.1359375
10 0.4078125 0.24296875 0.06953125 0.1015625
10 0.675 0.534375 0.08046875 0.17421875
2 0.69453125 0.62421875 0.034375 0.05625
10 0.0890625 0.72578125 0.06640625 0.15625
10 0.15390625 0.753125 0.09453125 0.16953125
2 0.14453125 0.8390625 0.03671875 0.075
2 0.12265625 0.8296875 0.02578125 0.04453125
10 0.90625 0.496875 0.0671875 0.11015625
10 0.784375 0.17421875 0.03984375 0.08515625
10 0.7609375 0.11875 0.04140625 0.0765625
2 0.6796875 0.209375 0.02265625 0.03046875
2 0.71953125 0.21640625 0.02421875 0.0296875
3 0.075 0.70859375 0.04140625 0.07578125
0 0.0921875 0.78359375 0.03125 0.03671875
3 0.12578125 0.71953125 0.0375 0.078125
10 0.125 0.51328125 0.0671875 0.1640625
3 0.10859375 0.465625 0.02734375 0.0640625
2 0.1359375 0.60625 0.03046875 0.05859375
5 0.1375 0.60625 0.01953125 0.03828125
3 0.18828125 0.45625 0.03203125 0.06953125
0 0.20859375 0.54375 0.0265625 0.03125
3 0.1234375 0.32421875 0.02421875 0.04453125
2 0.13203125 0.37421875 0.03515625 0.04296875
3 0.14765625 0.21328125 0.02109375 0.04375
0 0.15703125 0.26875 0.0125 0.028125
3 0.18828125 0.14921875 0.01484375 0.03046875
0 0.18828125 0.18203125 0.01484375 0.015625
3 0.221875 0.15390625 0.01640625 0.0390625
3 0.20546875 0.109375 0.01484375 0.03125
0 0.2046875 0.1390625 0.01640625 0.015625
3 0.23359375 0.10078125 0.0140625 0.03125
9 0.2703125 0.046875 0.01484375 0.03125
2 0.26875 0.09375 0.0171875 0.01875
3 0.396875 0.0421875 0.01484375 0.03203125
3 0.43203125 0.034375 0.01484375 0.03125
3 0.35390625 0.09296875 0.01796875 0.0359375
3 0.39453125 0.0875 0.02265625 0.04375
0 0.35390625 0.13046875 0.01328125 0.01796875
2 0.35859375 0.140625 0.01953125 0.021875
2 0.39140625 0.13359375 0.02109375 0.025
5 0.39140625 0.13046875 0.01484375 0.01328125
3 0.44453125 0.10546875 0.02109375 0.03671875
0 0.4296875 0.1265625 0.01484375 0.025
0 0.4328125 0.06796875 0.01875 0.01796875
3 0.48203125 0.07890625 0.02109375 0.0390625
0 0.48515625 0.11484375 0.015625 0.01640625
3 0.4703125 0.03203125 0.01484375 0.03203125
3 0.515625 0.03046875 0.01484375 0.03359375
3 0.53828125 0.03046875 0.01796875 0.03359375
7 0.540625 0.06875 0.02421875 0.02421875
3 0.5984375 0.034375 0.01796875 0.03671875
0 0.5953125 0.06171875 0.01640625 0.01953125
2 0.6125 0.07578125 0.02109375 0.01875
3 0.56953125 0.08359375 0.01953125 0.03828125
3 0.6375 0.0484375 0.015625 0.03125
3 0.66015625 0.07890625 0.01953125 0.040625
3 0.653125 0.134375 0.02109375 0.04375
2 0.5875 0.20625 0.0234375 0.03203125
3 0.703125 0.15390625 0.0203125 0.04453125
3 0.55390625 0.12109375 0.02421875 0.0484375
0 0.56875 0.190625 0.01796875 0.021875
2 0.509375 0.196875 0.0234375 0.03125
3 0.52578125 0.21796875 0.02734375 0.05859375
5 0.52578125 0.29609375 0.01328125 0.02578125
0 0.528125 0.2765625 0.0296875 0.02421875
3 0.46640625 0.2421875 0.028125 0.053125
0 0.4640625 0.27890625 0.01796875 0.034375
3 0.40390625 0.21875 0.02578125 0.05625
3 0.34921875 0.20859375 0.02421875 0.0609375
7 0.35390625 0.28046875 0.03359375 0.04296875
3 0.1890625 0.3796875 0.028125 0.0515625
3 0.24609375 0.37890625 0.02890625 0.05390625
0 0.25234375 0.42265625 0.028125 0.03828125
3 0.315625 0.35234375 0.02890625 0.0640625
0 0.31484375 0.40390625 0.0328125 0.03515625
3 0.5953125 0.32890625 0.03046875 0.05859375
0 0.596875 0.41640625 0.02734375 0.034375
6 0.66015625 0.31796875 0.028125 0.06796875
5 0.64453125 0.43203125 0.01640625 0.03515625
8 0.725 0.40078125 0.03515625 0.05546875
0 0.78125 0.421875 0.02421875 0.0265625
3 0.7875 0.37421875 0.0265625 0.0546875
3 0.83671875 0.51953125 0.0328125 0.071875
0 0.76015625 0.5875 0.02578125 0.04375
3 0.6859375 0.51171875 0.0375 0.0796875
0 0.67890625 0.603125 0.02890625 0.0390625
3 0.7734375 0.52421875 0.03125 0.06796875
0 0.82890625 0.60390625 0.02265625 0.04609375
3 0.4234375 0.4859375 0.03203125 0.08125
0 0.42265625 0.56796875 0.03359375 0.03203125
0 0.13125 0.80390625 0.0359375 0.053125
10 0.6796875 0.75859375 0.109375 0.2140625
3 0.7046875 0.7015625 0.040625 0.08046875
0 0.9859375 0.75 0.01796875 0.04453125
3 0.9265625 0.478125 0.02421875 0.05390625
0 0.9265625 0.540625 0.02109375 0.03046875
3 0.86953125 0.3265625 0.02109375 0.04921875
0 0.8703125 0.3890625 0.01640625 0.025
3 0.903125 0.33203125 0.01953125 0.04609375
3 0.759375 0.23203125 0.0265625 0.06015625
0 0.759375 0.31171875 0.02734375 0.03125
3 0.70546875 0.24296875 0.02578125 0.05078125
0 0.6984375 0.2984375 0.021875 0.03125
3 0.81796875 0.18125 0.0171875 0.03984375
5 0.7921875 0.23046875 0.01484375 0.01875
6 0.79453125 0.15078125 0.01875 0.03828125
3 0.76953125 0.103125 0.01953125 0.04140625
3 0.8078125 0.11953125 0.01484375 0.03671875
0 0.77109375 0.146875 0.0171875 0.01875
3 0.74375 0.065625 0.01640625 0.03125
3 0.74765625 0.034375 0.0125 0.03125
6 0.71640625 0.021875 0.0125 0.03125
1 0.36640625 0.021875 0.0375 0.04140625