2 0.7296875 0.84296875 0.05078125 0.0859375
0 0.6875 0.81796875 0.03359375 0.0359375
3 0.69140625 0.734375 0.03828125 0.06953125
10 0.671875 0.753125 0.1203125 0.16484375
0 0.98125 0.753125 0.01796875 0.03671875
10 0.965625 0.7109375 0.0671875 0.10625
0 0.83203125 0.60625 0.01875 0.03046875
7 0.834375 0.615625 0.03828125 0.04296875
2 0.76328125 0.61171875 0.03203125 0.05625
0 0.67265625 0.6109375 0.025 0.04453125
7 0.6921875 0.61875 0.06796875 0.0703125
0 0.59765625 0.58046875 0.02578125 0.04609375
7 0.61328125 0.59296875 0.05703125 0.0640625
0 0.928125 0.54375 0.0203125 0.0296875
3 0.92578125 0.46796875 0.02421875 0.053125
10 0.90703125 0.49375 0.06328125 0.11328125
3 0.83515625 0.53359375 0.034375 0.06875
1 0.81953125 0.54375 0.07890625 0.146875
6 0.775 0.50390625 0.0296875 0.0703125
10 0.753125 0.52734375 0.07890625 0.1234375
3 0.6828125 0.51796875 0.03828125 0.0734375
3 0.6796875 0.5390625 0.08125 0.16015625
3 0.60859375 0.48046875 0.03203125 0.0734375
10 0.5984375 0.51875 0.08671875 0.171875
3 0.90703125 0.33125 0.01796875 0.046875
0 0.9078125 0.39375 0.01875 0.02578125
10 0.89765625 0.35546875 0.04140625 0.1
0 0.865625 0.38828125 0.01796875 0.025
3 0.859375 0.31875 0.02265625 0.04453125
10 0.85 0.34375 0.0578125 0.10546875
0 0.78203125 0.4265625 0.02734375 0.025
3 0.78359375 0.34140625 0.0265625 0.05703125
10 0.778125 0.37421875 0.06015625 0.12109375
8 0.734375 0.39296875 0.0265625 0.06328125
8 0.659375 0.38046875 0.02734375 0.05546875
5 0.64765625 0.43046875 0.015625 0.028125
5 0.72890625 0.4390625 0.01953125 0.02421875
2 0.66171875 0.42890625 0.03203125 0.04375
2 0.73203125 0.43671875 0.034375 0.04453125
1 0.71796875 0.375 0.06171875 0.09453125
1 0.653125 0.371875 0.0671875 0.11953125
3 0.596875 0.35390625 0.02890625 0.05390625
0 0.590625 0.4109375 0.02109375 0.03125
10 0.584375 0.36171875 0.07578125 0.140625
0 0.6890625 0.2859375 0.015625 0.01875
2 0.696875 0.30546875 0.02265625 0.03359375
2 0.6734375 0.30546875 0.02890625 0.03359375
9 0.69296875 0.20546875 0.02578125 0.04296875
10 0.69140625 0.2421875 0.06015625 0.11015625
9 0.7765625 0.21875 0.02734375 0.05546875
10 0.75625 0.25546875 0.0671875 0.13671875
7 0.834375 0.290625 0.02265625 0.0296875
3 0.82890625 0.21875 0.02109375 0.0484375
10 0.81640625 0.24375 0.05546875 0.09296875
3 0.8671875 0.2546875 0.01953125 0.03125
10 0.859375 0.2640625 0.0359375 0.05546875
3 0.80078125 0.15703125 0.01875 0.04453125
6 0.81953125 0.15 0.01796875 0.04453125
10 0.825 0.1671875 0.03203125 0.075
10 0.79140625 0.18046875 0.046875 0.08203125
3 0.8046875 0.115625 0.01328125 0.028125
10 0.8 0.12265625 0.0296875 0.05625
3 0.771875 0.10234375 0.01484375 0.03828125
0 0.77265625 0.153125 0.01953125 0.02578125
10 0.76328125 0.12421875 0.04140625 0.08515625
6 0.703125 0.146875 0.0203125 0.04453125
0 0.7109375 0.196875 0.01875 0.03125
10 0.70390625 0.16640625 0.05546875 0.08671875
3 0.65625 0.13125 0.01953125 0.04375
7 0.66328125 0.20546875 0.03671875 0.03515625
2 0.63828125 0.20546875 0.021875 0.021875
2 0.6171875 0.19296875 0.02265625 0.02890625
6 0.6171875 0.10625 0.02265625 0.04375
10 0.61328125 0.1390625 0.04765625 0.11015625
10 0.65703125 0.15546875 0.040625 0.1015625
3 0.73828125 0.078125 0.01171875 0.0265625
1 0.7359375 0.08359375 0.02890625 0.0390625
6 0.71796875 0.01953125 0.0140625 0.03046875
3 0.75390625 0.0515625 0.0125 0.02578125
1 0.75078125 0.05625 0.02109375 0.03828125
10 0.7140625 0.03515625 0.02421875 0.05546875
10 0.70390625 0.01640625 0.03359375 0.03125
10 0.6734375 0.01875 0.03046875 0.03515625
3 0.65625 0.078125 0.0203125 0.040625
10 0.65390625 0.09375 0.05078125 0.08046875
3 0.56328125 0.08125 0.01875 0.03828125
10 0.56875 0.09375 0.0515625 0.06875
0 0.56796875 0.11875 0.0171875 0.021875
7 0.57578125 0.19375 0.01953125 0.02421875
3 0.57890625 0.14609375 0.01875 0.04375
10 0.56875 0.16796875 0.05390625 0.07578125
3 0.63828125 0.04375 0.01484375 0.03046875
10 0.6375 0.05546875 0.0390625 0.05
3 0.60078125 0.04296875 0.01640625 0.03125
10 0.59453125 0.05 0.04609375 0.05
2 0.603125 0.07890625 0.03359375 0.0203125
3 0.653125 0.01015625 0.01640625 0.01875
3 0.615625 0.01015625 0.0140625 0.01875
3 0.57578125 0.00625 0.0125 0.01015625
10 0.609375 0.01875 0.0375 0.03515625
10 0.65 0.02265625 0.0390625 0.04375
10 0.571875 0.01640625 0.03515625 0.03125
3 0.55078125 0.03359375 0.01484375 0.03125
10 0.5484375 0.04296875 0.04296875 0.0546875
0 0.53828125 0.28046875 0.02890625 0.03359375
5 0.56328125 0.29296875 0.01328125 0.01953125
3 0.53515625 0.21796875 0.02421875 0.05078125
10 0.53203125 0.2421875 0.06953125 0.09375
6 0.51015625 0.12109375 0.01953125 0.04375
10 0.50390625 0.1515625 0.06015625 0.09921875
0 0.496875 0.196875 0.0171875 0.03046875
2 0.515625 0.19921875 0.0203125 0.03046875
6 0.46875 0.01796875 0.01328125 0.03046875
3 0.51015625 0.01875 0.01796875 0.028125
10 0.51015625 0.03984375 0.03828125 0.06484375
7 0.5125 0.065625 0.02890625 0.0203125
10 0.46953125 0.03515625 0.040625 0.06875
2 0.43515625 0.078125 0.02578125 0.01328125
3 0.4265625 0.03515625 0.01484375 0.03125
10 0.4296875 0.04296875 0.03984375 0.05078125
8 0.39140625 0.05859375 0.04765625 0.04453125
0 0.3875 0.13046875 0.0234375 0.025
3 0.39609375 0.08046875 0.01796875 0.0390625
10 0.396875 0.09609375 0.0515625 0.08046875
3 0.34140625 0.1109375 0.02109375 0.03125
8 0.35 0.11015625 0.0453125 0.05546875
10 0.40078125 0.01796875 0.03828125 0.034375
10 0.371875 0.01875 0.0359375 0.03515625
9 0.4421875 0.1265625 0.021875 0.0484375
10 0.44765625 0.15390625 0.06328125 0.10390625
7 0.4609375 0.20390625 0.03984375 0.028125
9 0.409375 0.13046875 0.0234375 0.04609375
5 0.390625 0.20546875 0.01171875 0.01640625
10 0.40390625 0.15546875 0.05859375 0.08984375
3 0.35078125 0.16796875 0.01796875 0.04140625
7 0.3625 0.1984375 0.025 0.03125
1 0.353125 0.16875 0.04921875 0.0609375
3 0.29765625 0.15546875 0.02421875 0.04296875
3 0.26328125 0.18125 0.025 0.04140625
0 0.2734375 0.21875 0.02265625 0.02421875
5 0.303125 0.2140625 0.01640625 0.01015625
7 0.30703125 0.21875 0.0375 0.03359375
10 0.30546875 0.18046875 0.0546875 0.090625
1 0.2625 0.19296875 0.0484375 0.06796875
3 0.47109375 0.24296875 0.02421875 0.053125
1 0.46875 0.24453125 0.05546875 0.08046875
6 0.40703125 0.20546875 0.02578125 0.05546875
10 0.4109375 0.234375 0.065625 0.10625
3 0.340625 0.21796875 0.0265625 0.0546875
7 0.340625 0.29296875 0.040625 0.034375
10 0.34453125 0.24375 0.06484375 0.1109375
2 0.2859375 0.30546875 0.02734375 0.03125
0 0.23359375 0.31484375 0.0296875 0.028125
3 0.23359375 0.246875 0.0234375 0.046875
10 0.24140625 0.27265625 0.06328125 0.10625
9 0.509375 0.29296875 0.03046875 0.05859375
9 0.4546875 0.29375 0.02734375 0.059375
0 0.503125 0.41796875 0.02890625 0.02578125
2 0.503125 0.41796875 0.03203125 0.05078125
10 0.51640625 0.34453125 0.05859375 0.1640625
2 0.4546875 0.40390625 0.05078125 0.04921875
10 0.4546875 0.32890625 0.0625 0.1265625
7 0.38828125 0.4203125 0.05234375 0.04453125
6 0.375 0.29375 0.03125 0.0609375
10 0.38515625 0.35234375 0.07890625 0.17890625
6 0.30703125 0.33046875 0.02734375 0.06484375
10 0.309375 0.36796875 0.07734375 0.12890625
10 0.31328125 0.41796875 0.03046875 0.03046875
2 0.30859375 0.43046875 0.03046875 0.04453125
0 0.24921875 0.415625 0.0234375 0.01875
2 0.2390625 0.44296875 0.03046875 0.04375
3 0.24453125 0.36875 0.025 0.05
1 0.2484375 0.36875 0.05078125 0.09453125
2 0.43203125 0.59921875 0.059375 0.06796875
9 0.39375 0.4859375 0.04453125 0.06953125
0 0.36640625 0.54375 0.02734375 0.04375
10 0.40703125 0.51640625 0.10703125 0.1265625
0 0.35078125 0.61171875 0.025 0.04453125
6 0.34140625 0.48046875 0.034375 0.06875
10 0.35078125 0.5390625 0.06953125 0.18125
0 0.259375 0.6296875 0.02421875 0.0390625
9 0.26875 0.5109375 0.0359375 0.06953125
10 0.27265625 0.55546875 0.09453125 0.15546875
5 0.1984375 0.59296875 0.01484375 0.03046875
2 0.2 0.60546875 0.03515625 0.05546875
3 0.22578125 0.509375 0.028125 0.06953125
10 0.225 0.53046875 0.059375 0.10859375
0 0.13984375 0.60390625 0.01796875 0.03671875
3 0.13359375 0.55625 0.02578125 0.04375
1 0.1453125 0.559375 0.07421875 0.09375
0 0.1875 0.43125 0.0140625 0.0234375
3 0.18984375 0.37734375 0.02734375 0.0453125
1 0.1984375 0.3890625 0.05546875 0.10078125
7 0.12421875 0.38359375 0.0390625 0.05546875
5 0.14140625 0.38046875 0.01171875 0.02109375
9 0.13203125 0.29140625 0.02421875 0.0453125
10 0.1375 0.328125 0.05078125 0.1140625
3 0.1671875 0.21796875 0.01796875 0.03984375
10 0.18046875 0.23125 0.0484375 0.08046875
6 0.14609375 0.20625 0.0171875 0.03828125
10 0.146875 0.23046875 0.02890625 0.0859375
3 0.209375 0.146875 0.01796875 0.03046875
3 0.18203125 0.15625 0.01640625 0.03203125
10 0.22109375 0.15703125 0.0453125 0.05390625
2 0.21875 0.19296875 0.01796875 0.01953125
10 0.1875 0.16875 0.0328125 0.05703125
3 0.23359375 0.0984375 0.01484375 0.03046875
3 0.20625 0.11171875 0.01328125 0.0296875
10 0.2421875 0.10859375 0.03671875 0.05078125
10 0.2109375 0.11875 0.03359375 0.04453125
9 0.2671875 0.05390625 0.01796875 0.0296875
10 0.275 0.06796875 0.03984375 0.0515625
3 0.3015625 0.0203125 0.01328125 0.02421875
10 0.30859375 0.03125 0.0328125 0.0453125
3 0.275 0.03046875 0.01484375 0.0296875
1 0.28125 0.03828125 0.0265625 0.04453125