10 0.1375 0.34375 0.0515625 0.0890625
2 0.1203125 0.4046875 0.02734375 0.028125
10 0.1546875 0.234375 0.05 0.09375
10 0.19375 0.15625 0.0328125 0.07109375
2 0.18046875 0.20078125 0.01640625 0.02421875
10 0.22734375 0.16640625 0.03984375 0.06171875
2 0.2171875 0.1921875 0.021875 0.025
10 0.2109375 0.11796875 0.03203125 0.0546875
10 0.24453125 0.10625 0.034375 0.059375
10 0.278125 0.065625 0.03671875 0.0546875
2 0.3671875 0.03671875 0.01328125 0.01953125
10 0.39453125 0.053125 0.03828125 0.06171875
1 0.43828125 0.10625 0.04453125 0.04921875
1 0.35390625 0.10703125 0.04296875 0.06328125
10 0.3953125 0.09765625 0.04296875 0.06953125
10 0.43203125 0.046875 0.03984375 0.05625
10 0.46953125 0.04296875 0.0375 0.05390625
10 0.51015625 0.040625 0.03515625 0.05546875
2 0.47578125 0.12890625 0.01953125 0.025
2 0.534375 0.128125 0.01875 0.0234375
10 0.54921875 0.0421875 0.04296875 0.05859375
1 0.59140625 0.04296875 0.04375 0.05859375
10 0.63515625 0.04375 0.03828125 0.071875
10 0.65390625 0.09453125 0.04609375 0.08984375
1 0.56796875 0.09296875 0.0453125 0.06171875
2 0.61328125 0.1296875 0.02109375 0.02421875
10 0.7046875 0.16875 0.05546875 0.08359375
10 0.65625 0.16796875 0.04453125 0.0890625
2 0.62265625 0.203125 0.02421875 0.03046875
5 0.64765625 0.20625 0.015625 0.01953125
2 0.45625 0.2046875 0.03359375 0.0296875
2 0.41875 0.19921875 0.0265625 0.03125
2 0.2875 0.303125 0.0265625 0.0359375
0 0.4 0.28046875 0.0265625 0.0265625
1 0.46875 0.2453125 0.0546875 0.07578125
10 0.52734375 0.24296875 0.07109375 0.10625
2 0.52890625 0.29453125 0.02890625 0.03515625
10 0.6953125 0.2671875 0.06171875 0.10625
10 0.75390625 0.26953125 0.059375 0.12421875
1 0.7734375 0.384375 0.05625 0.10546875
1 0.721875 0.39296875 0.0671875 0.11015625
10 0.65703125 0.35625 0.06484375 0.1546875
10 0.5890625 0.35625 0.078125 0.146875
7 0.66328125 0.43125 0.03359375 0.05078125
2 0.53203125 0.41796875 0.03046875 0.053125
2 0.46171875 0.40703125 0.03984375 0.04453125
2 0.36953125 0.4234375 0.03984375 0.04453125
10 0.32265625 0.36953125 0.08359375 0.109375
1 0.2515625 0.3765625 0.05859375 0.11171875
1 0.2 0.390625 0.059375 0.096875
2 0.19453125 0.6046875 0.03359375 0.0609375
2 0.26015625 0.61796875 0.04140625 0.075
10 0.4265625 0.51171875 0.07734375 0.14453125
2 0.4234375 0.603125 0.06171875 0.06953125
10 0.753125 0.53203125 0.07890625 0.1140625
10 0.81953125 0.54140625 0.071875 0.16484375
2 0.76328125 0.609375 0.03359375 0.05546875
10 0.70546875 0.0734375 0.0421875 0.13125
10 0.74375 0.040625 0.0265625 0.04453125
10 0.73828125 0.078125 0.02890625 0.0609375
10 0.7609375 0.06796875 0.025 0.053125
10 0.80078125 0.13046875 0.040625 0.06484375
10 0.82265625 0.18671875 0.02578125 0.06953125
1 0.85390625 0.34296875 0.05703125 0.1
1 0.8984375 0.35078125 0.04296875 0.06953125
10 0.96953125 0.71171875 0.06015625 0.09453125
2 0.35078125 0.30546875 0.02734375 0.046875
10 0.48203125 0.09140625 0.05078125 0.06796875
2 0.49375 0.1296875 0.0203125 0.02421875
2 0.5140625 0.06875 0.02578125 0.01640625
10 0.56640625 0.16015625 0.05546875 0.08125
10 0.35078125 0.23125 0.05625 0.12109375
10 0.403125 0.24296875 0.0703125 0.0953125
10 0.67578125 0.53125 0.0875 0.18046875
2 0.69453125 0.628125 0.034375 0.05859375
2 0.71171875 0.81796875 0.0546875 0.09375
10 0.0890625 0.765625 0.06015625 0.225
10 0.15859375 0.74296875 0.1015625 0.165625
2 0.1453125 0.84375 0.03359375 0.06875
10 0.90390625 0.49453125 0.06640625 0.10703125
10 0.7875 0.18046875 0.04609375 0.07421875
10 0.7609375 0.11796875 0.04140625 0.0765625
2 0.6796875 0.20859375 0.02265625 0.03046875
2 0.71953125 0.21640625 0.02421875 0.0296875
3 0.08671875 0.71484375 0.03515625 0.071875
0 0.09296875 0.78046875 0.02265625 0.03359375
3 0.12734375 0.71640625 0.03671875 0.07890625
0 0.1296875 0.79453125 0.03203125 0.04921875
1 0.153125 0.54921875 0.07734375 0.09453125
0 0.13515625 0.59296875 0.02265625 0.04296875
2 0.13515625 0.60625 0.03125 0.05390625
3 0.1359375 0.5484375 0.02734375 0.05546875
0 0.128125 0.37421875 0.02421875 0.03046875
9 0.1453125 0.209375 0.021875 0.04375
3 0.19375 0.38046875 0.0265625 0.05390625
0 0.19296875 0.4234375 0.0203125 0.03046875
3 0.24609375 0.3765625 0.02890625 0.053125
0 0.2515625 0.425 0.02890625 0.03125
3 0.31484375 0.34921875 0.0296875 0.06875
0 0.31484375 0.4015625 0.0328125 0.03828125
9 0.34140625 0.203125 0.02734375 0.059375
5 0.3296875 0.3015625 0.015625 0.02578125
3 0.41640625 0.4828125 0.03515625 0.0859375
0 0.41328125 0.56796875 0.03203125 0.034375
3 0.12578125 0.32890625 0.02109375 0.046875
6 0.18828125 0.14375 0.015625 0.03515625
0 0.18828125 0.18046875 0.015625 0.01875
3 0.21953125 0.15625 0.01640625 0.03984375
3 0.2046875 0.10703125 0.01484375 0.03125
3 0.2390625 0.096875 0.01484375 0.03125
0 0.240625 0.13046875 0.01640625 0.01796875
9 0.26875 0.0515625 0.01484375 0.028125
2 0.26875 0.09296875 0.0171875 0.015625
3 0.39375 0.040625 0.01484375 0.03203125
3 0.4296875 0.03125 0.01484375 0.03203125
3 0.46953125 0.03046875 0.01484375 0.03359375
3 0.44375 0.10546875 0.0203125 0.0359375
3 0.48203125 0.078125 0.01953125 0.03828125
3 0.390625 0.0859375 0.02265625 0.04375
3 0.35390625 0.09453125 0.01875 0.0390625
0 0.35390625 0.1296875 0.0125 0.01875
2 0.359375 0.140625 0.01953125 0.021875
0 0.38828125 0.128125 0.02109375 0.01953125
0 0.43125 0.12578125 0.0140625 0.025
0 0.434375 0.06875 0.0171875 0.01640625
0 0.484375 0.115625 0.0171875 0.01796875
3 0.5125 0.03046875 0.01640625 0.03203125
3 0.5484375 0.03203125 0.01875 0.03125
2 0.54140625 0.06953125 0.02421875 0.01953125
2 0.509375 0.19765625 0.02265625 0.03046875
3 0.59453125 0.0359375 0.01953125 0.04296875
0 0.59765625 0.065625 0.01640625 0.015625
2 0.61171875 0.07734375 0.01953125 0.015625
3 0.63828125 0.028125 0.01640625 0.0359375
3 0.6578125 0.0765625 0.01953125 0.040625
3 0.56875 0.08203125 0.01953125 0.0390625
3 0.575 0.14296875 0.02265625 0.046875
0 0.57265625 0.19296875 0.01796875 0.02109375
2 0.5875 0.20625 0.02265625 0.02890625
3 0.40078125 0.225 0.025 0.05546875
3 0.46796875 0.23671875 0.0265625 0.05625
0 0.4625 0.28046875 0.0203125 0.03125
3 0.52734375 0.21796875 0.02578125 0.05625
0 0.521875 0.29140625 0.0234375 0.03203125
0 0.534375 0.2765625 0.0171875 0.021875
3 0.703125 0.2421875 0.02421875 0.05078125
7 0.70078125 0.30625 0.02421875 0.034375
3 0.7609375 0.240625 0.02734375 0.05703125
0 0.759375 0.3171875 0.02734375 0.02890625
3 0.78828125 0.3765625 0.02578125 0.05
0 0.77890625 0.41875 0.02421875 0.03046875
8 0.72578125 0.3984375 0.034375 0.05625
5 0.64453125 0.43046875 0.01796875 0.03359375
6 0.66015625 0.31875 0.03046875 0.0703125
3 0.59765625 0.32734375 0.03203125 0.065625
0 0.59765625 0.4109375 0.02890625 0.03125
3 0.690625 0.50546875 0.04140625 0.078125
0 0.6796875 0.60546875 0.03125 0.03828125
3 0.771875 0.52890625 0.03203125 0.065625
0 0.759375 0.58671875 0.0296875 0.04375
3 0.83671875 0.5234375 0.0328125 0.06875
0 0.82890625 0.60546875 0.02421875 0.03828125
0 0.9859375 0.75078125 0.01796875 0.04453125
3 0.92578125 0.47890625 0.021875 0.05859375
0 0.9265625 0.540625 0.01796875 0.02421875
3 0.86953125 0.31796875 0.02265625 0.05078125
0 0.87265625 0.38125 0.01640625 0.0234375
9 0.90625 0.34296875 0.02109375 0.04453125
2 0.865625 0.39140625 0.0234375 0.0359375
9 0.82109375 0.17265625 0.0171875 0.04375
3 0.8 0.16796875 0.01796875 0.040625
3 0.8078125 0.115625 0.01484375 0.03515625
3 0.76875 0.10546875 0.0171875 0.04140625
0 0.76953125 0.14765625 0.015625 0.01953125
9 0.76640625 0.06015625 0.01640625 0.03125
6 0.7109375 0.0234375 0.015625 0.03046875
3 0.746875 0.03359375 0.0140625 0.03125
1 0.3671875 0.02109375 0.0375 0.040625