10 0.134375 0.34453125 0.05234375 0.090625
2 0.1203125 0.4046875 0.02734375 0.028125
10 0.153125 0.23828125 0.0421875 0.08046875
10 0.19375 0.165625 0.0328125 0.06484375
2 0.18046875 0.20078125 0.01640625 0.02421875
10 0.2265625 0.16171875 0.04140625 0.06796875
2 0.2171875 0.1921875 0.021875 0.025
10 0.2109375 0.11875 0.03125 0.05390625
10 0.246875 0.10703125 0.03515625 0.0609375
10 0.27578125 0.06171875 0.0375 0.053125
2 0.36875 0.03828125 0.01328125 0.01875
10 0.3953125 0.0546875 0.0375 0.059375
1 0.4390625 0.10859375 0.04453125 0.04921875
10 0.35625 0.1109375 0.03984375 0.05625
1 0.39765625 0.09921875 0.04296875 0.06875
10 0.43203125 0.0484375 0.03984375 0.05546875
1 0.46875 0.04765625 0.0359375 0.04375
10 0.50859375 0.04296875 0.0359375 0.0546875
2 0.47578125 0.12890625 0.01953125 0.025
2 0.5328125 0.128125 0.01875 0.0234375
10 0.546875 0.03828125 0.03984375 0.0640625
1 0.59296875 0.04375 0.04296875 0.05546875
1 0.63671875 0.05546875 0.0390625 0.04921875
10 0.65390625 0.0953125 0.04296875 0.078125
1 0.56796875 0.096875 0.0453125 0.06171875
2 0.61328125 0.1296875 0.02109375 0.02421875
10 0.70625 0.1734375 0.0578125 0.08125
10 0.6578125 0.16875 0.05390625 0.0890625
2 0.62265625 0.203125 0.02421875 0.03046875
2 0.45625 0.2046875 0.03359375 0.0296875
2 0.41953125 0.2015625 0.025 0.028125
2 0.28828125 0.30390625 0.02890625 0.03515625
0 0.40625 0.27734375 0.0265625 0.0265625
1 0.46640625 0.246875 0.053125 0.06875
1 0.52890625 0.24375 0.07734375 0.10078125
5 0.52265625 0.296875 0.01328125 0.02421875
10 0.696875 0.26875 0.0609375 0.11171875
10 0.75078125 0.26640625 0.05625 0.12421875
1 0.77421875 0.3828125 0.05859375 0.10078125
1 0.71875 0.39375 0.0609375 0.10625
10 0.6578125 0.35703125 0.0625 0.13203125
10 0.58984375 0.35546875 0.08046875 0.14609375
7 0.66328125 0.43125 0.03359375 0.053125
2 0.53203125 0.41796875 0.03046875 0.053125
2 0.46171875 0.40859375 0.03984375 0.04453125
10 0.321875 0.36953125 0.0828125 0.109375
10 0.25625 0.36875 0.05546875 0.12421875
1 0.2 0.38828125 0.06171875 0.10546875
2 0.19453125 0.6046875 0.03359375 0.0609375
2 0.26015625 0.61953125 0.0375 0.07421875
10 0.425 0.50859375 0.08515625 0.15
7 0.42265625 0.60078125 0.06171875 0.06953125
1 0.74765625 0.521875 0.071875 0.16875
1 0.8203125 0.5359375 0.08046875 0.15703125
2 0.765625 0.6171875 0.0328125 0.04140625
10 0.71328125 0.03125 0.02578125 0.05390625
10 0.7453125 0.04609375 0.03359375 0.05
1 0.73359375 0.0796875 0.03828125 0.06484375
10 0.80078125 0.1296875 0.03515625 0.0515625
10 0.82265625 0.190625 0.034375 0.07421875
10 0.85546875 0.34375 0.0515625 0.109375
10 0.8984375 0.359375 0.04453125 0.09921875
10 0.96953125 0.70703125 0.06015625 0.096875
2 0.36875 0.3078125 0.0265625 0.03828125
10 0.48203125 0.09140625 0.05078125 0.06796875
2 0.49375 0.1296875 0.0203125 0.02421875
7 0.51640625 0.06796875 0.02578125 0.01953125
10 0.56875 0.159375 0.06171875 0.0859375
10 0.34453125 0.253125 0.06015625 0.13984375
10 0.4078125 0.24296875 0.06875 0.10078125
10 0.678125 0.53125 0.0796875 0.171875
2 0.71171875 0.81796875 0.0546875 0.09375
10 0.0875 0.74296875 0.0546875 0.16640625
10 0.146875 0.7359375 0.10234375 0.1546875
2 0.14453125 0.8390625 0.03671875 0.075
2 0.125 0.81875 0.0296875 0.059375
10 0.90625 0.49453125 0.06875 0.10859375
10 0.7859375 0.171875 0.040625 0.08828125
10 0.7609375 0.11953125 0.04140625 0.0765625
2 0.6796875 0.209375 0.02265625 0.03046875
2 0.71953125 0.21640625 0.02421875 0.0296875
3 0.08046875 0.73125 0.03359375 0.06484375
0 0.0875 0.80078125 0.02578125 0.0484375
2 0.08828125 0.84296875 0.03515625 0.05546875
0 0.11171875 0.79296875 0.02734375 0.03828125
3 0.1171875 0.69921875 0.03828125 0.08046875
1 0.15078125 0.54375 0.06484375 0.0984375
5 0.1375 0.60625 0.0171875 0.03828125
2 0.134375 0.61015625 0.0296875 0.05546875
3 0.1328125 0.53125 0.02890625 0.0640625
0 0.1203125 0.37890625 0.02109375 0.021875
3 0.12578125 0.3265625 0.021875 0.04921875
3 0.146875 0.22109375 0.01953125 0.04140625
5 0.15859375 0.27890625 0.0140625 0.0203125
3 0.18828125 0.15 0.01484375 0.03125
3 0.21953125 0.1515625 0.01640625 0.03984375
0 0.190625 0.18203125 0.01640625 0.0140625
3 0.20546875 0.11015625 0.0140625 0.03125
0 0.20546875 0.1390625 0.01484375 0.01484375
3 0.24140625 0.09375 0.01484375 0.03203125
0 0.2375 0.13125 0.01484375 0.0140625
9 0.26640625 0.053125 0.01640625 0.03046875
2 0.26953125 0.09296875 0.01796875 0.01796875
3 0.27734375 0.03203125 0.01484375 0.03203125
1 0.28125 0.0390625 0.021875 0.04453125
10 0.31015625 0.028125 0.03046875 0.05390625
5 0.30546875 0.05546875 0.0109375 0.0109375
3 0.30703125 0.01171875 0.01484375 0.02109375
1 0.36640625 0.02109375 0.0375 0.040625
3 0.396875 0.0421875 0.015625 0.03203125
3 0.43203125 0.03515625 0.01484375 0.03125
3 0.35078125 0.09921875 0.01796875 0.03359375
3 0.396875 0.08671875 0.02265625 0.04296875
3 0.46640625 0.0421875 0.01640625 0.03046875
3 0.44375 0.10546875 0.02109375 0.03671875
3 0.48125 0.0765625 0.02109375 0.03984375
0 0.35703125 0.13046875 0.01484375 0.01796875
0 0.390625 0.12578125 0.0171875 0.01953125
0 0.4296875 0.1265625 0.01328125 0.0234375
0 0.434375 0.06796875 0.01640625 0.01796875
0 0.48515625 0.11171875 0.015625 0.01875
3 0.515625 0.03046875 0.01484375 0.0296875
3 0.54453125 0.0234375 0.01484375 0.03125
0 0.54453125 0.05546875 0.01640625 0.01796875
2 0.54140625 0.07109375 0.02421875 0.02109375
3 0.596875 0.034375 0.01796875 0.03515625
2 0.59375 0.07265625 0.0203125 0.01953125
2 0.6125 0.0765625 0.01953125 0.01953125
0 0.5953125 0.0609375 0.01640625 0.01875
3 0.56875 0.08515625 0.01953125 0.03671875
3 0.6359375 0.046875 0.015625 0.03125
3 0.66015625 0.078125 0.01796875 0.040625
3 0.70546875 0.15546875 0.0203125 0.04609375
6 0.66015625 0.14765625 0.02109375 0.0453125
0 0.66015625 0.203125 0.01796875 0.021875
0 0.7046875 0.2015625 0.025 0.02421875
3 0.571875 0.14375 0.0234375 0.0484375
0 0.575 0.19296875 0.02109375 0.0234375
2 0.58828125 0.20703125 0.02109375 0.02421875
2 0.51015625 0.1984375 0.02265625 0.03046875
3 0.34453125 0.215625 0.02421875 0.0609375
3 0.40390625 0.2203125 0.025 0.05703125
3 0.46640625 0.240625 0.02578125 0.053125
0 0.4625 0.28046875 0.02109375 0.03359375
3 0.53671875 0.23125 0.02734375 0.0546875
0 0.5328125 0.28203125 0.02890625 0.03515625
3 0.7046875 0.24375 0.025 0.0484375
0 0.69921875 0.29921875 0.02109375 0.03046875
3 0.76015625 0.23203125 0.028125 0.059375
0 0.759375 0.3140625 0.02578125 0.028125
3 0.790625 0.36953125 0.0265625 0.05546875
0 0.78203125 0.41796875 0.02265625 0.03046875
8 0.725 0.40390625 0.0359375 0.0609375
3 0.659375 0.3265625 0.0296875 0.06015625
5 0.64453125 0.4328125 0.01640625 0.034375
3 0.5953125 0.328125 0.03125 0.06328125
0 0.59765625 0.41484375 0.03046875 0.03359375
3 0.31484375 0.3515625 0.0296875 0.06171875
0 0.3140625 0.403125 0.03515625 0.03359375
9 0.24609375 0.3375 0.0296875 0.05625
5 0.2546875 0.428125 0.021875 0.021875
3 0.18984375 0.38046875 0.0296875 0.05078125
0 0.190625 0.428125 0.01953125 0.0265625
10 0.34140625 0.49609375 0.08046875 0.17890625
3 0.3328125 0.44453125 0.03125 0.0703125
0 0.34375 0.56875 0.0296875 0.03125
9 0.40390625 0.4703125 0.04453125 0.071875
0 0.425 0.5703125 0.02890625 0.0296875
3 0.68515625 0.50703125 0.03828125 0.07578125
3 0.7640625 0.478125 0.03125 0.0703125
0 0.7625 0.5875 0.03203125 0.03203125
3 0.84140625 0.52578125 0.03671875 0.06953125
0 0.83515625 0.603125 0.021875 0.0296875
2 0.82578125 0.60703125 0.03359375 0.05390625
10 0.66015625 0.69375 0.09765625 0.19453125
3 0.684375 0.6421875 0.03671875 0.0859375
0 0.9859375 0.75 0.01796875 0.04453125
3 0.928125 0.48046875 0.0234375 0.05625
0 0.9265625 0.53828125 0.02109375 0.02578125
3 0.90625 0.3359375 0.02109375 0.04453125
0 0.8671875 0.38203125 0.021875 0.02578125
3 0.8671875 0.31484375 0.021875 0.05
3 0.82890625 0.17109375 0.01796875 0.03828125
9 0.79453125 0.1515625 0.02109375 0.040625
3 0.80703125 0.12109375 0.01640625 0.0359375
3 0.76953125 0.1046875 0.02109375 0.04296875
0 0.77109375 0.146875 0.01796875 0.01953125
3 0.74296875 0.0640625 0.01640625 0.03125
3 0.7453125 0.03671875 0.01328125 0.03125
6 0.71875 0.01953125 0.0140625 0.028125
5 0.7921875 0.23046875 0.01796875 0.01953125