2 0.0875 0.8390625 0.03359375 0.05625
2 0.12578125 0.81953125 0.03046875 0.0640625
2 0.14375 0.84140625 0.03828125 0.078125
0 0.09140625 0.803125 0.02109375 0.03046875
0 0.11640625 0.79296875 0.021875 0.034375
3 0.07890625 0.71875 0.02890625 0.06015625
3 0.1328125 0.7234375 0.03359375 0.05625
10 0.090625 0.7359375 0.0546875 0.15703125
10 0.15703125 0.74296875 0.10625 0.14375
2 0.72890625 0.84375 0.05078125 0.08671875
0 0.690625 0.815625 0.04140625 0.0453125
3 0.69765625 0.73046875 0.0375 0.075
10 0.67578125 0.7515625 0.115625 0.175
0 0.83125 0.60390625 0.01953125 0.02578125
2 0.82578125 0.60546875 0.034375 0.05546875
5 0.76328125 0.59453125 0.01484375 0.03203125
2 0.7625 0.60625 0.03359375 0.05625
3 0.8390625 0.51875 0.03125 0.05703125
1 0.8171875 0.5359375 0.07265625 0.15546875
3 0.76484375 0.47734375 0.0265625 0.0640625
10 0.7484375 0.5109375 0.06875 0.13046875
0 0.67890625 0.60546875 0.02734375 0.03515625
2 0.69453125 0.62421875 0.034375 0.05625
3 0.6875 0.50546875 0.0359375 0.07421875
10 0.67578125 0.5359375 0.08125 0.16953125
0 0.41484375 0.56953125 0.0265625 0.0296875
2 0.42265625 0.6 0.059375 0.06875
9 0.41171875 0.45703125 0.0421875 0.06640625
10 0.43125 0.50625 0.08203125 0.15859375
5 0.3484375 0.59296875 0.01640625 0.0359375
6 0.33203125 0.44140625 0.028125 0.06328125
10 0.340625 0.49296875 0.071875 0.171875
2 0.26015625 0.61796875 0.03671875 0.07109375
2 0.19375 0.60546875 0.03359375 0.0546875
2 0.13515625 0.60703125 0.028125 0.04921875
0 0.13515625 0.60390625 0.01796875 0.03359375
3 0.13125 0.5546875 0.02265625 0.0484375
1 0.14453125 0.55703125 0.06953125 0.08671875
2 0.11953125 0.403125 0.02578125 0.0265625
7 0.12578125 0.37421875 0.02265625 0.03125
3 0.1234375 0.31875 0.01953125 0.0390625
10 0.1375 0.33828125 0.04921875 0.07421875
0 0.19140625 0.428125 0.01640625 0.0234375
3 0.18984375 0.38125 0.0265625 0.0453125
1 0.19921875 0.38671875 0.05859375 0.10390625
0 0.25703125 0.421875 0.028125 0.02421875
3 0.25390625 0.36796875 0.02265625 0.04453125
1 0.2546875 0.37109375 0.05859375 0.1140625
0 0.3140625 0.39921875 0.03125 0.028125
3 0.3140625 0.35 0.02578125 0.05546875
1 0.32265625 0.36875 0.08125 0.090625
2 0.4609375 0.40703125 0.03828125 0.03203125
2 0.53203125 0.41953125 0.02734375 0.04453125
0 0.59765625 0.4109375 0.025 0.03046875
3 0.5953125 0.32578125 0.028125 0.0609375
10 0.58828125 0.35546875 0.07734375 0.140625
3 0.659375 0.31953125 0.028125 0.059375
7 0.66328125 0.42890625 0.03359375 0.0484375
5 0.64375 0.4328125 0.01171875 0.025
10 0.65703125 0.35546875 0.059375 0.13125
8 0.725 0.396875 0.03515625 0.04453125
1 0.71640625 0.39453125 0.059375 0.1046875
0 0.78046875 0.41796875 0.0203125 0.02578125
3 0.7890625 0.36875 0.025 0.05
2 0.790625 0.42421875 0.02734375 0.04296875
1 0.77421875 0.38203125 0.0546875 0.09140625
0 0.75859375 0.31328125 0.0234375 0.0265625
7 0.709375 0.30625 0.04453125 0.03828125
3 0.70390625 0.24375 0.02421875 0.04453125
3 0.759375 0.23203125 0.02421875 0.0515625
1 0.69609375 0.26875 0.0578125 0.10546875
10 0.75078125 0.2671875 0.05234375 0.1140625
0 0.70234375 0.20625 0.0171875 0.01796875
2 0.71875 0.21640625 0.02265625 0.0234375
3 0.709375 0.15625 0.0203125 0.03828125
1 0.70234375 0.175 0.05546875 0.08125
0 0.66015625 0.19375 0.028125 0.01796875
2 0.659375 0.21328125 0.0390625 0.025
2 0.62265625 0.203125 0.021875 0.021875
3 0.65078125 0.12890625 0.01796875 0.03828125
10 0.6515625 0.15546875 0.04453125 0.09375
0 0.5734375 0.1890625 0.02109375 0.01875
2 0.57890625 0.20546875 0.0375 0.021875
3 0.571875 0.14296875 0.02109375 0.04375
10 0.56953125 0.159375 0.06015625 0.075
2 0.51015625 0.19765625 0.02109375 0.025
2 0.45625 0.20390625 0.0296875 0.0234375
2 0.35078125 0.2078125 0.02265625 0.02109375
2 0.36875 0.3078125 0.0265625 0.0359375
2 0.3953125 0.29453125 0.03046875 0.01796875
3 0.334375 0.24140625 0.02578125 0.04453125
3 0.40625 0.2203125 0.0234375 0.0515625
10 0.34375 0.2609375 0.06171875 0.09140625
0 0.40703125 0.27734375 0.025 0.02109375
10 0.4078125 0.2421875 0.06484375 0.0953125
0 0.4625 0.28046875 0.0171875 0.02578125
3 0.46640625 0.2359375 0.02109375 0.04296875
3 0.53515625 0.23046875 0.025 0.0484375
0 0.53203125 0.28203125 0.02890625 0.0359375
10 0.46640625 0.2484375 0.05078125 0.06875
10 0.52890625 0.25 0.07421875 0.10546875
3 0.66015625 0.07890625 0.01796875 0.03671875
10 0.6546875 0.09375 0.04296875 0.0703125
2 0.6140625 0.12890625 0.01796875 0.01875
3 0.571875 0.08671875 0.0203125 0.03203125
10 0.56953125 0.0953125 0.040625 0.0609375
3 0.64140625 0.03515625 0.01484375 0.03125
3 0.59375 0.03125 0.01484375 0.034375
3 0.54140625 0.0296875 0.015625 0.0296875
0 0.53515625 0.059375 0.009375 0.01484375
10 0.546875 0.04140625 0.03671875 0.053125
0 0.59765625 0.06484375 0.01171875 0.01484375
10 0.59296875 0.04375 0.04296875 0.05703125
2 0.6109375 0.078125 0.02109375 0.01328125
2 0.5421875 0.071875 0.02578125 0.01875
3 0.515625 0.03203125 0.0125 0.0296875
7 0.51640625 0.065625 0.028125 0.0234375
10 0.51015625 0.04375 0.040625 0.0484375
0 0.465625 0.05859375 0.01640625 0.01015625
3 0.46796875 0.03125 0.01171875 0.02890625
10 0.46875 0.04296875 0.03515625 0.04609375
10 0.48359375 0.08984375 0.05078125 0.06328125
3 0.48203125 0.075 0.01796875 0.03359375
0 0.48203125 0.11171875 0.01875 0.01640625
2 0.47578125 0.1296875 0.01875 0.0203125
2 0.49296875 0.12890625 0.0171875 0.01796875
0 0.4296875 0.12421875 0.01328125 0.0203125
8 0.44375 0.1046875 0.01953125 0.0296875
1 0.43828125 0.11015625 0.04296875 0.04453125
0 0.43203125 0.06875 0.01640625 0.01328125
3 0.4296875 0.0328125 0.0125 0.0265625
10 0.43125 0.046875 0.03984375 0.05625
3 0.396875 0.0421875 0.0140625 0.02890625
10 0.39453125 0.05234375 0.0375 0.05078125
0 0.390625 0.1265625 0.0171875 0.01484375
3 0.39765625 0.08671875 0.01953125 0.034375
3 0.3515625 0.09375 0.01484375 0.03515625
0 0.35703125 0.13203125 0.01484375 0.01875
10 0.35390625 0.1078125 0.046875 0.065625
10 0.39765625 0.09765625 0.03984375 0.06796875
2 0.390625 0.1390625 0.0171875 0.0109375
7 0.36640625 0.03515625 0.015625 0.01875
3 0.36953125 0.0109375 0.0125 0.01953125
1 0.3671875 0.01953125 0.03515625 0.03671875
3 0.71875 0.02421875 0.0125 0.028125
10 0.7125 0.0328125 0.02890625 0.046875
3 0.74609375 0.0359375 0.01015625 0.028125
10 0.74296875 0.046875 0.03203125 0.0484375
3 0.74140625 0.06796875 0.01171875 0.021875
10 0.73203125 0.08046875 0.03828125 0.05625
3 0.76875 0.10546875 0.0171875 0.03828125
0 0.76953125 0.14609375 0.015625 0.01484375
10 0.75546875 0.14921875 0.0484375 0.1296875
3 0.80390625 0.11875 0.01484375 0.03203125
10 0.80078125 0.13046875 0.03203125 0.05390625
3 0.80078125 0.1640625 0.01875 0.03671875
3 0.82578125 0.17109375 0.01640625 0.0359375
10 0.78828125 0.1796875 0.04453125 0.06640625
10 0.82265625 0.1875 0.02734375 0.06953125
0 0.903125 0.3953125 0.01796875 0.02421875
0 0.86875 0.38515625 0.0140625 0.01875
2 0.865625 0.390625 0.02421875 0.0296875
3 0.86484375 0.31796875 0.02109375 0.04375
3 0.90703125 0.3359375 0.01796875 0.04453125
10 0.85078125 0.34453125 0.05546875 0.0984375
10 0.896875 0.35859375 0.03984375 0.09609375
0 0.92578125 0.5375 0.01875 0.01953125
2 0.921875 0.54140625 0.0234375 0.046875
3 0.928125 0.478125 0.02109375 0.0515625
1 0.90625 0.49296875 0.0640625 0.1046875
0 0.98515625 0.75078125 0.01484375 0.03671875
2 0.98515625 0.76796875 0.02109375 0.03671875
1 0.96796875 0.70859375 0.0640625 0.0859375
0 0.153125 0.27578125 0.01953125 0.01875
3 0.15078125 0.23046875 0.01640625 0.03515625
10 0.15625 0.2421875 0.03984375 0.08046875
3 0.1875 0.15234375 0.01328125 0.025
3 0.21953125 0.15234375 0.01640625 0.03828125
3 0.20390625 0.11015625 0.0125 0.02421875
3 0.2375 0.10390625 0.0140625 0.0265625
2 0.18046875 0.20078125 0.0140625 0.01875
2 0.2171875 0.19140625 0.01875 0.01953125
10 0.19375 0.16328125 0.0328125 0.05625
10 0.22578125 0.165625 0.03828125 0.06484375
10 0.2109375 0.11796875 0.03046875 0.0453125
10 0.2453125 0.115625 0.03359375 0.0515625
0 0.2703125 0.090625 0.01796875 0.0140625
3 0.26953125 0.06640625 0.01328125 0.02578125
1 0.278125 0.0734375 0.04140625 0.04453125
6 0.27890625 0.02109375 0.0125 0.021875
10 0.27890625 0.03203125 0.02578125 0.0453125
0 0.296875 0.046875 0.00703125 0.0109375
3 0.30390625 0.01796875 0.01328125 0.02421875
10 0.30859375 0.03046875 0.0328125 0.053125