2 0.0875 0.84140625 0.03359375 0.05625
2 0.12578125 0.81875 0.03046875 0.0609375
2 0.14453125 0.84140625 0.0375 0.07578125
0 0.08828125 0.79296875 0.01953125 0.0359375
0 0.1125 0.79375 0.02109375 0.0390625
3 0.08359375 0.73203125 0.03359375 0.05546875
3 0.128125 0.725 0.03671875 0.06875
10 0.08828125 0.73984375 0.06015625 0.14609375
10 0.15625 0.74375 0.10546875 0.140625
0 0.690625 0.81640625 0.0390625 0.04453125
3 0.696875 0.71640625 0.0359375 0.07109375
10 0.67578125 0.7484375 0.11328125 0.18125
2 0.72890625 0.84296875 0.05078125 0.08828125
0 0.8296875 0.6125 0.02265625 0.04375
0 0.75625 0.59140625 0.02734375 0.04296875
3 0.7734375 0.54453125 0.02890625 0.06171875
3 0.83671875 0.51875 0.0328125 0.06015625
10 0.81875 0.5484375 0.0703125 0.1796875
1 0.7515625 0.54375 0.075 0.1109375
2 0.7625 0.6109375 0.03203125 0.04453125
0 0.6796875 0.60546875 0.02578125 0.034375
2 0.69375 0.6234375 0.0328125 0.05546875
3 0.68515625 0.50625 0.03359375 0.0734375
10 0.67578125 0.5359375 0.078125 0.16953125
0 0.4234375 0.578125 0.02734375 0.03828125
2 0.4234375 0.6015625 0.05625 0.06484375
9 0.409375 0.471875 0.04453125 0.06953125
10 0.4296875 0.51171875 0.08515625 0.14453125
5 0.3484375 0.59296875 0.01640625 0.0359375
3 0.3328125 0.44375 0.02734375 0.06640625
10 0.33828125 0.49296875 0.08203125 0.17109375
2 0.26015625 0.61875 0.03515625 0.06875
2 0.19453125 0.60546875 0.034375 0.05546875
5 0.1375 0.60625 0.0109375 0.03046875
2 0.13515625 0.60625 0.02734375 0.04609375
3 0.13203125 0.54375 0.02421875 0.04609375
1 0.1453125 0.5515625 0.07109375 0.090625
0 0.19140625 0.428125 0.01796875 0.0234375
0 0.25625 0.425 0.02734375 0.01875
0 0.31484375 0.403125 0.0328125 0.0265625
3 0.18984375 0.38125 0.0265625 0.0453125
3 0.25234375 0.36015625 0.0234375 0.04453125
3 0.3140625 0.3484375 0.02734375 0.05625
1 0.19765625 0.38671875 0.05703125 0.09453125
1 0.2515625 0.3734375 0.059375 0.11953125
1 0.32265625 0.36796875 0.08125 0.09375
2 0.4609375 0.40625 0.03671875 0.03125
2 0.53203125 0.41875 0.028125 0.04453125
0 0.59609375 0.409375 0.02421875 0.03125
3 0.5953125 0.32578125 0.028125 0.0609375
3 0.66015625 0.31875 0.028125 0.06328125
10 0.5890625 0.35546875 0.078125 0.1390625
10 0.65703125 0.35390625 0.06171875 0.13203125
7 0.6625 0.428125 0.03359375 0.04921875
8 0.725 0.4015625 0.03515625 0.04921875
1 0.7171875 0.39453125 0.05859375 0.10625
0 0.78125 0.415625 0.01953125 0.0265625
2 0.7890625 0.42421875 0.03359375 0.04375
3 0.78828125 0.36796875 0.02421875 0.04921875
1 0.775 0.38046875 0.0546875 0.090625
0 0.75859375 0.31171875 0.0234375 0.0203125
0 0.69765625 0.2984375 0.02109375 0.02109375
3 0.75859375 0.23125 0.02421875 0.0515625
3 0.703125 0.24296875 0.0234375 0.04453125
2 0.71015625 0.309375 0.03984375 0.03125
10 0.696875 0.26875 0.05859375 0.10390625
10 0.75078125 0.2671875 0.05234375 0.11015625
0 0.5265625 0.28125 0.01953125 0.0265625
3 0.5328125 0.23125 0.025 0.046875
0 0.4625 0.28125 0.0171875 0.025
3 0.46640625 0.2375 0.025 0.04375
10 0.528125 0.2484375 0.07421875 0.10625
10 0.46640625 0.24921875 0.05 0.06953125
0 0.40546875 0.27734375 0.0265625 0.025
2 0.3953125 0.29296875 0.02890625 0.01796875
2 0.36953125 0.30703125 0.02578125 0.03515625
7 0.34609375 0.29140625 0.0203125 0.03359375
3 0.40390625 0.21796875 0.02421875 0.053125
3 0.33828125 0.2359375 0.028125 0.04453125
10 0.3453125 0.259375 0.06015625 0.09375
9 0.40703125 0.24375 0.06328125 0.09453125
2 0.35390625 0.20625 0.02109375 0.015625
2 0.45625 0.203125 0.03046875 0.025
2 0.41875 0.1984375 0.02265625 0.01953125
2 0.51015625 0.19609375 0.021875 0.02421875
2 0.57109375 0.2046875 0.0203125 0.021875
0 0.57265625 0.190625 0.02109375 0.01796875
3 0.56953125 0.14609375 0.01953125 0.04375
10 0.56953125 0.16015625 0.06171875 0.06875
2 0.621875 0.20390625 0.02265625 0.021875
0 0.66015625 0.196875 0.01484375 0.01875
2 0.6578125 0.20859375 0.040625 0.01953125
3 0.659375 0.1484375 0.01796875 0.04296875
10 0.6578125 0.16796875 0.05546875 0.08046875
0 0.70234375 0.20546875 0.01640625 0.01875
2 0.71953125 0.215625 0.021875 0.02421875
3 0.70703125 0.159375 0.02265625 0.04375
1 0.70390625 0.17421875 0.05078125 0.08125
3 0.659375 0.07890625 0.01796875 0.03671875
10 0.6546875 0.09453125 0.04140625 0.0734375
2 0.6140625 0.128125 0.01953125 0.02109375
3 0.57265625 0.0859375 0.01953125 0.03203125
10 0.56875 0.09453125 0.04140625 0.06171875
2 0.47734375 0.12890625 0.01796875 0.0203125
2 0.4921875 0.12890625 0.01875 0.01796875
3 0.48125 0.07421875 0.01796875 0.03359375
0 0.48203125 0.11015625 0.02109375 0.01875
10 0.48359375 0.0890625 0.0515625 0.06328125
0 0.4296875 0.12421875 0.0125 0.01875
8 0.44375 0.10625 0.01953125 0.03046875
1 0.43828125 0.109375 0.04296875 0.04453125
0 0.390625 0.125 0.01640625 0.01875
0 0.35703125 0.13125 0.01484375 0.01953125
3 0.396875 0.08515625 0.01953125 0.03125
3 0.35234375 0.09375 0.01640625 0.03515625
10 0.353125 0.109375 0.04609375 0.06875
10 0.396875 0.09453125 0.0390625 0.06171875
3 0.396875 0.04296875 0.0140625 0.0265625
3 0.4296875 0.03203125 0.01171875 0.0265625
3 0.46640625 0.04296875 0.01328125 0.0265625
10 0.39375 0.0515625 0.03671875 0.05078125
10 0.43125 0.04609375 0.03828125 0.05625
0 0.4328125 0.06875 0.01640625 0.0109375
1 0.46640625 0.04765625 0.034375 0.04375
2 0.36875 0.0390625 0.0125 0.01328125
3 0.37109375 0.01015625 0.01171875 0.01875
1 0.36640625 0.01953125 0.03515625 0.03671875
7 0.51640625 0.06484375 0.028125 0.02421875
0 0.5328125 0.059375 0.01015625 0.01328125
3 0.51875 0.03125 0.0140625 0.02578125
9 0.5421875 0.02578125 0.01640625 0.03125
10 0.51328125 0.04296875 0.03671875 0.046875
10 0.546875 0.03984375 0.0390625 0.05390625
2 0.5421875 0.07109375 0.02421875 0.01953125
0 0.59765625 0.065625 0.01171875 0.01328125
2 0.61171875 0.078125 0.0203125 0.01484375
2 0.59375 0.06875 0.0171875 0.01953125
3 0.59375 0.0359375 0.015625 0.03046875
1 0.59140625 0.04453125 0.04375 0.0515625
3 0.63984375 0.03515625 0.01328125 0.03125
10 0.6359375 0.046875 0.03828125 0.05546875
6 0.71484375 0.01875 0.0125 0.028125
10 0.7140625 0.03125 0.02734375 0.05859375
3 0.740625 0.03203125 0.01171875 0.02578125
10 0.74375 0.04375 0.03203125 0.0484375
3 0.7421875 0.06640625 0.01484375 0.02578125
10 0.73125 0.090625 0.0390625 0.071875
3 0.76875 0.10546875 0.015625 0.0390625
3 0.8046875 0.11953125 0.01484375 0.03359375
0 0.76953125 0.14609375 0.01484375 0.01953125
10 0.75546875 0.15078125 0.04765625 0.13046875
3 0.80078125 0.159375 0.021875 0.03671875
10 0.78828125 0.1796875 0.04609375 0.071875
3 0.82890625 0.16875 0.01640625 0.0359375
10 0.82265625 0.18671875 0.02890625 0.06875
0 0.86640625 0.384375 0.01953125 0.01875
3 0.86640625 0.31640625 0.021875 0.04375
10 0.85078125 0.34296875 0.05859375 0.103125
3 0.90390625 0.3328125 0.01953125 0.03984375
10 0.8984375 0.359375 0.04140625 0.09375
0 0.92734375 0.5390625 0.01796875 0.02109375
2 0.921875 0.54140625 0.02265625 0.046875
3 0.928125 0.47734375 0.02265625 0.053125
1 0.90546875 0.49453125 0.06640625 0.10703125
0 0.984375 0.7515625 0.01484375 0.0359375
1 0.96796875 0.70546875 0.0640625 0.0921875
0 0.12578125 0.3671875 0.01953125 0.02109375
2 0.11953125 0.403125 0.02578125 0.02421875
3 0.125 0.321875 0.01796875 0.04375
10 0.1375 0.33984375 0.0484375 0.078125
5 0.15859375 0.27890625 0.01015625 0.01484375
3 0.1453125 0.2203125 0.01796875 0.0390625
10 0.15390625 0.2375 0.03984375 0.06953125
2 0.1796875 0.2 0.01484375 0.01875
2 0.21796875 0.19140625 0.01953125 0.01953125
3 0.18828125 0.14921875 0.01328125 0.03046875
3 0.21953125 0.1515625 0.01640625 0.0390625
10 0.19375 0.16328125 0.0328125 0.05546875
10 0.228125 0.1609375 0.0390625 0.05625
3 0.20390625 0.109375 0.01171875 0.02109375
0 0.20546875 0.13828125 0.0140625 0.01171875
10 0.21015625 0.11796875 0.03046875 0.04375
3 0.2375 0.103125 0.01328125 0.028125
10 0.2453125 0.1140625 0.03203125 0.053125
0 0.27109375 0.090625 0.0171875 0.0140625
3 0.26875 0.06875 0.0140625 0.02578125
1 0.278125 0.071875 0.0421875 0.04453125
6 0.27578125 0.028125 0.01171875 0.0203125
10 0.2796875 0.034375 0.02890625 0.04375
0 0.303125 0.0484375 0.01015625 0.00703125
3 0.30625 0.01796875 0.01171875 0.025
10 0.30859375 0.03046875 0.0328125 0.05
2 0.5875 0.20703125 0.021875 0.0265625