10 0.1375 0.34296875 0.04921875 0.08046875
2 0.1203125 0.4046875 0.02734375 0.028125
10 0.153125 0.234375 0.0421875 0.075
10 0.19375 0.165625 0.0328125 0.06484375
2 0.18046875 0.20078125 0.01640625 0.02421875
10 0.22734375 0.16328125 0.03984375 0.06171875
2 0.2171875 0.1921875 0.021875 0.025
10 0.21015625 0.11875 0.03203125 0.05546875
10 0.24453125 0.1140625 0.03359375 0.05546875
10 0.27890625 0.06015625 0.03515625 0.05546875
2 0.3671875 0.03828125 0.01328125 0.01875
10 0.39453125 0.05390625 0.03828125 0.059375
1 0.4390625 0.109375 0.04453125 0.04921875
10 0.35546875 0.11171875 0.04140625 0.05546875
1 0.3953125 0.10078125 0.04296875 0.06953125
10 0.43203125 0.04609375 0.040625 0.06015625
1 0.46875 0.046875 0.0359375 0.04375
10 0.5109375 0.0421875 0.034375 0.05625
2 0.47578125 0.12890625 0.01953125 0.025
2 0.534375 0.128125 0.01875 0.0234375
10 0.54765625 0.040625 0.03828125 0.05546875
1 0.5921875 0.04375 0.04375 0.05859375
10 0.634375 0.053125 0.03828125 0.0609375
10 0.6546875 0.0984375 0.04296875 0.0796875
1 0.56875 0.09453125 0.0453125 0.06171875
2 0.61328125 0.1296875 0.02109375 0.02421875
10 0.70703125 0.171875 0.05859375 0.08671875
10 0.65703125 0.16953125 0.05703125 0.09296875
2 0.62265625 0.203125 0.02421875 0.03046875
2 0.45625 0.2046875 0.03359375 0.0296875
2 0.41875 0.2 0.0265625 0.03125
2 0.2875 0.30390625 0.02890625 0.034375
0 0.40625 0.27734375 0.0265625 0.0265625
1 0.46640625 0.24765625 0.053125 0.06953125
10 0.52890625 0.24296875 0.07734375 0.09921875
5 0.5234375 0.2984375 0.01484375 0.02421875
10 0.6953125 0.26875 0.06015625 0.11015625
10 0.75078125 0.26796875 0.05546875 0.1203125
1 0.77421875 0.384375 0.0609375 0.1
1 0.71875 0.39453125 0.06328125 0.10625
10 0.65703125 0.35546875 0.0625 0.1390625
10 0.5890625 0.35703125 0.08046875 0.14609375
7 0.66484375 0.43046875 0.0328125 0.0515625
2 0.53203125 0.41875 0.03046875 0.053125
2 0.46171875 0.409375 0.03984375 0.04453125
10 0.32265625 0.3703125 0.08359375 0.109375
1 0.253125 0.36875 0.06484375 0.12109375
1 0.19921875 0.38515625 0.059375 0.1
2 0.19453125 0.6046875 0.03359375 0.0609375
10 0.34140625 0.49609375 0.08203125 0.175
2 0.26015625 0.61796875 0.03984375 0.0765625
10 0.428125 0.515625 0.0765625 0.14609375
7 0.42265625 0.59765625 0.06171875 0.06953125
1 0.753125 0.5484375 0.07734375 0.11953125
1 0.81875 0.546875 0.07421875 0.1734375
0 0.75625 0.59296875 0.03203125 0.0453125
10 0.7140625 0.03359375 0.02734375 0.05859375
10 0.74453125 0.046875 0.03046875 0.05078125
10 0.7328125 0.0796875 0.040625 0.06484375
10 0.80078125 0.13046875 0.034375 0.0546875
10 0.82265625 0.19609375 0.03515625 0.05625
10 0.85703125 0.34453125 0.05078125 0.11015625
10 0.89921875 0.3609375 0.04453125 0.09921875
10 0.96953125 0.709375 0.06015625 0.096875
2 0.36875 0.309375 0.0265625 0.040625
10 0.4828125 0.09140625 0.053125 0.0734375
2 0.49375 0.1296875 0.0203125 0.02421875
2 0.5171875 0.06796875 0.025 0.01953125
10 0.56953125 0.1640625 0.0625 0.071875
10 0.34453125 0.259375 0.06328125 0.10078125
10 0.40703125 0.24375 0.06640625 0.1
10 0.67734375 0.534375 0.08125 0.175
2 0.69453125 0.62734375 0.034375 0.05859375
2 0.72890625 0.84453125 0.05546875 0.09375
10 0.0890625 0.73984375 0.065625 0.1515625
10 0.1625 0.7421875 0.09453125 0.146875
2 0.14453125 0.8390625 0.03671875 0.075
2 0.1234375 0.83203125 0.02734375 0.04375
10 0.90703125 0.496875 0.06875 0.1109375
10 0.7875 0.171875 0.03984375 0.08125
10 0.7609375 0.11953125 0.03984375 0.0734375
2 0.7203125 0.21875 0.02109375 0.02109375
3 0.0765625 0.73046875 0.03359375 0.07421875
0 0.0875 0.79375 0.02265625 0.03984375
0 0.1265625 0.79765625 0.02421875 0.04375
2 0.08828125 0.84140625 0.034375 0.05859375
3 0.13515625 0.72890625 0.03515625 0.0765625
1 0.14765625 0.55390625 0.06953125 0.10390625
0 0.13515625 0.6046875 0.02109375 0.0390625
3 0.13515625 0.53984375 0.028125 0.059375
6 0.3296875 0.44453125 0.03203125 0.06953125
5 0.3484375 0.59375 0.021875 0.04609375
3 0.42578125 0.48125 0.03359375 0.0796875
0 0.4234375 0.56875 0.028125 0.0296875
0 0.12578125 0.3703125 0.02421875 0.02578125
3 0.125 0.328125 0.02109375 0.04609375
3 0.146875 0.221875 0.01953125 0.0453125
3 0.18828125 0.1515625 0.01640625 0.03046875
3 0.21875 0.14921875 0.01640625 0.04296875
3 0.20390625 0.11015625 0.01484375 0.03125
0 0.20390625 0.1390625 0.015625 0.01484375
3 0.2375 0.1046875 0.01484375 0.03359375
9 0.271875 0.04765625 0.01640625 0.03046875
2 0.26875 0.09375 0.0171875 0.01875
10 0.30703125 0.03046875 0.03203125 0.05703125
3 0.30390625 0.01875 0.01328125 0.02578125
0 0.3 0.0515625 0.01171875 0.01328125
1 0.3671875 0.02109375 0.03671875 0.040625
3 0.396875 0.0421875 0.01640625 0.03203125
3 0.4296875 0.034375 0.01484375 0.03359375
3 0.46640625 0.04140625 0.01484375 0.03046875
3 0.396875 0.08671875 0.02109375 0.040625
3 0.35078125 0.1015625 0.01796875 0.0359375
3 0.44375 0.10625 0.02265625 0.03984375
0 0.3578125 0.13046875 0.01328125 0.01796875
0 0.38984375 0.1265625 0.01953125 0.01953125
0 0.4296875 0.1265625 0.01328125 0.02578125
0 0.4328125 0.06953125 0.01796875 0.01875
0 0.48125 0.1140625 0.01953125 0.02421875
3 0.51328125 0.03125 0.01484375 0.03203125
3 0.546875 0.03046875 0.01484375 0.03359375
2 0.54140625 0.071875 0.02421875 0.02109375
3 0.48125 0.07421875 0.01953125 0.040625
3 0.59765625 0.03515625 0.01796875 0.03671875
3 0.56953125 0.0859375 0.01796875 0.03671875
5 0.5703125 0.12578125 0.015625 0.01171875
3 0.56875 0.15078125 0.02421875 0.04453125
0 0.5953125 0.06328125 0.01484375 0.01875
0 0.571875 0.18984375 0.02109375 0.0203125
2 0.59453125 0.07265625 0.021875 0.01953125
2 0.61171875 0.0765625 0.01875 0.01875
3 0.640625 0.0390625 0.01796875 0.03046875
3 0.66015625 0.0796875 0.02109375 0.040625
3 0.70625 0.15546875 0.0203125 0.04609375
0 0.70625 0.203125 0.0234375 0.02421875
0 0.6609375 0.20390625 0.01796875 0.02109375
3 0.66015625 0.14765625 0.02265625 0.04375
3 0.759375 0.2359375 0.0265625 0.0546875
3 0.703125 0.24375 0.0234375 0.05078125
0 0.7 0.30390625 0.0203125 0.028125
0 0.759375 0.315625 0.02421875 0.02890625
3 0.534375 0.23046875 0.0265625 0.05390625
2 0.5109375 0.19921875 0.02421875 0.03203125
0 0.5328125 0.284375 0.03046875 0.0359375
3 0.46640625 0.24296875 0.02734375 0.053125
0 0.46328125 0.28046875 0.01953125 0.03828125
3 0.4046875 0.221875 0.02578125 0.05859375
3 0.3484375 0.2375 0.025 0.05625
7 0.34453125 0.290625 0.02578125 0.03671875
3 0.190625 0.38125 0.0296875 0.053125
0 0.19140625 0.428125 0.01953125 0.02890625
3 0.253125 0.35546875 0.02421875 0.0546875
0 0.25234375 0.41953125 0.02578125 0.03515625
3 0.31640625 0.35 0.03046875 0.06484375
0 0.3140625 0.4015625 0.03359375 0.03125
3 0.5953125 0.328125 0.03125 0.06328125
0 0.59765625 0.41484375 0.02890625 0.03515625
3 0.659375 0.32109375 0.0296875 0.06796875
5 0.64453125 0.434375 0.01796875 0.03515625
8 0.725 0.403125 0.0359375 0.059375
3 0.78984375 0.36953125 0.0265625 0.05546875
3 0.83828125 0.5234375 0.03359375 0.06796875
0 0.834375 0.60234375 0.02109375 0.0265625
3 0.77265625 0.54921875 0.03359375 0.0703125
3 0.6859375 0.50859375 0.03828125 0.0765625
0 0.6796875 0.60390625 0.03046875 0.0359375
3 0.69765625 0.70546875 0.04140625 0.0859375
0 0.69375 0.84140625 0.0265625 0.059375
10 0.671875 0.75703125 0.1171875 0.209375
0 0.98515625 0.7515625 0.01875 0.04375
0 0.9265625 0.53828125 0.02109375 0.021875
3 0.928125 0.47734375 0.02421875 0.05625
0 0.7796875 0.4203125 0.02421875 0.028125
3 0.86640625 0.31796875 0.02265625 0.05
0 0.8671875 0.38671875 0.02421875 0.01953125
3 0.90546875 0.3359375 0.02109375 0.04453125
9 0.7953125 0.1515625 0.02109375 0.04375
3 0.8296875 0.19140625 0.01875 0.04375
5 0.79296875 0.23046875 0.015625 0.01875
3 0.80703125 0.12109375 0.015625 0.03828125
3 0.76875 0.10546875 0.0203125 0.04296875
3 0.74296875 0.06484375 0.015625 0.03515625
3 0.74609375 0.03828125 0.0125 0.03125
6 0.7140625 0.02109375 0.01484375 0.0296875
0 0.7703125 0.14765625 0.015625 0.01953125