10 0.1375 0.34375 0.046875 0.09453125
2 0.121875 0.403125 0.02578125 0.0296875
10 0.178125 0.23125 0.04296875 0.1046875
10 0.1484375 0.2359375 0.03203125 0.08125
10 0.1875 0.16796875 0.03046875 0.05859375
10 0.21640625 0.1640625 0.04296875 0.078125
7 0.21640625 0.1921875 0.028125 0.02109375
10 0.24609375 0.10546875 0.0328125 0.059375
10 0.2109375 0.11796875 0.034375 0.05078125
1 0.27578125 0.06796875 0.04140625 0.0453125
1 0.27890625 0.03984375 0.03203125 0.05
1 0.3078125 0.03046875 0.03359375 0.0484375
1 0.3921875 0.0609375 0.04609375 0.04453125
1 0.34453125 0.11328125 0.05 0.06171875
10 0.43203125 0.046875 0.03984375 0.05546875
10 0.43203125 0.0984375 0.04453125 0.06875
1 0.478125 0.09375 0.0546875 0.06640625
10 0.4703125 0.0375 0.03828125 0.05625
10 0.5109375 0.04296875 0.0375 0.05703125
10 0.55078125 0.04296875 0.03984375 0.05625
10 0.52578125 0.0921875 0.04296875 0.075
10 0.56328125 0.0890625 0.03984375 0.0734375
10 0.59375 0.04296875 0.04453125 0.05859375
1 0.6375 0.05546875 0.03984375 0.05
10 0.60703125 0.0921875 0.04765625 0.06796875
10 0.653125 0.09375 0.04453125 0.08046875
1 0.6984375 0.16875 0.05625 0.08671875
10 0.653125 0.1609375 0.04296875 0.08046875
10 0.6109375 0.14375 0.046875 0.1
10 0.56640625 0.15625 0.05546875 0.08828125
2 0.48203125 0.13125 0.01953125 0.0265625
10 0.50703125 0.15234375 0.04609375 0.08828125
10 0.45078125 0.1609375 0.059375 0.09375
10 0.39453125 0.096875 0.04140625 0.08125
10 0.4 0.1640625 0.0546875 0.1015625
1 0.35390625 0.171875 0.04453125 0.06953125
1 0.3125 0.190625 0.0453125 0.08828125
1 0.26953125 0.19375 0.04375 0.059375
10 0.240625 0.2609375 0.05703125 0.11875
10 0.28828125 0.25546875 0.05546875 0.1
10 0.346875 0.2484375 0.0609375 0.10625
1 0.4078125 0.24609375 0.06796875 0.1
1 0.46875 0.253125 0.05703125 0.06953125
10 0.52890625 0.240625 0.06953125 0.0984375
10 0.63203125 0.253125 0.06328125 0.109375
10 0.69453125 0.24921875 0.05390625 0.09453125
10 0.75 0.275 0.05703125 0.11875
2 0.6734375 0.30546875 0.028125 0.03515625
2 0.69921875 0.30625 0.0265625 0.03828125
10 0.7765625 0.38125 0.05625 0.10859375
1 0.7203125 0.37734375 0.06640625 0.103125
1 0.65390625 0.36796875 0.06484375 0.1234375
1 0.584375 0.3609375 0.07890625 0.13359375
8 0.73515625 0.39296875 0.03125 0.0640625
8 0.659375 0.38359375 0.03046875 0.05546875
5 0.64921875 0.43125 0.0203125 0.0359375
5 0.7296875 0.43828125 0.02265625 0.03046875
10 0.50703125 0.36796875 0.06953125 0.15625
10 0.45390625 0.33125 0.05859375 0.1265625
10 0.38515625 0.3375 0.08359375 0.14375
1 0.309375 0.38125 0.08046875 0.11171875
1 0.253125 0.3734375 0.05234375 0.10546875
10 0.19921875 0.38828125 0.05546875 0.11328125
1 0.14765625 0.5578125 0.071875 0.09921875
10 0.21953125 0.53046875 0.06328125 0.11328125
1 0.26953125 0.55390625 0.08671875 0.10703125
10 0.35078125 0.53671875 0.08203125 0.16875
10 0.43203125 0.51953125 0.08046875 0.1453125
10 0.6 0.528125 0.10078125 0.14609375
1 0.684375 0.5375 0.0828125 0.14375
10 0.75546875 0.540625 0.07578125 0.125
1 0.8234375 0.54296875 0.07265625 0.15625
10 0.675 0.75625 0.11640625 0.203125
2 0.525 0.9390625 0.06171875 0.121875
10 0.965625 0.70625 0.06796875 0.11171875
0 0.99140625 0.7453125 0.01640625 0.0390625
10 0.903125 0.50625 0.06328125 0.16015625
1 0.86015625 0.35625 0.05234375 0.10625
1 0.9015625 0.36484375 0.040625 0.09609375
1 0.8234375 0.25625 0.05625 0.07890625
10 0.86015625 0.26484375 0.03515625 0.06640625
10 0.7953125 0.18046875 0.04453125 0.071875
5 0.79296875 0.2296875 0.0140625 0.01875
10 0.83203125 0.19296875 0.0375 0.06796875
10 0.75625 0.11875 0.04140625 0.08359375
10 0.79765625 0.128125 0.03203125 0.06328125
1 0.78125 0.096875 0.0265625 0.04453125
1 0.73515625 0.07734375 0.02890625 0.046875
10 0.71328125 0.040625 0.03046875 0.05859375
1 0.7453125 0.0546875 0.025 0.03671875
2 0.3875 0.43125 0.05234375 0.053125
2 0.45390625 0.40859375 0.05078125 0.0484375
2 0.240625 0.4484375 0.0296875 0.04453125
5 0.5015625 0.20546875 0.01171875 0.021875
3 0.125 0.32421875 0.02109375 0.04375
7 0.13125 0.36796875 0.0234375 0.03828125
9 0.1453125 0.21875 0.02109375 0.040625
3 0.16640625 0.203125 0.01875 0.0453125
3 0.1859375 0.15546875 0.01484375 0.03125
3 0.21484375 0.14296875 0.0171875 0.04140625
3 0.209375 0.10859375 0.0140625 0.03125
3 0.2421875 0.09296875 0.01484375 0.03046875
3 0.27265625 0.06640625 0.01484375 0.03046875
0 0.26953125 0.0890625 0.01328125 0.01484375
3 0.33125 0.09921875 0.02265625 0.03046875
3 0.396875 0.08125 0.02109375 0.04140625
9 0.42578125 0.08125 0.02265625 0.034375
3 0.42890625 0.0375 0.01328125 0.03046875
3 0.4703125 0.02578125 0.01328125 0.03046875
3 0.484375 0.08046875 0.0203125 0.040625
3 0.51484375 0.03125 0.01484375 0.03203125
7 0.5109375 0.06875 0.01875 0.021875
0 0.52890625 0.11796875 0.01953125 0.02109375
3 0.53203125 0.071875 0.01953125 0.04453125
3 0.56015625 0.0734375 0.01953125 0.04453125
3 0.553125 0.03046875 0.0171875 0.03515625
3 0.596875 0.03125 0.01640625 0.0359375
3 0.64453125 0.04921875 0.01640625 0.03125
3 0.61328125 0.07890625 0.02109375 0.03515625
3 0.6546875 0.07734375 0.01953125 0.03984375
9 0.6890625 0.14765625 0.021875 0.04375
0 0.70703125 0.20546875 0.01796875 0.021875
3 0.659375 0.14296875 0.02109375 0.03984375
0 0.66328125 0.18671875 0.015625 0.01953125
2 0.6625 0.209375 0.03984375 0.03046875
3 0.61015625 0.1234375 0.02109375 0.04453125
7 0.6203125 0.19375 0.02421875 0.03671875
3 0.57578125 0.1359375 0.025 0.04375
0 0.571875 0.1859375 0.01875 0.0203125
3 0.509375 0.13125 0.02265625 0.04921875
3 0.45078125 0.14296875 0.02265625 0.053125
0 0.44765625 0.19375 0.025 0.0265625
3 0.403125 0.1390625 0.0234375 0.04921875
0 0.38515625 0.20546875 0.01953125 0.0234375
3 0.35234375 0.16953125 0.0203125 0.04375
3 0.3046875 0.16796875 0.021875 0.0453125
0 0.30390625 0.2109375 0.01796875 0.01875
3 0.26328125 0.19375 0.021875 0.0390625
3 0.2328125 0.23046875 0.02421875 0.05
7 0.23515625 0.29375 0.028125 0.04609375
5 0.2359375 0.31796875 0.01796875 0.01796875
3 0.28125 0.23125 0.02265625 0.04921875
0 0.27890625 0.29375 0.01796875 0.028125
2 0.29609375 0.30703125 0.0265625 0.034375
3 0.3484375 0.228125 0.025 0.06015625
0 0.34140625 0.290625 0.02109375 0.02578125
3 0.40078125 0.23046875 0.02578125 0.05625
0 0.41015625 0.28515625 0.02109375 0.0203125
3 0.46640625 0.2484375 0.028125 0.05625
3 0.53203125 0.21796875 0.025 0.0546875
0 0.52890625 0.28359375 0.01875 0.03125
3 0.634375 0.2234375 0.0234375 0.0546875
0 0.63515625 0.29296875 0.02578125 0.025
3 0.69765625 0.23125 0.02265625 0.046875
0 0.69375 0.28046875 0.0234375 0.02421875
3 0.7609375 0.24765625 0.02578125 0.05625
0 0.75859375 0.31875 0.02578125 0.028125
3 0.790625 0.35546875 0.0265625 0.05390625
0 0.77890625 0.41875 0.021875 0.03359375
3 0.596875 0.35390625 0.03046875 0.06015625
0 0.590625 0.4140625 0.0234375 0.034375
9 0.496875 0.321875 0.0328125 0.06953125
7 0.5140625 0.41796875 0.05078125 0.0515625
3 0.45078125 0.2984375 0.02734375 0.05625
6 0.3640625 0.296875 0.02890625 0.06875
3 0.3125 0.365625 0.0328125 0.0609375
0 0.30859375 0.41796875 0.03359375 0.034375
0 0.246875 0.41640625 0.0234375 0.028125
3 0.19140625 0.36875 0.02734375 0.04921875
0 0.18828125 0.42890625 0.02265625 0.03125
3 0.13203125 0.55546875 0.02890625 0.05859375
0 0.1359375 0.60625 0.02109375 0.03984375
3 0.203125 0.51171875 0.02890625 0.05859375
3 0.2625 0.54609375 0.03515625 0.0640625
5 0.18203125 0.60625 0.01796875 0.03984375
2 0.20703125 0.609375 0.05234375 0.05546875
0 0.25703125 0.60390625 0.02421875 0.0515625
3 0.3453125 0.49296875 0.03359375 0.0734375
0 0.34921875 0.60625 0.03046875 0.03203125
3 0.42421875 0.49375 0.03359375 0.08359375
0 0.425 0.58046875 0.0265625 0.03203125
3 0.59765625 0.50625 0.03671875 0.07890625
0 0.59375 0.58125 0.03046875 0.03828125
3 0.696875 0.54453125 0.03984375 0.0765625
0 0.671875 0.603125 0.02734375 0.0640625
2 0.7 0.61875 0.0515625 0.0703125
6 0.771875 0.515625 0.0328125 0.071875
2 0.775 0.61796875 0.053125 0.05859375
3 0.8375 0.5390625 0.0359375 0.071875
0 0.83125 0.60859375 0.02109375 0.03125
5 0.58125 0.81875 0.03359375 0.05390625
7 0.70390625 0.80625 0.06640625 0.09453125
6 0.91953125 0.45625 0.02265625 0.05859375
2 0.9234375 0.54375 0.025 0.04609375
5 0.934375 0.575 0.01328125 0.03125
3 0.87265625 0.33125 0.02421875 0.04921875
3 0.9125 0.3421875 0.0171875 0.04921875
3 0.8328125 0.24296875 0.02109375 0.046875
3 0.86953125 0.25390625 0.01796875 0.04296875
3 0.8078125 0.16640625 0.01953125 0.040625
3 0.84140625 0.18046875 0.01796875 0.04296875
3 0.76328125 0.0953125 0.01796875 0.03671875
2 0.771875 0.15546875 0.02109375 0.021875
3 0.803125 0.115625 0.015625 0.0390625
3 0.78203125 0.09296875 0.01796875 0.03203125
3 0.71875 0.02734375 0.01328125 0.034375