10 0.13828125 0.340625 0.04296875 0.09453125
2 0.121875 0.403125 0.02578125 0.0296875
10 0.17890625 0.2359375 0.04140625 0.10625
10 0.15 0.234375 0.0328125 0.08046875
10 0.190625 0.16796875 0.0359375 0.0609375
10 0.22578125 0.146875 0.034375 0.08125
2 0.2171875 0.19375 0.02890625 0.02421875
1 0.246875 0.10625 0.0328125 0.05546875
10 0.20859375 0.11796875 0.0265625 0.053125
1 0.27578125 0.06875 0.03984375 0.04609375
1 0.27890625 0.04375 0.03203125 0.04453125
10 0.31015625 0.03125 0.028125 0.05
1 0.390625 0.0625 0.04609375 0.04375
1 0.35 0.11796875 0.0421875 0.05625
10 0.43125 0.04453125 0.03984375 0.05078125
1 0.43828125 0.10390625 0.04609375 0.05625
1 0.48203125 0.09296875 0.05078125 0.06171875
10 0.46875 0.04296875 0.0390625 0.04921875
10 0.5109375 0.04375 0.0375 0.05703125
10 0.54921875 0.04375 0.04296875 0.059375
1 0.5234375 0.10546875 0.05546875 0.059375
1 0.56875 0.09296875 0.04453125 0.06796875
10 0.590625 0.04296875 0.0390625 0.05859375
1 0.6375 0.05546875 0.03984375 0.05
10 0.60703125 0.08046875 0.03828125 0.0796875
10 0.65234375 0.09375 0.0421875 0.08984375
1 0.696875 0.16875 0.05234375 0.08203125
10 0.6515625 0.1546875 0.040625 0.09296875
10 0.61328125 0.13828125 0.04453125 0.11328125
10 0.57265625 0.15625 0.05078125 0.1046875
2 0.48203125 0.13125 0.01953125 0.0265625
10 0.50703125 0.15234375 0.04609375 0.08828125
10 0.45078125 0.1625 0.05859375 0.09375
10 0.396875 0.0984375 0.04453125 0.0703125
10 0.4 0.16640625 0.0546875 0.1
1 0.35390625 0.171875 0.04375 0.06875
1 0.3125 0.190625 0.0453125 0.08828125
10 0.26953125 0.178125 0.05078125 0.09921875
10 0.23828125 0.27421875 0.05078125 0.11953125
10 0.2859375 0.26328125 0.05078125 0.11328125
10 0.346875 0.2453125 0.05859375 0.109375
1 0.40859375 0.24921875 0.0640625 0.09375
1 0.46953125 0.25546875 0.05546875 0.0703125
10 0.52890625 0.24296875 0.06640625 0.103125
10 0.625 0.21953125 0.06484375 0.13515625
10 0.696875 0.24375 0.0546875 0.1109375
10 0.74765625 0.2765625 0.05625 0.11953125
2 0.6734375 0.30546875 0.028125 0.03515625
2 0.69921875 0.30625 0.0265625 0.03828125
10 0.77734375 0.3796875 0.05546875 0.11484375
1 0.7203125 0.37734375 0.06640625 0.103125
1 0.65390625 0.35625 0.065625 0.10546875
1 0.584375 0.36328125 0.078125 0.1359375
8 0.73515625 0.39296875 0.03125 0.0640625
8 0.659375 0.38046875 0.03046875 0.05546875
5 0.64921875 0.43125 0.0203125 0.0359375
5 0.7296875 0.43671875 0.02265625 0.03046875
10 0.50859375 0.33359375 0.06953125 0.15
10 0.45625 0.31796875 0.06328125 0.146875
10 0.38515625 0.328125 0.08125 0.16953125
1 0.309375 0.38125 0.08046875 0.11171875
1 0.25 0.36796875 0.05703125 0.09921875
10 0.19765625 0.38828125 0.05625 0.10546875
1 0.1453125 0.5609375 0.06953125 0.09375
1 0.21796875 0.55703125 0.0640625 0.1109375
1 0.27578125 0.546875 0.07109375 0.10625
10 0.35 0.534375 0.08046875 0.16328125
10 0.43359375 0.528125 0.08203125 0.14453125
10 0.596875 0.52578125 0.0953125 0.15625
10 0.67734375 0.49140625 0.0765625 0.2046875
10 0.75390625 0.54453125 0.084375 0.1734375
1 0.82421875 0.54296875 0.07109375 0.15625
10 0.678125 0.7203125 0.1140625 0.1984375
2 0.72890625 0.84375 0.05078125 0.0890625
2 0.525 0.9390625 0.06171875 0.121875
10 0.965625 0.7078125 0.06796875 0.11171875
0 0.98203125 0.7515625 0.01640625 0.03046875
10 0.90625 0.49375 0.0671875 0.11171875
1 0.8609375 0.3484375 0.05234375 0.084375
1 0.9015625 0.36484375 0.040625 0.09609375
10 0.82265625 0.23828125 0.05390625 0.10546875
10 0.8609375 0.2609375 0.03984375 0.06640625
10 0.79140625 0.17578125 0.03515625 0.07421875
5 0.79296875 0.2296875 0.0140625 0.01875
10 0.83203125 0.19375 0.0375 0.06796875
10 0.75625 0.11796875 0.0421875 0.0859375
10 0.79765625 0.12890625 0.03203125 0.06328125
1 0.78046875 0.09375 0.0265625 0.04375
10 0.7375 0.0796875 0.03046875 0.05390625
10 0.7140625 0.03984375 0.03046875 0.0609375
10 0.7453125 0.053125 0.025 0.03984375
2 0.38828125 0.4234375 0.05078125 0.053125
2 0.453125 0.4109375 0.05390625 0.05625
2 0.23984375 0.44453125 0.0296875 0.05
5 0.5015625 0.20546875 0.01015625 0.0203125
7 0.13203125 0.36875 0.021875 0.03671875
3 0.13125 0.31796875 0.02109375 0.046875
9 0.1484375 0.215625 0.02109375 0.040625
6 0.1703125 0.20546875 0.01953125 0.040625
5 0.17265625 0.26796875 0.01171875 0.01953125
3 0.1875 0.1546875 0.01640625 0.03515625
6 0.22265625 0.1234375 0.015625 0.03125
3 0.209375 0.109375 0.0140625 0.03046875
3 0.24375 0.096875 0.0140625 0.03046875
3 0.2734375 0.065625 0.01484375 0.03046875
3 0.275 0.03359375 0.01484375 0.03125
3 0.30625 0.0265625 0.01484375 0.028125
8 0.3921875 0.0640625 0.01875 0.02109375
8 0.3390625 0.11875 0.02109375 0.03515625
3 0.39765625 0.0859375 0.02265625 0.04453125
3 0.43984375 0.09375 0.02109375 0.03671875
3 0.42890625 0.03671875 0.01484375 0.03046875
2 0.434375 0.0734375 0.028125 0.01953125
3 0.46953125 0.0359375 0.01484375 0.03125
3 0.484375 0.0859375 0.0203125 0.04296875
3 0.515625 0.03046875 0.015625 0.03359375
7 0.51328125 0.06796875 0.025 0.02109375
3 0.5515625 0.03125 0.01484375 0.03046875
3 0.52890625 0.103125 0.02109375 0.0390625
0 0.52578125 0.12890625 0.01796875 0.021875
8 0.5671875 0.09296875 0.02109375 0.03671875
3 0.59765625 0.03203125 0.01875 0.0390625
3 0.609375 0.06015625 0.0171875 0.04453125
3 0.653125 0.07265625 0.0203125 0.04375
9 0.684375 0.15390625 0.02265625 0.046875
6 0.65078125 0.13125 0.02109375 0.04375
6 0.6171875 0.10546875 0.02109375 0.0484375
6 0.57265625 0.13046875 0.02421875 0.0484375
0 0.575 0.19453125 0.01953125 0.02109375
2 0.66328125 0.2109375 0.03515625 0.03046875
3 0.509375 0.13046875 0.02109375 0.05
3 0.45078125 0.1421875 0.02421875 0.04921875
0 0.44765625 0.1984375 0.02578125 0.0296875
3 0.4015625 0.14375 0.02421875 0.0515625
0 0.3875 0.20546875 0.0203125 0.025
3 0.35234375 0.16953125 0.0203125 0.04296875
3 0.3046875 0.16796875 0.021875 0.0453125
0 0.303125 0.2109375 0.0171875 0.0203125
3 0.26875 0.1484375 0.01953125 0.04375
9 0.23515625 0.240625 0.02421875 0.04921875
3 0.28046875 0.23125 0.02421875 0.05625
0 0.228125 0.31953125 0.01796875 0.02421875
0 0.28359375 0.30625 0.02421875 0.034375
0 0.34375 0.28984375 0.02265625 0.02578125
3 0.34609375 0.22109375 0.0234375 0.06328125
3 0.403125 0.23125 0.02578125 0.05625
0 0.409375 0.2859375 0.01796875 0.0203125
3 0.46640625 0.253125 0.02578125 0.05703125
3 0.53125 0.21796875 0.02421875 0.05625
0 0.52890625 0.28125 0.01953125 0.03046875
6 0.63203125 0.18203125 0.02265625 0.0546875
0 0.62421875 0.27421875 0.01953125 0.03046875
2 0.63828125 0.3015625 0.02265625 0.0390625
9 0.69375 0.2140625 0.0234375 0.046875
0 0.69765625 0.28046875 0.021875 0.028125
3 0.76015625 0.24609375 0.02734375 0.05625
0 0.75703125 0.31875 0.025 0.028125
3 0.83828125 0.53125 0.03359375 0.06875
0 0.83125 0.60625 0.02109375 0.03203125
6 0.77109375 0.49453125 0.0296875 0.07109375
9 0.678125 0.42734375 0.0359375 0.0734375
5 0.67578125 0.61328125 0.02109375 0.04375
2 0.69609375 0.61796875 0.0609375 0.07109375
3 0.59375 0.49453125 0.03671875 0.078125
0 0.6 0.5875 0.0234375 0.03046875
3 0.425 0.4984375 0.0328125 0.09140625
0 0.425 0.58125 0.02734375 0.034375
3 0.3453125 0.49296875 0.03359375 0.07421875
0 0.3484375 0.60625 0.03046875 0.02890625
3 0.26015625 0.54375 0.03359375 0.06328125
0 0.25859375 0.59921875 0.02109375 0.05625
9 0.23125 0.54296875 0.0296875 0.06484375
5 0.18125 0.60625 0.01953125 0.04140625
3 0.13125 0.55625 0.03125 0.0640625
3 0.13671875 0.60546875 0.0203125 0.040625
2 0.15390625 0.61328125 0.03046875 0.05625
3 0.659375 0.66796875 0.0390625 0.08828125
0 0.678125 0.7953125 0.0296875 0.0515625
3 0.92578125 0.4765625 0.02421875 0.05625
0 0.9265625 0.540625 0.02109375 0.02578125
3 0.87578125 0.33671875 0.021875 0.0453125
0 0.86875 0.38828125 0.0171875 0.03046875
3 0.91015625 0.34296875 0.01953125 0.053125
3 0.78828125 0.34921875 0.02578125 0.05546875
0 0.778125 0.42109375 0.02578125 0.03046875
6 0.81953125 0.20625 0.01953125 0.04375
3 0.8703125 0.25390625 0.01953125 0.040625
3 0.7984375 0.159375 0.01953125 0.04453125
3 0.84140625 0.18125 0.01796875 0.04296875
3 0.803125 0.115625 0.01640625 0.03671875
3 0.76328125 0.09453125 0.01796875 0.0359375
2 0.76953125 0.15625 0.01953125 0.0234375
3 0.78203125 0.09296875 0.01640625 0.034375
3 0.73828125 0.06796875 0.01328125 0.02890625
3 0.74765625 0.04453125 0.01171875 0.0265625
3 0.71875 0.0234375 0.01484375 0.03125
3 0.59609375 0.35390625 0.0328125 0.0609375
0 0.590625 0.41640625 0.0234375 0.03828125
9 0.50703125 0.29375 0.03359375 0.06640625
5 0.48203125 0.42421875 0.01875 0.03125
2 0.5171875 0.41796875 0.05078125 0.05
6 0.446875 0.278125 0.0265625 0.05859375
6 0.3796875 0.27890625 0.03203125 0.06875
3 0.31171875 0.36640625 0.03515625 0.065625
0 0.30703125 0.41796875 0.034375 0.0359375
0 0.24453125 0.41328125 0.02734375 0.03046875
3 0.24296875 0.3671875 0.02578125 0.053125
3 0.19296875 0.36875 0.02578125 0.05
0 0.18828125 0.42890625 0.02421875 0.03046875