10 0.1375 0.340625 0.0421875 0.09453125
2 0.121875 0.403125 0.02578125 0.0296875
10 0.18828125 0.25390625 0.046875 0.184375
10 0.15078125 0.2375 0.03046875 0.08046875
10 0.2234375 0.15390625 0.034375 0.06328125
2 0.22265625 0.18828125 0.01953125 0.0234375
10 0.24609375 0.10859375 0.0328125 0.05546875
10 0.2109375 0.11875 0.03046875 0.0515625
1 0.27578125 0.06796875 0.03984375 0.046875
1 0.278125 0.04296875 0.0328125 0.0453125
10 0.309375 0.03125 0.028125 0.0484375
1 0.39140625 0.06171875 0.04609375 0.04453125
1 0.35078125 0.11796875 0.04296875 0.05625
10 0.43125 0.04296875 0.04140625 0.0546875
1 0.4390625 0.10078125 0.046875 0.05546875
1 0.48359375 0.09296875 0.04296875 0.06015625
10 0.46953125 0.04140625 0.03984375 0.06015625
10 0.5109375 0.04375 0.03671875 0.059375
10 0.55 0.03515625 0.0390625 0.06875
10 0.525 0.08671875 0.0484375 0.08125
1 0.56875 0.09375 0.04375 0.06640625
1 0.590625 0.0484375 0.0390625 0.05390625
1 0.6421875 0.05546875 0.04140625 0.05
10 0.60625 0.08515625 0.04296875 0.0796875
10 0.6484375 0.10546875 0.04375 0.0765625
1 0.696875 0.16875 0.05234375 0.08203125
10 0.653125 0.15546875 0.03984375 0.08515625
10 0.6125 0.13984375 0.0453125 0.11328125
10 0.57578125 0.1546875 0.04765625 0.0890625
2 0.48203125 0.13125 0.01953125 0.0265625
10 0.50703125 0.15234375 0.04609375 0.08828125
10 0.453125 0.16328125 0.0578125 0.09453125
10 0.39765625 0.09609375 0.04453125 0.0765625
10 0.4 0.16640625 0.0546875 0.0984375
1 0.35390625 0.1765625 0.04453125 0.071875
1 0.3125 0.190625 0.0453125 0.08828125
10 0.2703125 0.178125 0.046875 0.08828125
10 0.284375 0.24296875 0.06875 0.11796875
10 0.34140625 0.25546875 0.06640625 0.09609375
1 0.4078125 0.24765625 0.06015625 0.09375
1 0.46953125 0.25546875 0.05546875 0.0703125
10 0.52890625 0.2359375 0.06640625 0.11953125
10 0.62265625 0.23125 0.07421875 0.11484375
10 0.69453125 0.24453125 0.05859375 0.0953125
10 0.74765625 0.27890625 0.05625 0.11875
2 0.6734375 0.30546875 0.028125 0.03515625
2 0.69921875 0.30625 0.0265625 0.03828125
10 0.77734375 0.3796875 0.05546875 0.11484375
1 0.7203125 0.378125 0.06640625 0.103125
1 0.65390625 0.359375 0.065625 0.10625
1 0.58515625 0.36015625 0.078125 0.13125
8 0.73515625 0.39296875 0.03125 0.0640625
8 0.659375 0.38203125 0.03046875 0.05546875
5 0.64921875 0.43125 0.0203125 0.0359375
5 0.72890625 0.434375 0.02265625 0.03125
10 0.50390625 0.33671875 0.06953125 0.15625
10 0.45546875 0.31796875 0.06328125 0.146875
10 0.3875 0.33359375 0.08046875 0.15078125
1 0.309375 0.38046875 0.08046875 0.11171875
1 0.2515625 0.36953125 0.05625 0.103125
10 0.19921875 0.3859375 0.0546875 0.10546875
1 0.1453125 0.56328125 0.06953125 0.09453125
10 0.2109375 0.5484375 0.06171875 0.10625
10 0.27578125 0.54375 0.08125 0.17578125
10 0.353125 0.53203125 0.07578125 0.19140625
10 0.4296875 0.51875 0.084375 0.153125
10 0.59609375 0.528125 0.0953125 0.1515625
10 0.68359375 0.4859375 0.0796875 0.20546875
10 0.75390625 0.540625 0.08046875 0.1453125
1 0.82421875 0.54296875 0.07109375 0.15625
10 0.68203125 0.70546875 0.10703125 0.22578125
2 0.72890625 0.84375 0.05078125 0.0890625
2 0.525 0.9390625 0.06171875 0.121875
10 0.965625 0.70625 0.06796875 0.11171875
0 0.98203125 0.7484375 0.01640625 0.03046875
10 0.90625 0.49375 0.0671875 0.11171875
1 0.86015625 0.3515625 0.05546875 0.08828125
1 0.9015625 0.3609375 0.04140625 0.10546875
10 0.81640625 0.2546875 0.05390625 0.071875
10 0.859375 0.25625 0.0421875 0.06640625
10 0.7921875 0.1765625 0.03515625 0.07421875
5 0.79296875 0.2296875 0.0140625 0.01875
10 0.83203125 0.19296875 0.03984375 0.065625
10 0.75390625 0.1171875 0.04765625 0.0765625
10 0.79765625 0.125 0.03046875 0.05546875
1 0.78046875 0.096875 0.0265625 0.04375
10 0.740625 0.08046875 0.03046875 0.05390625
10 0.7140625 0.03984375 0.03046875 0.0609375
2 0.38828125 0.42265625 0.05234375 0.0453125
2 0.453125 0.40625 0.05390625 0.05390625
2 0.23984375 0.44453125 0.0296875 0.04375
3 0.128125 0.31875 0.02109375 0.04609375
7 0.13203125 0.36796875 0.02109375 0.0359375
3 0.14921875 0.21875 0.0171875 0.04453125
3 0.19375 0.18359375 0.0234375 0.05
3 0.21640625 0.14296875 0.01796875 0.0390625
3 0.209375 0.109375 0.0140625 0.03046875
3 0.24375 0.09609375 0.0140625 0.03046875
3 0.2734375 0.06328125 0.01484375 0.03046875
3 0.275 0.03828125 0.01640625 0.0265625
3 0.3046875 0.028125 0.01484375 0.028125
8 0.3921875 0.0640625 0.01953125 0.0265625
8 0.34140625 0.128125 0.01953125 0.03515625
3 0.3984375 0.0875 0.021875 0.04375
3 0.428125 0.03671875 0.0140625 0.03046875
3 0.46796875 0.02578125 0.01484375 0.03046875
2 0.4328125 0.07421875 0.02578125 0.01875
3 0.51328125 0.03046875 0.01484375 0.03359375
7 0.5109375 0.06875 0.01953125 0.01875
3 0.484375 0.0828125 0.01796875 0.0359375
3 0.44296875 0.09375 0.01953125 0.03515625
5 0.52578125 0.12578125 0.01015625 0.01953125
3 0.528125 0.06875 0.01953125 0.040625
3 0.56640625 0.0859375 0.02109375 0.04296875
9 0.61328125 0.06796875 0.01953125 0.03984375
3 0.64765625 0.04921875 0.01640625 0.03125
3 0.59765625 0.04296875 0.01640625 0.03671875
3 0.55078125 0.01875 0.015625 0.03515625
3 0.64453125 0.08671875 0.01875 0.04375
9 0.68203125 0.15625 0.02109375 0.046875
2 0.66015625 0.209375 0.03828125 0.03046875
3 0.65390625 0.1359375 0.01875 0.04375
6 0.61328125 0.10625 0.02109375 0.046875
6 0.575 0.1328125 0.02265625 0.04921875
3 0.51015625 0.13046875 0.02265625 0.05
5 0.50234375 0.20546875 0.01171875 0.021875
3 0.45078125 0.14296875 0.02109375 0.046875
0 0.44765625 0.19609375 0.025 0.02421875
9 0.40078125 0.1421875 0.02578125 0.046875
3 0.35234375 0.16875 0.0203125 0.04375
0 0.346875 0.203125 0.0171875 0.0234375
3 0.303125 0.16796875 0.02109375 0.04375
0 0.30546875 0.2109375 0.0203125 0.01953125
3 0.26875 0.15625 0.01796875 0.03984375
5 0.27421875 0.21875 0.01015625 0.01875
2 0.26875 0.22890625 0.02265625 0.03046875
6 0.28671875 0.21171875 0.02265625 0.05546875
2 0.2859375 0.30625 0.028125 0.03828125
3 0.3359375 0.2328125 0.02421875 0.06015625
0 0.33828125 0.29140625 0.02265625 0.02578125
3 0.40078125 0.23046875 0.02734375 0.05703125
0 0.41015625 0.284375 0.02109375 0.02421875
3 0.4640625 0.25390625 0.02578125 0.05546875
3 0.5328125 0.20625 0.02578125 0.05703125
0 0.528125 0.28359375 0.02109375 0.03125
6 0.62265625 0.20625 0.02421875 0.05625
2 0.63828125 0.30390625 0.025 0.03671875
0 0.621875 0.27890625 0.0171875 0.0234375
3 0.69765625 0.2234375 0.02265625 0.04453125
0 0.69375 0.27890625 0.02265625 0.02578125
3 0.76015625 0.24921875 0.028125 0.05625
0 0.75625 0.31796875 0.02578125 0.0265625
3 0.7890625 0.3484375 0.02578125 0.05546875
0 0.77890625 0.421875 0.02265625 0.03046875
3 0.596875 0.35390625 0.03203125 0.05859375
0 0.590625 0.415625 0.02265625 0.0359375
9 0.49921875 0.29296875 0.0328125 0.0640625
5 0.48359375 0.4234375 0.01640625 0.03125
6 0.44296875 0.2765625 0.02734375 0.05390625
6 0.37578125 0.296875 0.03046875 0.06953125
3 0.31015625 0.36484375 0.02890625 0.0609375
0 0.30703125 0.41875 0.03515625 0.03359375
0 0.24609375 0.415625 0.0265625 0.0296875
3 0.24375 0.3671875 0.0234375 0.05078125
3 0.19140625 0.36875 0.02578125 0.05078125
0 0.18828125 0.4265625 0.02265625 0.03046875
3 0.13203125 0.55859375 0.02578125 0.0609375
0 0.13515625 0.60625 0.01953125 0.03984375
2 0.153125 0.61328125 0.0296875 0.05546875
9 0.203125 0.52890625 0.03359375 0.06171875
5 0.18125 0.60625 0.01953125 0.03828125
2 0.20625 0.615625 0.04921875 0.053125
7 0.2625 0.628125 0.0375 0.0640625
5 0.26640625 0.63203125 0.01796875 0.0390625
9 0.26796875 0.4921875 0.0328125 0.0640625
3 0.34921875 0.47421875 0.0328125 0.06875
3 0.415625 0.4859375 0.03828125 0.08046875
0 0.3484375 0.6171875 0.028125 0.04140625
0 0.425 0.58125 0.02890625 0.034375
3 0.5953125 0.49375 0.03671875 0.078125
0 0.59453125 0.58359375 0.03515625 0.03671875
9 0.6984375 0.41875 0.03671875 0.071875
3 0.77265625 0.50546875 0.03203125 0.0703125
3 0.83203125 0.52265625 0.03515625 0.06953125
0 0.83203125 0.60546875 0.02265625 0.03125
9 0.6890625 0.6390625 0.04296875 0.08671875
0 0.67578125 0.79609375 0.025 0.0484375
3 0.928125 0.478125 0.0234375 0.05625
0 0.92734375 0.540625 0.01796875 0.02578125
0 0.86796875 0.38984375 0.01640625 0.0296875
3 0.8765625 0.3359375 0.021875 0.04453125
6 0.903125 0.3328125 0.01953125 0.04921875
3 0.83046875 0.2421875 0.02265625 0.04375
7 0.8296875 0.2859375 0.034375 0.03125
3 0.86953125 0.2453125 0.01796875 0.040625
3 0.79765625 0.15859375 0.01953125 0.04453125
3 0.84140625 0.18125 0.01796875 0.04140625
3 0.803125 0.115625 0.01484375 0.034375
3 0.76328125 0.09453125 0.01796875 0.0390625
2 0.76953125 0.15625 0.01953125 0.0234375
3 0.7828125 0.09296875 0.015625 0.03203125
3 0.74609375 0.06796875 0.0140625 0.03203125
3 0.71875 0.0234375 0.015625 0.03046875