10 0.1375 0.34453125 0.04453125 0.090625
2 0.121875 0.403125 0.02578125 0.0296875
10 0.1796875 0.23046875 0.04296875 0.109375
10 0.1484375 0.23671875 0.03203125 0.08203125
10 0.190625 0.1671875 0.03359375 0.05625
10 0.22578125 0.15859375 0.03828125 0.065625
2 0.2171875 0.19375 0.02890625 0.02421875
10 0.24453125 0.109375 0.03359375 0.05625
10 0.2109375 0.11796875 0.034375 0.0546875
1 0.275 0.06953125 0.03984375 0.046875
1 0.27890625 0.04140625 0.03125 0.04921875
1 0.30703125 0.03359375 0.03203125 0.05078125
1 0.39140625 0.06328125 0.04765625 0.04453125
10 0.3515625 0.11015625 0.04375 0.06875
10 0.43125 0.0484375 0.03984375 0.053125
1 0.434375 0.1015625 0.04609375 0.0640625
1 0.478125 0.09375 0.053125 0.06484375
10 0.46953125 0.040625 0.03828125 0.06015625
10 0.5109375 0.04296875 0.0375 0.059375
10 0.55 0.04296875 0.0421875 0.05859375
10 0.5265625 0.09140625 0.040625 0.07578125
1 0.56015625 0.09921875 0.03828125 0.07109375
10 0.58828125 0.0390625 0.034375 0.06328125
1 0.63828125 0.05546875 0.03828125 0.04921875
10 0.60625 0.07890625 0.05078125 0.0890625
10 0.653125 0.096875 0.04296875 0.08046875
1 0.7 0.16875 0.05546875 0.08671875
10 0.653125 0.16328125 0.04296875 0.07421875
10 0.609375 0.14296875 0.04453125 0.103125
10 0.57109375 0.159375 0.0640625 0.0984375
2 0.48203125 0.1328125 0.01953125 0.0265625
10 0.50703125 0.153125 0.04609375 0.08828125
10 0.453125 0.1609375 0.05859375 0.09453125
10 0.396875 0.0984375 0.0421875 0.07890625
10 0.40078125 0.165625 0.05546875 0.1
1 0.35390625 0.17265625 0.04453125 0.06953125
10 0.31171875 0.1890625 0.0453125 0.08984375
1 0.26875 0.18828125 0.0484375 0.07578125
10 0.240625 0.265625 0.05390625 0.11953125
10 0.28828125 0.25546875 0.053125 0.10546875
10 0.34765625 0.25 0.0625 0.10546875
1 0.4078125 0.24765625 0.06640625 0.09375
1 0.46953125 0.253125 0.05546875 0.0703125
10 0.528125 0.24140625 0.06953125 0.1
10 0.63203125 0.2515625 0.06171875 0.10625
10 0.6953125 0.25078125 0.05390625 0.09375
10 0.7484375 0.275 0.05859375 0.11875
2 0.6734375 0.30546875 0.028125 0.03515625
2 0.69921875 0.3078125 0.0265625 0.03828125
10 0.77734375 0.38203125 0.05703125 0.109375
1 0.7203125 0.37734375 0.06640625 0.103125
1 0.65390625 0.37109375 0.065625 0.1265625
1 0.58515625 0.36484375 0.07734375 0.13671875
8 0.73515625 0.39296875 0.03125 0.0640625
8 0.659375 0.38046875 0.03046875 0.05546875
5 0.64921875 0.43125 0.0203125 0.0359375
5 0.7296875 0.43828125 0.02265625 0.03125
10 0.496875 0.35625 0.0859375 0.1546875
10 0.44765625 0.33046875 0.05078125 0.128125
10 0.38828125 0.3453125 0.08125 0.1296875
1 0.309375 0.38046875 0.08046875 0.11171875
1 0.25234375 0.3703125 0.05390625 0.10390625
10 0.2 0.3890625 0.0578125 0.11171875
1 0.15 0.56640625 0.0671875 0.1015625
10 0.209375 0.53125 0.06640625 0.11953125
1 0.2671875 0.55703125 0.084375 0.1203125
10 0.35 0.5390625 0.08203125 0.16171875
10 0.43203125 0.52109375 0.07890625 0.146875
10 0.6 0.5265625 0.0984375 0.1515625
1 0.68515625 0.540625 0.08203125 0.14609375
10 0.75390625 0.52890625 0.07109375 0.1203125
1 0.825 0.54453125 0.07265625 0.1546875
10 0.67265625 0.73046875 0.10625 0.21875
2 0.525 0.9390625 0.06171875 0.121875
10 0.965625 0.69296875 0.06875 0.0953125
5 0.99296875 0.7484375 0.0140625 0.04140625
10 0.9015625 0.5046875 0.0625 0.15703125
1 0.85625 0.35546875 0.05703125 0.153125
1 0.90078125 0.36484375 0.04296875 0.09609375
10 0.815625 0.23671875 0.053125 0.09609375
10 0.85703125 0.26171875 0.03984375 0.065625
10 0.790625 0.18125 0.0484375 0.07109375
5 0.79296875 0.2296875 0.0140625 0.01875
10 0.83203125 0.19296875 0.0375 0.06796875
10 0.75703125 0.11875 0.040625 0.084375
10 0.79765625 0.128125 0.03203125 0.06328125
1 0.78125 0.0984375 0.0265625 0.04375
1 0.73515625 0.08046875 0.02890625 0.04453125
10 0.7140625 0.04140625 0.03046875 0.0609375
10 0.7453125 0.053125 0.025 0.03984375
2 0.3875 0.43046875 0.0546875 0.053125
2 0.45390625 0.40859375 0.05234375 0.04609375
2 0.23984375 0.44765625 0.0296875 0.04375
5 0.5015625 0.20546875 0.01171875 0.021875
3 0.12890625 0.32734375 0.02109375 0.04140625
7 0.13125 0.36953125 0.0203125 0.03828125
3 0.1484375 0.2171875 0.01875 0.04140625
6 0.16875 0.19921875 0.0171875 0.04375
3 0.184375 0.15546875 0.0140625 0.03125
3 0.21640625 0.146875 0.01640625 0.03984375
3 0.209375 0.109375 0.01484375 0.03125
3 0.24140625 0.096875 0.01484375 0.03125
3 0.27265625 0.06640625 0.015625 0.0296875
0 0.2703125 0.0890625 0.01328125 0.0140625
3 0.278125 0.03046875 0.01328125 0.028125
3 0.29921875 0.02734375 0.0140625 0.0265625
3 0.35625 0.09375 0.01796875 0.03828125
3 0.396875 0.08515625 0.02109375 0.04296875
0 0.38828125 0.128125 0.01875 0.0203125
9 0.43046875 0.08828125 0.0203125 0.0359375
3 0.484375 0.0828125 0.0203125 0.03828125
3 0.53203125 0.0734375 0.01953125 0.04296875
0 0.52890625 0.11875 0.02109375 0.01875
3 0.428125 0.0375 0.0140625 0.03046875
3 0.46953125 0.02578125 0.01484375 0.03125
3 0.515625 0.03046875 0.0140625 0.03359375
7 0.51171875 0.06796875 0.01953125 0.01953125
3 0.553125 0.03046875 0.01484375 0.03125
9 0.5578125 0.08203125 0.02109375 0.03671875
3 0.59296875 0.0265625 0.0171875 0.03515625
6 0.6109375 0.05546875 0.01796875 0.03828125
3 0.653125 0.0765625 0.01953125 0.040625
3 0.64453125 0.04921875 0.01796875 0.03125
9 0.69140625 0.15 0.021875 0.04453125
3 0.66015625 0.1453125 0.01953125 0.040625
2 0.6625 0.2109375 0.04140625 0.03046875
0 0.7078125 0.20546875 0.01796875 0.021875
0 0.66328125 0.1875 0.01640625 0.01953125
3 0.60625 0.1171875 0.02109375 0.046875
2 0.621875 0.1984375 0.0234375 0.03046875
3 0.575 0.1359375 0.02109375 0.04609375
0 0.56796875 0.18671875 0.02109375 0.0203125
3 0.509375 0.13125 0.02109375 0.05
0 0.44765625 0.1953125 0.02578125 0.02578125
3 0.44921875 0.14296875 0.0234375 0.04921875
9 0.40625 0.140625 0.0234375 0.0515625
0 0.38671875 0.20546875 0.02109375 0.021875
3 0.353125 0.16953125 0.0203125 0.04140625
3 0.30703125 0.1671875 0.021875 0.04375
0 0.30390625 0.21015625 0.01796875 0.021875
3 0.26640625 0.17421875 0.02109375 0.04375
3 0.23203125 0.23046875 0.02421875 0.05
7 0.2375 0.30390625 0.03671875 0.04375
3 0.284375 0.23046875 0.0234375 0.05546875
0 0.27890625 0.2921875 0.02421875 0.0265625
2 0.296875 0.30625 0.025 0.03359375
3 0.3484375 0.228125 0.02421875 0.06015625
0 0.34140625 0.29140625 0.02109375 0.028125
3 0.40078125 0.2296875 0.02578125 0.059375
3 0.46640625 0.2484375 0.028125 0.0515625
3 0.53203125 0.21796875 0.02578125 0.053125
0 0.528125 0.28359375 0.01953125 0.03125
3 0.63515625 0.22578125 0.02421875 0.05078125
0 0.634375 0.29296875 0.02578125 0.0234375
3 0.696875 0.23125 0.02109375 0.0453125
0 0.69453125 0.28125 0.02421875 0.0234375
3 0.7578125 0.24453125 0.025 0.05546875
3 0.7578125 0.321875 0.025 0.025
3 0.790625 0.35625 0.025 0.05078125
0 0.78125 0.4234375 0.0203125 0.03046875
3 0.59765625 0.353125 0.03203125 0.059375
0 0.590625 0.41484375 0.02265625 0.03515625
9 0.47578125 0.315625 0.034375 0.06953125
5 0.50703125 0.41796875 0.01484375 0.02890625
2 0.5171875 0.41796875 0.04921875 0.0484375
9 0.4453125 0.29375 0.02734375 0.05859375
9 0.3984375 0.315625 0.03359375 0.06171875
3 0.31015625 0.36484375 0.03359375 0.06328125
0 0.30703125 0.4171875 0.03125 0.03203125
3 0.24140625 0.36796875 0.02578125 0.05078125
0 0.2453125 0.4140625 0.02578125 0.03046875
3 0.1921875 0.371875 0.02734375 0.05390625
3 0.18828125 0.42578125 0.02265625 0.03125
9 0.1484375 0.54375 0.03046875 0.05859375
5 0.13828125 0.60703125 0.01328125 0.034375
5 0.18203125 0.60625 0.01796875 0.03984375
9 0.19140625 0.50390625 0.02734375 0.06171875
2 0.20703125 0.60703125 0.05078125 0.05546875
3 0.26171875 0.54453125 0.0328125 0.06171875
0 0.25703125 0.60625 0.02578125 0.04375
3 0.34609375 0.49375 0.03203125 0.071875
0 0.35078125 0.60390625 0.02890625 0.03125
0 0.42421875 0.58046875 0.0265625 0.03203125
3 0.4234375 0.49375 0.034375 0.08515625
3 0.6 0.50546875 0.03671875 0.07890625
0 0.59765625 0.5875 0.02265625 0.03046875
3 0.6984375 0.54453125 0.040625 0.0765625
0 0.67421875 0.60546875 0.0265625 0.0609375
3 0.77421875 0.51171875 0.0296875 0.06015625
2 0.775 0.61953125 0.05390625 0.06015625
3 0.8375 0.53828125 0.0359375 0.06875
0 0.83203125 0.60703125 0.021875 0.03046875
5 0.58203125 0.81953125 0.03359375 0.05390625
6 0.69609375 0.6765625 0.03984375 0.10078125
7 0.703125 0.8078125 0.0703125 0.08828125
6 0.91796875 0.4546875 0.0234375 0.05703125
5 0.934375 0.575 0.01328125 0.0296875
6 0.86875 0.30546875 0.0234375 0.05390625
5 0.86953125 0.39296875 0.0125 0.0265625
3 0.9109375 0.34296875 0.01875 0.04921875
6 0.82734375 0.2140625 0.01953125 0.0484375
2 0.83359375 0.2890625 0.03515625 0.03125
3 0.86875 0.253125 0.0171875 0.04453125
3 0.803125 0.16640625 0.01875 0.040625
3 0.84140625 0.18203125 0.01796875 0.04375
3 0.76328125 0.09453125 0.01640625 0.0359375
2 0.77109375 0.15546875 0.02109375 0.021875
3 0.803125 0.115625 0.0140625 0.0359375
3 0.78203125 0.09296875 0.01640625 0.0296875
8 0.73203125 0.06953125 0.0125 0.02421875
3 0.74921875 0.04609375 0.0109375 0.0265625
3 0.71953125 0.028125 0.01328125 0.03359375