10 0.13515625 0.3421875 0.04453125 0.08046875
2 0.121875 0.403125 0.02578125 0.0296875
10 0.17734375 0.2359375 0.03359375 0.10390625
10 0.15078125 0.23671875 0.03203125 0.08046875
10 0.1875 0.16484375 0.0265625 0.05390625
10 0.22578125 0.146875 0.028125 0.08125
10 0.246875 0.10625 0.0328125 0.06015625
1 0.27578125 0.06875 0.03828125 0.04921875
1 0.27890625 0.04296875 0.03203125 0.0484375
10 0.309375 0.03125 0.028125 0.05
1 0.39140625 0.06171875 0.04609375 0.04453125
1 0.34921875 0.11796875 0.0421875 0.05625
10 0.43203125 0.04375 0.03828125 0.0546875
1 0.4375 0.10078125 0.04453125 0.05546875
1 0.48125 0.09296875 0.0453125 0.06171875
10 0.46953125 0.0359375 0.03828125 0.059375
10 0.5109375 0.04375 0.0375 0.05703125
10 0.54765625 0.03671875 0.04453125 0.06875
1 0.51953125 0.09453125 0.05390625 0.0640625
1 0.56640625 0.09296875 0.04296875 0.0640625
1 0.59140625 0.046875 0.03828125 0.05546875
1 0.640625 0.05546875 0.03671875 0.04921875
10 0.609375 0.0859375 0.04375 0.06953125
10 0.6515625 0.09375 0.046875 0.08359375
1 0.696875 0.16796875 0.05234375 0.08203125
10 0.653125 0.15625 0.03984375 0.08828125
10 0.6125 0.14296875 0.0453125 0.103125
10 0.57578125 0.15546875 0.04609375 0.0890625
2 0.48203125 0.13203125 0.01953125 0.0265625
10 0.50703125 0.15234375 0.04609375 0.08828125
10 0.45078125 0.16015625 0.059375 0.09453125
10 0.396875 0.0984375 0.04453125 0.07890625
10 0.39921875 0.16875 0.05390625 0.0984375
1 0.353125 0.1734375 0.0453125 0.06875
1 0.309375 0.18828125 0.04921875 0.09453125
1 0.26640625 0.19140625 0.053125 0.08359375
10 0.24296875 0.27421875 0.0671875 0.10625
10 0.34296875 0.25546875 0.0671875 0.0984375
1 0.4078125 0.24609375 0.06015625 0.09375
1 0.46953125 0.25390625 0.05546875 0.075
10 0.52890625 0.2421875 0.06953125 0.09921875
10 0.63203125 0.24296875 0.05859375 0.103125
10 0.69453125 0.24453125 0.05703125 0.0984375
10 0.74765625 0.2734375 0.05625 0.11875
2 0.6734375 0.30546875 0.028125 0.03515625
2 0.69921875 0.30625 0.0265625 0.03828125
10 0.77734375 0.3796875 0.05546875 0.11484375
1 0.7203125 0.37734375 0.06640625 0.103125
1 0.65390625 0.359375 0.065625 0.10546875
1 0.58203125 0.3609375 0.078125 0.13046875
8 0.73515625 0.39296875 0.03125 0.0640625
8 0.659375 0.38125 0.03046875 0.05546875
5 0.64921875 0.43125 0.0203125 0.0359375
5 0.72890625 0.43359375 0.02265625 0.03125
10 0.5140625 0.34609375 0.06015625 0.14453125
10 0.45625 0.31953125 0.06328125 0.146875
10 0.38828125 0.340625 0.08046875 0.14140625
1 0.309375 0.38046875 0.08046875 0.11171875
1 0.25078125 0.36953125 0.05703125 0.103125
10 0.19765625 0.38671875 0.05703125 0.10703125
1 0.14609375 0.56171875 0.07109375 0.0953125
10 0.21875 0.52578125 0.06875 0.13046875
1 0.2703125 0.578125 0.09609375 0.115625
10 0.359375 0.515625 0.0671875 0.14296875
10 0.4234375 0.51796875 0.06953125 0.15078125
10 0.59296875 0.50625 0.09140625 0.171875
10 0.68671875 0.51875 0.08984375 0.1640625
10 0.75703125 0.54296875 0.071875 0.15
1 0.8234375 0.54296875 0.07265625 0.153125
10 0.67421875 0.75390625 0.1203125 0.175
2 0.72890625 0.84375 0.05078125 0.0890625
2 0.5234375 0.9390625 0.06171875 0.121875
10 0.965625 0.70625 0.06796875 0.11171875
0 0.98203125 0.753125 0.01640625 0.03203125
10 0.90625 0.49296875 0.06796875 0.10859375
1 0.86015625 0.3515625 0.05546875 0.08828125
1 0.9015625 0.36484375 0.040625 0.09609375
10 0.8140625 0.240625 0.04765625 0.0984375
10 0.85625 0.26171875 0.0390625 0.06953125
10 0.790625 0.18046875 0.0484375 0.06875
10 0.83203125 0.19296875 0.0375 0.06796875
10 0.75703125 0.11796875 0.03984375 0.084375
10 0.7984375 0.12890625 0.03203125 0.06328125
1 0.78046875 0.09609375 0.0265625 0.04375
10 0.7375 0.0796875 0.03046875 0.05390625
10 0.7140625 0.03984375 0.03046875 0.0609375
10 0.7453125 0.0546875 0.025 0.0390625
2 0.38828125 0.421875 0.05234375 0.0453125
2 0.453125 0.40546875 0.05390625 0.05390625
2 0.23984375 0.44609375 0.0296875 0.04375
3 0.12578125 0.328125 0.02109375 0.0453125
7 0.128125 0.36796875 0.01796875 0.0234375
9 0.1484375 0.21875 0.01796875 0.04296875
6 0.1703125 0.20703125 0.01875 0.04453125
5 0.17265625 0.26796875 0.01171875 0.02109375
3 0.18671875 0.15546875 0.01484375 0.03203125
6 0.203125 0.15 0.01953125 0.05
10 0.21328125 0.2078125 0.05 0.16953125
3 0.21953125 0.12421875 0.015625 0.03203125
3 0.209375 0.109375 0.01328125 0.03125
3 0.24140625 0.09296875 0.01484375 0.03046875
3 0.27265625 0.06328125 0.01484375 0.03125
3 0.3046875 0.0234375 0.01484375 0.03046875
3 0.27578125 0.03046875 0.01328125 0.0296875
8 0.390625 0.0640625 0.0171875 0.02578125
3 0.42890625 0.03203125 0.01484375 0.03125
3 0.396875 0.08203125 0.02265625 0.040625
8 0.3375 0.11953125 0.01796875 0.034375
3 0.440625 0.09375 0.0203125 0.034375
3 0.48515625 0.0828125 0.01875 0.03828125
2 0.434375 0.07421875 0.02890625 0.01953125
3 0.46640625 0.0234375 0.01484375 0.03125
0 0.4765625 0.11796875 0.01953125 0.01953125
3 0.52890625 0.0859375 0.02109375 0.04296875
3 0.51328125 0.03125 0.015625 0.03203125
7 0.5109375 0.06875 0.01875 0.0203125
3 0.54296875 0.0203125 0.01484375 0.03515625
7 0.54453125 0.06796875 0.01953125 0.0234375
3 0.59765625 0.03984375 0.02109375 0.03515625
3 0.56875 0.0859375 0.0203125 0.04453125
9 0.61875 0.0734375 0.01953125 0.04375
3 0.64765625 0.0734375 0.02109375 0.04453125
9 0.68203125 0.153125 0.02109375 0.046875
3 0.65390625 0.1359375 0.02109375 0.04375
2 0.66171875 0.2109375 0.03984375 0.03046875
5 0.6359375 0.20546875 0.01015625 0.01875
6 0.60703125 0.11875 0.021875 0.05
9 0.58125 0.13828125 0.0234375 0.04453125
5 0.50234375 0.20546875 0.01171875 0.02421875
3 0.51015625 0.13125 0.021875 0.05
9 0.44453125 0.1359375 0.02578125 0.04375
9 0.403125 0.14375 0.0234375 0.0484375
0 0.38671875 0.20546875 0.0171875 0.02578125
3 0.35078125 0.16875 0.02109375 0.04140625
0 0.346875 0.203125 0.0171875 0.02578125
3 0.30390625 0.16640625 0.021875 0.04375
0 0.30078125 0.21328125 0.02265625 0.0234375
3 0.26796875 0.17421875 0.0203125 0.04375
0 0.2703125 0.21875 0.01953125 0.02109375
3 0.234375 0.24453125 0.02265625 0.05078125
0 0.23515625 0.315625 0.021875 0.028125
2 0.2859375 0.30546875 0.02578125 0.03671875
3 0.3359375 0.23515625 0.02421875 0.05546875
0 0.33828125 0.29140625 0.025 0.025
3 0.40078125 0.23125 0.02578125 0.06015625
0 0.41015625 0.2859375 0.02109375 0.0203125
3 0.46875 0.24375 0.0265625 0.0515625
3 0.52890625 0.21796875 0.02734375 0.05625
0 0.52890625 0.284375 0.01796875 0.03046875
3 0.621875 0.21796875 0.0234375 0.04921875
0 0.621875 0.28046875 0.02265625 0.0265625
2 0.63828125 0.3046875 0.02421875 0.03359375
3 0.696875 0.22109375 0.02265625 0.04921875
3 0.759375 0.24296875 0.02734375 0.05625
0 0.6921875 0.2734375 0.02421875 0.0296875
0 0.75625 0.31953125 0.02421875 0.02421875
0 0.77890625 0.41875 0.02421875 0.034375
3 0.78828125 0.3484375 0.02578125 0.05625
3 0.596875 0.35234375 0.03515625 0.06171875
0 0.590625 0.41484375 0.02265625 0.03515625
9 0.50703125 0.30546875 0.03359375 0.06484375
5 0.484375 0.42421875 0.01484375 0.03125
6 0.45 0.28125 0.02890625 0.06171875
9 0.38125 0.30390625 0.03359375 0.06953125
3 0.31171875 0.36484375 0.0296875 0.06328125
0 0.30703125 0.41875 0.03046875 0.03125
3 0.2421875 0.36875 0.028125 0.0515625
0 0.24765625 0.4171875 0.02265625 0.0265625
3 0.19140625 0.36953125 0.028125 0.0515625
0 0.18828125 0.42890625 0.02265625 0.03046875
3 0.13125 0.55859375 0.028125 0.06484375
0 0.1375 0.60625 0.0203125 0.03828125
9 0.20078125 0.49375 0.03125 0.06328125
5 0.18203125 0.60546875 0.01875 0.0390625
2 0.20390625 0.60703125 0.04453125 0.06328125
3 0.2671875 0.57421875 0.03359375 0.06796875
0 0.26484375 0.63125 0.0234375 0.04921875
3 0.35859375 0.48125 0.0328125 0.06953125
3 0.4125 0.48515625 0.0359375 0.0796875
0 0.40625 0.57578125 0.02890625 0.0390625
5 0.35390625 0.61640625 0.021875 0.0453125
3 0.58359375 0.46875 0.0359375 0.078125
0 0.621875 0.58046875 0.02109375 0.03515625
2 0.60078125 0.59609375 0.03359375 0.06328125
9 0.70078125 0.4765625 0.04375 0.07421875
2 0.69609375 0.61875 0.0609375 0.071875
5 0.67578125 0.61328125 0.01953125 0.04375
3 0.76953125 0.50546875 0.03203125 0.06796875
3 0.8375 0.53125 0.0359375 0.0703125
0 0.83125 0.60625 0.02265625 0.03125
0 0.684375 0.81875 0.0359375 0.0453125
3 0.69375 0.7296875 0.03828125 0.078125
3 0.92578125 0.47890625 0.025 0.05546875
0 0.92578125 0.540625 0.01953125 0.02578125
3 0.8765625 0.33671875 0.02265625 0.04375
0 0.86875 0.390625 0.01484375 0.02890625
3 0.9125 0.34375 0.01875 0.0484375
3 0.82109375 0.21640625 0.0203125 0.0484375
3 0.821875 0.2859375 0.02265625 0.03125
3 0.8671875 0.253125 0.01796875 0.03984375
3 0.803125 0.16875 0.01796875 0.040625
3 0.84140625 0.18125 0.01640625 0.04140625
3 0.803125 0.11640625 0.01640625 0.03828125
3 0.76328125 0.0953125 0.01796875 0.03671875
2 0.76953125 0.15546875 0.02109375 0.02578125
3 0.7421875 0.06796875 0.015625 0.03046875
3 0.78203125 0.09375 0.01640625 0.03359375
3 0.71875 0.0234375 0.01328125 0.03046875
3 0.74765625 0.04765625 0.01328125 0.03046875