10 0.1375 0.34296875 0.04375 0.09140625
2 0.121875 0.403125 0.02578125 0.0296875
10 0.1796875 0.234375 0.04375 0.09375
10 0.15 0.23671875 0.03359375 0.08046875
10 0.190625 0.165625 0.0359375 0.0609375
10 0.228125 0.15546875 0.0421875 0.06875
2 0.2171875 0.19296875 0.02890625 0.02421875
10 0.24609375 0.0984375 0.0328125 0.06875
10 0.209375 0.11796875 0.02734375 0.0546875
1 0.275 0.06796875 0.03984375 0.046875
1 0.27890625 0.04140625 0.03125 0.04921875
1 0.30703125 0.0328125 0.03359375 0.05078125
1 0.390625 0.06328125 0.04765625 0.04375
10 0.34765625 0.10703125 0.04453125 0.0734375
10 0.43125 0.0484375 0.03984375 0.05390625
10 0.43203125 0.096875 0.04296875 0.06875
1 0.478125 0.09296875 0.0546875 0.06640625
10 0.4703125 0.0421875 0.03984375 0.06015625
10 0.5109375 0.04375 0.0375 0.05703125
10 0.55 0.04375 0.04296875 0.059375
1 0.52578125 0.09375 0.04296875 0.0765625
1 0.56015625 0.0984375 0.03828125 0.06953125
10 0.590625 0.04296875 0.0390625 0.05859375
1 0.6375 0.05546875 0.03984375 0.05
10 0.603125 0.08125 0.0484375 0.06328125
10 0.653125 0.09375 0.0453125 0.08203125
1 0.6984375 0.16796875 0.05859375 0.08046875
10 0.653125 0.16015625 0.04296875 0.08125
10 0.61328125 0.14140625 0.04296875 0.1046875
1 0.571875 0.15625 0.0609375 0.09453125
2 0.48203125 0.13125 0.01953125 0.0265625
10 0.50703125 0.15234375 0.04609375 0.08828125
10 0.45234375 0.1625 0.0609375 0.09375
10 0.3984375 0.0984375 0.046875 0.08046875
10 0.4 0.16640625 0.05390625 0.0984375
1 0.35390625 0.171875 0.04453125 0.06875
10 0.31015625 0.184375 0.04375 0.08046875
1 0.26640625 0.19296875 0.04765625 0.0734375
10 0.24140625 0.26796875 0.05625 0.11953125
10 0.296875 0.24140625 0.0515625 0.115625
10 0.34609375 0.24921875 0.0609375 0.10625
1 0.4078125 0.246875 0.06875 0.1
1 0.46640625 0.24921875 0.05859375 0.08046875
10 0.52890625 0.240625 0.06875 0.0984375
10 0.63203125 0.25390625 0.06328125 0.11015625
10 0.696875 0.24921875 0.05625 0.09609375
10 0.75078125 0.2671875 0.06015625 0.13984375
2 0.6734375 0.30546875 0.028125 0.03515625
2 0.6984375 0.30625 0.02578125 0.03828125
10 0.77734375 0.38046875 0.05546875 0.11484375
1 0.7203125 0.37734375 0.06640625 0.103125
1 0.65390625 0.36796875 0.06484375 0.12890625
1 0.58515625 0.36171875 0.078125 0.134375
8 0.73515625 0.39296875 0.03125 0.0640625
8 0.659375 0.38203125 0.03046875 0.05546875
5 0.64921875 0.43125 0.0203125 0.0359375
5 0.72890625 0.43046875 0.02265625 0.03125
10 0.50625 0.36953125 0.07578125 0.15078125
10 0.45078125 0.3359375 0.05625 0.11953125
10 0.38515625 0.33671875 0.07734375 0.14453125
1 0.309375 0.38125 0.08046875 0.11171875
1 0.25 0.36953125 0.05703125 0.09921875
10 0.19921875 0.38984375 0.05703125 0.1109375
1 0.146875 0.56171875 0.0671875 0.11015625
1 0.21328125 0.5234375 0.06328125 0.13125
1 0.26875 0.55546875 0.08359375 0.11640625
10 0.35 0.5375 0.08203125 0.16796875
10 0.43125 0.51953125 0.08046875 0.1484375
10 0.6 0.528125 0.09921875 0.146875
1 0.68515625 0.53671875 0.08203125 0.14453125
10 0.75390625 0.5296875 0.071875 0.12421875
1 0.82421875 0.54296875 0.07109375 0.15625
10 0.67421875 0.75078125 0.1203125 0.17421875
2 0.73046875 0.84375 0.0484375 0.0890625
2 0.525 0.9390625 0.06171875 0.121875
10 0.965625 0.7078125 0.06796875 0.11171875
0 0.98125 0.74921875 0.01640625 0.034375
10 0.90625 0.49609375 0.0671875 0.12890625
10 0.86015625 0.34453125 0.05234375 0.10625
1 0.9015625 0.36484375 0.040625 0.09609375
10 0.8140625 0.24296875 0.05 0.08046875
10 0.85703125 0.25625 0.03828125 0.06953125
10 0.78984375 0.18046875 0.0453125 0.071875
5 0.79296875 0.2296875 0.0140625 0.01875
10 0.83203125 0.19296875 0.0375 0.06796875
10 0.75625 0.11796875 0.0421875 0.0859375
10 0.79765625 0.128125 0.03203125 0.06328125
1 0.78046875 0.09375 0.0265625 0.04375
1 0.73515625 0.08125 0.02890625 0.046875
10 0.71328125 0.040625 0.03203125 0.059375
1 0.7453125 0.05078125 0.02578125 0.04453125
2 0.3875 0.42890625 0.05390625 0.05078125
2 0.453125 0.4109375 0.05390625 0.05546875
2 0.240625 0.44765625 0.0296875 0.04375
5 0.5015625 0.20546875 0.01171875 0.021875
3 0.128125 0.328125 0.0203125 0.04609375
7 0.13125 0.36875 0.0203125 0.03671875
3 0.1484375 0.21796875 0.01875 0.04375
3 0.1703125 0.21640625 0.01953125 0.04375
3 0.1859375 0.15078125 0.01640625 0.03046875
3 0.21640625 0.14296875 0.01640625 0.03984375
3 0.209375 0.10859375 0.01328125 0.03125
6 0.24296875 0.08125 0.0140625 0.02890625
0 0.26953125 0.0890625 0.01484375 0.015625
3 0.27265625 0.065625 0.01796875 0.03125
3 0.42734375 0.03828125 0.0140625 0.03125
3 0.33984375 0.0921875 0.01796875 0.03828125
9 0.4265625 0.08125 0.02265625 0.04140625
0 0.38828125 0.12890625 0.01953125 0.01875
3 0.484375 0.08203125 0.0203125 0.03984375
3 0.46953125 0.0265625 0.015625 0.03046875
3 0.51328125 0.03125 0.015625 0.03203125
7 0.5109375 0.06875 0.01953125 0.021875
3 0.53203125 0.08125 0.02109375 0.03984375
0 0.525 0.12109375 0.01796875 0.02578125
9 0.559375 0.08203125 0.02265625 0.03984375
3 0.553125 0.03046875 0.01484375 0.03359375
3 0.59609375 0.03046875 0.0171875 0.03671875
3 0.6046875 0.06875 0.01875 0.03671875
3 0.64453125 0.0484375 0.01796875 0.03046875
3 0.6546875 0.078125 0.02109375 0.040625
9 0.68828125 0.153125 0.02109375 0.04609375
3 0.66171875 0.14296875 0.02109375 0.04140625
2 0.6625 0.21015625 0.0390625 0.03125
2 0.62109375 0.1984375 0.0234375 0.03125
2 0.66328125 0.1859375 0.01796875 0.0203125
9 0.61328125 0.1140625 0.02265625 0.0484375
9 0.58203125 0.13515625 0.02265625 0.04453125
5 0.5578125 0.21015625 0.01328125 0.01875
7 0.575 0.19296875 0.0328125 0.03515625
3 0.509375 0.13125 0.021875 0.05078125
3 0.45 0.14375 0.0234375 0.0515625
0 0.44765625 0.19453125 0.02421875 0.025
9 0.40859375 0.14140625 0.0234375 0.0484375
0 0.38515625 0.20625 0.01953125 0.0234375
3 0.353125 0.16875 0.0203125 0.04375
3 0.30625 0.16640625 0.02109375 0.04453125
0 0.303125 0.2078125 0.01640625 0.025
3 0.26953125 0.18203125 0.02109375 0.04140625
0 0.26875 0.21875 0.01953125 0.01875
3 0.23359375 0.23671875 0.0234375 0.053125
0 0.23125 0.31640625 0.02109375 0.0265625
3 0.28515625 0.209375 0.02109375 0.0515625
2 0.296875 0.30625 0.0265625 0.034375
3 0.3484375 0.22578125 0.02421875 0.0609375
0 0.34375 0.29140625 0.02109375 0.0265625
3 0.40078125 0.22890625 0.02578125 0.0546875
0 0.409375 0.28671875 0.0203125 0.0265625
3 0.465625 0.23828125 0.02578125 0.05546875
0 0.46640625 0.278125 0.03125 0.0265625
3 0.53125 0.21953125 0.0265625 0.05546875
0 0.52890625 0.28203125 0.01796875 0.03125
3 0.63515625 0.2265625 0.02265625 0.053125
0 0.63671875 0.29453125 0.0234375 0.025
3 0.696875 0.2265625 0.02265625 0.05
0 0.69453125 0.28046875 0.02109375 0.02578125
9 0.7625 0.22890625 0.02734375 0.06015625
0 0.75625 0.31875 0.02421875 0.02890625
3 0.79140625 0.35546875 0.02734375 0.05390625
0 0.78046875 0.425 0.02109375 0.03125
3 0.596875 0.35234375 0.03203125 0.06015625
0 0.58984375 0.41328125 0.0203125 0.03828125
9 0.4859375 0.32578125 0.03203125 0.05546875
7 0.515625 0.41796875 0.0515625 0.0546875
3 0.44375 0.30703125 0.02890625 0.05546875
9 0.38515625 0.30078125 0.03203125 0.06796875
3 0.31015625 0.365625 0.03046875 0.0609375
0 0.30703125 0.4171875 0.03359375 0.034375
3 0.24375 0.36796875 0.0265625 0.053125
0 0.24765625 0.415625 0.02265625 0.0265625
0 0.18828125 0.428125 0.02421875 0.03046875
3 0.1921875 0.36953125 0.02578125 0.05078125
9 0.13515625 0.540625 0.028125 0.06171875
5 0.13828125 0.60625 0.01484375 0.03359375
5 0.18203125 0.60625 0.01953125 0.03828125
2 0.20703125 0.60703125 0.05078125 0.05859375
6 0.19765625 0.49296875 0.02578125 0.065625
3 0.2625 0.54765625 0.0328125 0.06796875
0 0.25703125 0.60625 0.02578125 0.0453125
3 0.34609375 0.49296875 0.0328125 0.0734375
0 0.35078125 0.6046875 0.03046875 0.03359375
3 0.42265625 0.490625 0.03515625 0.08203125
0 0.425 0.58125 0.02734375 0.03203125
3 0.6 0.50625 0.03828125 0.0734375
0 0.596875 0.58671875 0.02578125 0.0296875
3 0.69765625 0.546875 0.04140625 0.0765625
0 0.67421875 0.60390625 0.02578125 0.06015625
2 0.6984375 0.61953125 0.053125 0.0703125
3 0.775 0.5140625 0.03125 0.0609375
2 0.77578125 0.62109375 0.053125 0.06015625
3 0.8375 0.534375 0.034375 0.06953125
0 0.83203125 0.60703125 0.021875 0.03203125
6 0.69453125 0.70703125 0.04296875 0.08203125
0 0.64453125 0.803125 0.034375 0.06328125
3 0.92265625 0.46328125 0.02265625 0.05546875
0 0.928125 0.546875 0.02109375 0.02578125
3 0.8703125 0.32109375 0.02109375 0.05078125
0 0.86875 0.390625 0.0171875 0.03125
3 0.9109375 0.34296875 0.01875 0.05078125
3 0.82578125 0.22890625 0.02109375 0.05
2 0.834375 0.29140625 0.034375 0.03515625
3 0.8671875 0.24296875 0.01796875 0.04140625
3 0.8421875 0.18125 0.01640625 0.04296875
3 0.803125 0.16796875 0.01796875 0.04140625
3 0.76328125 0.09609375 0.01796875 0.0359375
3 0.803125 0.115625 0.015625 0.03671875
2 0.7703125 0.15625 0.02109375 0.0234375
3 0.7828125 0.09140625 0.01796875 0.03125
3 0.71875 0.028125 0.0140625 0.03359375
3 0.74765625 0.04296875 0.01171875 0.02890625