10 0.13671875 0.34296875 0.04609375 0.08984375
2 0.121875 0.403125 0.02578125 0.0296875
10 0.17890625 0.23046875 0.04375 0.1015625
10 0.15 0.240625 0.0328125 0.08125
10 0.18828125 0.16640625 0.03125 0.06015625
1 0.21640625 0.16796875 0.04375 0.06484375
7 0.2171875 0.190625 0.02734375 0.0234375
10 0.246875 0.10703125 0.0328125 0.059375
10 0.21171875 0.11796875 0.0328125 0.053125
1 0.27578125 0.0734375 0.04296875 0.0453125
10 0.27890625 0.03828125 0.03359375 0.05546875
1 0.30703125 0.03671875 0.03046875 0.05390625
1 0.3921875 0.0609375 0.04609375 0.04375
10 0.3484375 0.1109375 0.04375 0.06875
10 0.43203125 0.05078125 0.03984375 0.05078125
10 0.43203125 0.09296875 0.04453125 0.07109375
1 0.478125 0.09296875 0.05390625 0.065625
10 0.4703125 0.04140625 0.03984375 0.059375
10 0.5109375 0.04375 0.0375 0.05703125
10 0.55 0.04296875 0.03984375 0.0546875
10 0.5265625 0.09140625 0.04375 0.07421875
10 0.565625 0.09296875 0.0421875 0.0703125
10 0.590625 0.04296875 0.0390625 0.05859375
1 0.63828125 0.05546875 0.03828125 0.046875
10 0.60859375 0.08828125 0.04140625 0.08125
10 0.653125 0.09375 0.04609375 0.08125
1 0.7 0.16875 0.0546875 0.08671875
10 0.653125 0.159375 0.0421875 0.08125
10 0.61328125 0.14609375 0.04375 0.09453125
10 0.5734375 0.1640625 0.06015625 0.1
2 0.48203125 0.13359375 0.01953125 0.0265625
10 0.50703125 0.153125 0.04609375 0.08828125
10 0.45390625 0.159375 0.06015625 0.09453125
10 0.396875 0.096875 0.04453125 0.08125
1 0.40078125 0.16328125 0.05390625 0.08046875
1 0.35546875 0.1734375 0.04765625 0.06875
1 0.31015625 0.19296875 0.04609375 0.0859375
1 0.2703125 0.19453125 0.04296875 0.0609375
10 0.240625 0.2671875 0.0546875 0.1265625
10 0.28828125 0.25625 0.05703125 0.1
10 0.346875 0.2515625 0.0609375 0.10625
1 0.40703125 0.2484375 0.06640625 0.09375
1 0.46796875 0.2546875 0.0578125 0.071875
10 0.52890625 0.2421875 0.06875 0.0953125
10 0.63203125 0.2515625 0.06171875 0.1109375
10 0.696875 0.246875 0.05546875 0.09375
10 0.75 0.2734375 0.06015625 0.11953125
2 0.6734375 0.30546875 0.028125 0.03515625
2 0.69921875 0.30625 0.0265625 0.03828125
10 0.77890625 0.38046875 0.05703125 0.10703125
1 0.7203125 0.378125 0.06640625 0.103125
1 0.65390625 0.36875 0.06640625 0.12578125
1 0.584375 0.36328125 0.07734375 0.1359375
8 0.73515625 0.39296875 0.03125 0.0640625
8 0.659375 0.38046875 0.03046875 0.05546875
5 0.64921875 0.43125 0.0203125 0.0359375
5 0.72890625 0.43828125 0.02265625 0.03125
10 0.50390625 0.36875 0.07734375 0.15390625
10 0.45078125 0.334375 0.05078125 0.11875
10 0.38515625 0.3359375 0.08203125 0.14453125
1 0.309375 0.38046875 0.08046875 0.11171875
1 0.2515625 0.37109375 0.05390625 0.1
10 0.19765625 0.3890625 0.05546875 0.11015625
1 0.146875 0.55703125 0.0703125 0.103125
1 0.21484375 0.5296875 0.0609375 0.1515625
1 0.26875 0.55546875 0.0859375 0.11640625
10 0.35078125 0.53515625 0.08203125 0.16328125
10 0.43359375 0.52265625 0.0828125 0.14375
10 0.6 0.5265625 0.10078125 0.15078125
1 0.68515625 0.540625 0.084375 0.14921875
10 0.75546875 0.5390625 0.07578125 0.1234375
1 0.8234375 0.54375 0.071875 0.15546875
10 0.66953125 0.734375 0.11171875 0.18125
2 0.525 0.9390625 0.06171875 0.121875
10 0.96640625 0.70234375 0.06640625 0.1046875
0 0.98984375 0.7484375 0.0203125 0.03125
10 0.903125 0.50390625 0.0640625 0.159375
1 0.86015625 0.35546875 0.04921875 0.10390625
1 0.9 0.35625 0.03671875 0.0953125
1 0.82265625 0.25546875 0.05703125 0.075
10 0.86015625 0.265625 0.03515625 0.06796875
10 0.79453125 0.18125 0.04609375 0.0734375
5 0.7921875 0.22890625 0.01328125 0.01640625
10 0.83203125 0.19296875 0.0375 0.06796875
10 0.75703125 0.11875 0.04140625 0.08515625
10 0.79765625 0.128125 0.03203125 0.06328125
1 0.77890625 0.0984375 0.02578125 0.04453125
1 0.73671875 0.07734375 0.02890625 0.046875
10 0.7125 0.040625 0.03203125 0.059375
10 0.7453125 0.053125 0.025 0.03984375
2 0.38828125 0.428125 0.05078125 0.0484375
2 0.45234375 0.4078125 0.0515625 0.04921875
2 0.23984375 0.446875 0.0296875 0.04375
5 0.5015625 0.20546875 0.01171875 0.021875
2 0.6625 0.21015625 0.04140625 0.03125
5 0.58046875 0.821875 0.03203125 0.05546875
5 0.93515625 0.57421875 0.0125 0.03125
3 0.12578125 0.33046875 0.02109375 0.04453125
7 0.13125 0.36875 0.02421875 0.03125
9 0.14609375 0.21953125 0.0203125 0.0390625
3 0.16640625 0.20390625 0.01953125 0.04375
3 0.18671875 0.1546875 0.0171875 0.03359375
3 0.215625 0.15625 0.01796875 0.04140625
6 0.209375 0.10546875 0.0140625 0.028125
3 0.2421875 0.09453125 0.01484375 0.03125
3 0.2734375 0.06640625 0.01640625 0.03046875
0 0.26953125 0.0890625 0.01484375 0.01484375
3 0.3 0.028125 0.0140625 0.028125
3 0.27890625 0.0265625 0.01484375 0.03046875
3 0.34140625 0.09453125 0.01875 0.040625
0 0.3609375 0.1359375 0.01328125 0.01953125
0 0.38828125 0.128125 0.01796875 0.0203125
3 0.396875 0.08203125 0.02109375 0.03984375
3 0.4296875 0.08046875 0.01796875 0.03984375
3 0.4296875 0.040625 0.01484375 0.0296875
3 0.48359375 0.0828125 0.02109375 0.03984375
3 0.471875 0.0265625 0.01484375 0.03125
3 0.51484375 0.03125 0.0140625 0.03203125
3 0.53125 0.075 0.0203125 0.04296875
3 0.553125 0.0328125 0.0171875 0.03203125
3 0.5640625 0.08046875 0.01953125 0.03984375
7 0.51171875 0.06875 0.01796875 0.021875
0 0.478125 0.11640625 0.0171875 0.01953125
0 0.52890625 0.11796875 0.01953125 0.01953125
3 0.59765625 0.03046875 0.01796875 0.03515625
6 0.6140625 0.06953125 0.01796875 0.04140625
3 0.64453125 0.05 0.01640625 0.03125
3 0.653125 0.07578125 0.0203125 0.04375
9 0.6890625 0.15078125 0.02109375 0.0484375
3 0.6578125 0.14140625 0.02109375 0.04140625
3 0.62109375 0.125 0.0234375 0.04453125
9 0.57578125 0.1390625 0.025 0.0484375
0 0.571875 0.19296875 0.0203125 0.021875
0 0.61640625 0.18046875 0.01640625 0.0203125
0 0.66328125 0.18828125 0.015625 0.01875
0 0.70859375 0.20546875 0.01796875 0.02421875
2 0.61953125 0.20078125 0.02421875 0.03046875
3 0.509375 0.13203125 0.02109375 0.04921875
3 0.45078125 0.1359375 0.02421875 0.04453125
0 0.44765625 0.19375 0.02578125 0.028125
9 0.4078125 0.1453125 0.025 0.04609375
5 0.390625 0.20546875 0.01171875 0.02109375
3 0.35234375 0.1703125 0.0203125 0.04296875
3 0.3046875 0.1765625 0.02265625 0.04375
5 0.30703125 0.21328125 0.01015625 0.01953125
7 0.31015625 0.21875 0.03203125 0.03125
3 0.26328125 0.19375 0.021875 0.0390625
6 0.2328125 0.23125 0.02421875 0.04921875
7 0.23984375 0.31328125 0.0421875 0.04375
0 0.2796875 0.2921875 0.021875 0.02890625
3 0.27890625 0.2359375 0.02421875 0.0546875
2 0.29453125 0.30703125 0.02578125 0.034375
3 0.346875 0.2296875 0.025 0.059375
0 0.34140625 0.290625 0.021875 0.0296875
3 0.40078125 0.23125 0.02734375 0.05625
0 0.409375 0.2859375 0.0203125 0.02109375
3 0.46640625 0.24921875 0.02734375 0.05625
0 0.47421875 0.27890625 0.0171875 0.02578125
0 0.52734375 0.27890625 0.02109375 0.03984375
3 0.53203125 0.23125 0.02578125 0.05703125
3 0.634375 0.221875 0.0234375 0.05625
3 0.69453125 0.22890625 0.02421875 0.05078125
3 0.76640625 0.24375 0.02734375 0.05625
0 0.63515625 0.29296875 0.02734375 0.0265625
0 0.69453125 0.28203125 0.02109375 0.0234375
0 0.7609375 0.31875 0.03046875 0.0265625
0 0.78046875 0.41875 0.0203125 0.03046875
3 0.79140625 0.35625 0.02734375 0.0546875
3 0.59765625 0.3546875 0.034375 0.0609375
0 0.590625 0.41484375 0.02578125 0.03515625
9 0.48203125 0.32890625 0.03203125 0.0640625
7 0.51640625 0.41796875 0.05234375 0.05078125
3 0.453125 0.30546875 0.028125 0.05546875
6 0.3671875 0.3 0.02890625 0.06875
3 0.3109375 0.365625 0.03203125 0.06328125
0 0.30703125 0.41640625 0.034375 0.03359375
0 0.24609375 0.415625 0.02578125 0.028125
0 0.18828125 0.42890625 0.02265625 0.02890625
3 0.19140625 0.3703125 0.02578125 0.05
3 0.2421875 0.36875 0.028125 0.0515625
3 0.13203125 0.55625 0.02890625 0.05625
0 0.13671875 0.60546875 0.02109375 0.03515625
6 0.20625 0.49140625 0.02890625 0.06875
5 0.18125 0.60546875 0.0171875 0.0390625
7 0.20546875 0.60078125 0.0484375 0.06875
3 0.26171875 0.54609375 0.0328125 0.06484375
0 0.2578125 0.60703125 0.02421875 0.04140625
3 0.346875 0.49375 0.03046875 0.071875
3 0.42421875 0.49296875 0.0328125 0.084375
0 0.35 0.60390625 0.03046875 0.0296875
0 0.42578125 0.58046875 0.02890625 0.03125
0 0.59296875 0.58125 0.0296875 0.03671875
3 0.59765625 0.50625 0.03828125 0.0765625
3 0.69921875 0.54296875 0.03984375 0.0765625
0 0.6734375 0.60546875 0.02734375 0.05703125
6 0.77109375 0.51328125 0.03203125 0.06875
2 0.775 0.62109375 0.05390625 0.05859375
3 0.83671875 0.5328125 0.03359375 0.06796875
0 0.83125 0.6078125 0.02109375 0.02890625
3 0.69140625 0.69140625 0.040625 0.08125
7 0.70625 0.81796875 0.0671875 0.1015625
6 0.91875 0.453125 0.02265625 0.05859375
3 0.8734375 0.33046875 0.02109375 0.046875
6 0.90546875 0.33203125 0.01953125 0.04921875
3 0.83125 0.24296875 0.02109375 0.046875
3 0.86875 0.253125 0.01640625 0.04140625
0 0.828125 0.28125 0.0171875 0.021875
3 0.8078125 0.16796875 0.02109375 0.04296875
3 0.84140625 0.18125 0.01796875 0.03984375
3 0.76328125 0.09453125 0.01875 0.03828125
3 0.803125 0.1140625 0.0171875 0.03984375
3 0.78203125 0.09296875 0.01640625 0.03046875
3 0.74921875 0.04609375 0.01171875 0.02890625
3 0.71875 0.0265625 0.0140625 0.03125
8 0.7375 0.06796875 0.0140625 0.02421875