10 0.13515625 0.34140625 0.04296875 0.09453125
2 0.121875 0.403125 0.02578125 0.0296875
10 0.18125 0.240625 0.04609375 0.090625
10 0.15078125 0.24140625 0.03046875 0.0796875
10 0.190625 0.16875 0.0359375 0.0609375
10 0.228125 0.146875 0.0421875 0.06953125
2 0.2171875 0.19375 0.02890625 0.02421875
1 0.246875 0.10546875 0.0328125 0.05546875
10 0.2078125 0.11796875 0.02890625 0.0546875
1 0.27578125 0.06796875 0.040625 0.046875
10 0.27890625 0.040625 0.03359375 0.05078125
10 0.309375 0.03046875 0.028125 0.05
1 0.39140625 0.06015625 0.04609375 0.04453125
1 0.35 0.11796875 0.0421875 0.05625
10 0.43203125 0.04375 0.03984375 0.05078125
1 0.43828125 0.10390625 0.04609375 0.05625
1 0.47890625 0.09375 0.05234375 0.06484375
10 0.4703125 0.040625 0.0375 0.059375
10 0.5109375 0.04375 0.0375 0.05703125
10 0.54921875 0.04375 0.04296875 0.059375
1 0.52421875 0.10546875 0.0546875 0.059375
1 0.56640625 0.090625 0.04140625 0.071875
10 0.590625 0.04296875 0.0390625 0.05859375
1 0.6375 0.05546875 0.03984375 0.05
10 0.60546875 0.08125 0.0390625 0.08125
10 0.653125 0.09375 0.04453125 0.08359375
1 0.70390625 0.178125 0.05859375 0.07421875
10 0.65390625 0.1640625 0.04921875 0.07890625
10 0.61328125 0.1421875 0.04453125 0.103125
10 0.56953125 0.16484375 0.06015625 0.09609375
2 0.48203125 0.13125 0.01953125 0.0265625
10 0.50703125 0.15234375 0.04609375 0.08828125
10 0.45234375 0.15546875 0.0578125 0.09453125
10 0.396875 0.09765625 0.0421875 0.06953125
10 0.4 0.165625 0.05390625 0.0984375
1 0.35390625 0.16875 0.04453125 0.06953125
10 0.3125 0.190625 0.0453125 0.08828125
1 0.2671875 0.19296875 0.04765625 0.06953125
10 0.23984375 0.271875 0.05234375 0.11953125
10 0.2875 0.2484375 0.05390625 0.10625
10 0.3484375 0.2484375 0.06484375 0.10546875
1 0.4078125 0.246875 0.06640625 0.09453125
1 0.46953125 0.25546875 0.05546875 0.0703125
10 0.528125 0.240625 0.06796875 0.10078125
10 0.63125 0.253125 0.06328125 0.10625
10 0.69453125 0.24296875 0.059375 0.10546875
10 0.74765625 0.275 0.05625 0.11875
2 0.6734375 0.30546875 0.028125 0.03515625
2 0.69921875 0.30625 0.0265625 0.03828125
10 0.77734375 0.3796875 0.05546875 0.11484375
1 0.7203125 0.37734375 0.06640625 0.103125
1 0.65390625 0.35546875 0.065625 0.10546875
1 0.58515625 0.35859375 0.078125 0.13125
8 0.73515625 0.39296875 0.03125 0.0640625
8 0.659375 0.38046875 0.03046875 0.05546875
5 0.64921875 0.43125 0.0203125 0.0359375
5 0.72890625 0.43046875 0.02265625 0.03125
10 0.50703125 0.35625 0.0625 0.15078125
10 0.45 0.33515625 0.0640625 0.11875
10 0.38515625 0.3421875 0.078125 0.1359375
1 0.309375 0.38046875 0.08046875 0.11171875
1 0.253125 0.37265625 0.0578125 0.10625
10 0.2 0.3890625 0.0578125 0.11015625
1 0.1453125 0.5609375 0.06953125 0.09375
1 0.2125 0.51796875 0.0734375 0.14140625
1 0.27890625 0.54921875 0.07109375 0.10546875
10 0.36953125 0.521875 0.07578125 0.16953125
10 0.43203125 0.51875 0.08046875 0.15078125
10 0.6 0.52578125 0.1015625 0.1515625
1 0.684375 0.53125 0.0828125 0.13984375
10 0.75234375 0.53046875 0.0703125 0.16640625
1 0.8234375 0.54375 0.07421875 0.15390625
10 0.6796875 0.74921875 0.11171875 0.18046875
2 0.73046875 0.84375 0.0484375 0.0890625
2 0.525 0.9390625 0.06171875 0.121875
10 0.965625 0.70625 0.06796875 0.11171875
0 0.98203125 0.75546875 0.01640625 0.03125
10 0.90390625 0.49375 0.06640625 0.11171875
1 0.8609375 0.3484375 0.05390625 0.08203125
1 0.9015625 0.36484375 0.040625 0.09609375
10 0.81640625 0.24140625 0.05234375 0.08671875
10 0.85625 0.25546875 0.04140625 0.06484375
10 0.790625 0.18046875 0.046875 0.071875
5 0.79375 0.228125 0.01328125 0.015625
10 0.83203125 0.19296875 0.0375 0.06796875
10 0.75625 0.11796875 0.0421875 0.0859375
10 0.79765625 0.128125 0.03203125 0.06328125
1 0.78125 0.09453125 0.0265625 0.04375
1 0.7359375 0.0796875 0.02890625 0.04609375
10 0.7140625 0.040625 0.03046875 0.0609375
10 0.7453125 0.053125 0.025 0.03984375
2 0.38828125 0.4203125 0.05234375 0.04453125
2 0.453125 0.40859375 0.05390625 0.05546875
2 0.23984375 0.44609375 0.0296875 0.04375
5 0.5015625 0.20546875 0.01171875 0.021875
3 0.12890625 0.31796875 0.02109375 0.04375
2 0.13125 0.36875 0.0203125 0.03515625
3 0.1453125 0.2234375 0.01875 0.04453125
3 0.1703125 0.21796875 0.01953125 0.04296875
3 0.1859375 0.15546875 0.01484375 0.03359375
3 0.21953125 0.13125 0.015625 0.03828125
3 0.209375 0.10859375 0.01328125 0.03125
3 0.24375 0.09609375 0.0140625 0.03046875
3 0.27265625 0.065625 0.01484375 0.03125
3 0.30703125 0.01875 0.01484375 0.028125
8 0.33828125 0.11796875 0.02109375 0.034375
3 0.396875 0.08125 0.0203125 0.03984375
3 0.428125 0.0359375 0.0140625 0.03125
2 0.434375 0.0734375 0.028125 0.01875
3 0.43984375 0.09375 0.0203125 0.03515625
3 0.46953125 0.02578125 0.01484375 0.03046875
3 0.515625 0.03046875 0.015625 0.03203125
7 0.51484375 0.06875 0.02421875 0.0203125
3 0.48203125 0.0890625 0.02109375 0.03828125
3 0.53125 0.10390625 0.02109375 0.040625
0 0.52578125 0.13046875 0.015625 0.021875
3 0.5546875 0.03125 0.01640625 0.03203125
3 0.596875 0.03125 0.01796875 0.0359375
6 0.56953125 0.0765625 0.01953125 0.03984375
3 0.6 0.0671875 0.01875 0.03984375
3 0.64453125 0.04921875 0.01640625 0.03046875
3 0.653125 0.0765625 0.01953125 0.040625
3 0.7140625 0.16796875 0.021875 0.04140625
3 0.65859375 0.14375 0.01953125 0.040625
2 0.65625 0.2078125 0.0296875 0.03046875
2 0.621875 0.196875 0.02265625 0.03046875
3 0.61328125 0.11640625 0.021875 0.0484375
9 0.578125 0.140625 0.0234375 0.04609375
5 0.5578125 0.2078125 0.01328125 0.01953125
5 0.5734375 0.19375 0.028125 0.0296875
3 0.509375 0.13125 0.0203125 0.046875
3 0.45078125 0.1359375 0.021875 0.04453125
0 0.44765625 0.19375 0.02578125 0.021875
3 0.40390625 0.1375 0.021875 0.04375
0 0.38515625 0.2046875 0.01953125 0.02578125
3 0.353125 0.16796875 0.0203125 0.04140625
3 0.3046875 0.16640625 0.02265625 0.04375
0 0.303125 0.20625 0.01953125 0.025
3 0.26953125 0.18046875 0.01796875 0.040625
3 0.2328125 0.24140625 0.02265625 0.04453125
0 0.228125 0.31796875 0.0203125 0.0265625
3 0.27578125 0.2234375 0.02421875 0.05625
3 0.34765625 0.22890625 0.02421875 0.059375
0 0.34296875 0.29140625 0.02109375 0.02578125
3 0.40078125 0.23046875 0.02578125 0.05703125
0 0.409375 0.28515625 0.01953125 0.01875
3 0.465625 0.253125 0.0265625 0.05390625
0 0.46953125 0.28046875 0.02578125 0.02421875
3 0.52890625 0.21875 0.025 0.05703125
0 0.528125 0.28125 0.01953125 0.03125
3 0.63203125 0.2265625 0.02421875 0.05390625
0 0.634375 0.29296875 0.0265625 0.025
9 0.70234375 0.215625 0.02890625 0.04921875
5 0.70390625 0.303125 0.01328125 0.02578125
3 0.76015625 0.24296875 0.02890625 0.0546875
0 0.75703125 0.31875 0.02578125 0.028125
3 0.78828125 0.3484375 0.02734375 0.05625
0 0.77890625 0.421875 0.02421875 0.03046875
3 0.8375 0.53046875 0.0328125 0.06875
0 0.83203125 0.60625 0.021875 0.03046875
7 0.765625 0.6140625 0.0359375 0.0609375
6 0.76875 0.48046875 0.02890625 0.0703125
3 0.696875 0.540625 0.03984375 0.07109375
0 0.675 0.60234375 0.0265625 0.06171875
2 0.69765625 0.61875 0.05546875 0.0703125
3 0.59765625 0.49765625 0.03515625 0.08046875
0 0.590625 0.58125 0.03359375 0.03828125
3 0.41953125 0.49140625 0.03671875 0.08359375
0 0.42421875 0.58046875 0.0265625 0.03203125
3 0.3625 0.478125 0.03046875 0.07109375
0 0.39453125 0.59140625 0.025 0.03203125
3 0.26015625 0.54296875 0.03359375 0.06171875
0 0.26015625 0.59921875 0.02109375 0.05546875
6 0.1921875 0.48046875 0.02734375 0.06875
2 0.20703125 0.60625 0.05234375 0.06015625
5 0.18125 0.60546875 0.01796875 0.03671875
3 0.13046875 0.5640625 0.0296875 0.0609375
0 0.13671875 0.60625 0.0203125 0.03828125
2 0.15390625 0.6125 0.02890625 0.05625
3 0.69921875 0.72421875 0.04296875 0.08125
0 0.69453125 0.81796875 0.0375 0.04375
3 0.596875 0.353125 0.03203125 0.059375
0 0.58984375 0.4109375 0.0203125 0.03046875
9 0.4984375 0.31328125 0.03359375 0.0640625
0 0.48828125 0.41640625 0.02421875 0.0484375
9 0.43203125 0.30546875 0.02890625 0.05546875
9 0.378125 0.30625 0.03359375 0.0640625
3 0.31171875 0.3640625 0.0328125 0.06328125
0 0.30703125 0.41796875 0.0375 0.03515625
3 0.24375 0.36875 0.02890625 0.05390625
0 0.24765625 0.41640625 0.021875 0.02578125
3 0.1921875 0.36875 0.02734375 0.0515625
0 0.18828125 0.428125 0.02421875 0.03203125
5 0.14140625 0.3796875 0.01015625 0.02421875
0 0.9265625 0.54140625 0.01796875 0.025
3 0.92578125 0.46796875 0.02421875 0.05625
3 0.87578125 0.3390625 0.02109375 0.046875
3 0.9125 0.34375 0.01953125 0.05
0 0.86875 0.38984375 0.0171875 0.0296875
3 0.83046875 0.221875 0.0203125 0.04453125
3 0.86875 0.24375 0.0171875 0.040625
7 0.82734375 0.26875 0.0328125 0.02578125
3 0.80390625 0.16640625 0.01796875 0.04140625
3 0.84140625 0.18046875 0.01796875 0.04296875
3 0.76328125 0.09453125 0.01796875 0.03671875
2 0.76953125 0.15546875 0.02109375 0.02421875
3 0.803125 0.115625 0.0171875 0.03671875
3 0.78203125 0.09375 0.01640625 0.03125
3 0.74921875 0.04375 0.01171875 0.02890625
3 0.71953125 0.02890625 0.01484375 0.03125