10 0.1375 0.34296875 0.04296875 0.09140625
2 0.121875 0.403125 0.02578125 0.0296875
10 0.18125 0.23828125 0.04921875 0.09453125
10 0.14921875 0.23671875 0.0328125 0.08125
10 0.190625 0.16796875 0.0359375 0.0609375
10 0.228125 0.15390625 0.04296875 0.071875
2 0.2171875 0.19375 0.02890625 0.02421875
1 0.246875 0.10546875 0.0328125 0.05546875
10 0.209375 0.11796875 0.02734375 0.0546875
1 0.27578125 0.06875 0.03984375 0.046875
1 0.278125 0.040625 0.03046875 0.04609375
10 0.30703125 0.03125 0.03203125 0.04921875
1 0.390625 0.06171875 0.04765625 0.04375
1 0.35 0.103125 0.04453125 0.08203125
10 0.43125 0.04765625 0.03984375 0.0546875
1 0.43828125 0.10390625 0.04609375 0.05625
1 0.48125 0.09296875 0.05078125 0.06796875
10 0.4703125 0.040625 0.03828125 0.059375
10 0.5109375 0.04375 0.0375 0.05703125
10 0.54921875 0.04375 0.04296875 0.059375
1 0.525 0.1046875 0.05390625 0.06328125
10 0.5625 0.09375 0.03828125 0.0765625
10 0.59140625 0.04296875 0.040625 0.05859375
1 0.6375 0.05625 0.0390625 0.04921875
10 0.603125 0.08046875 0.04609375 0.071875
10 0.653125 0.09453125 0.0453125 0.08828125
1 0.6984375 0.1671875 0.05703125 0.084375
10 0.653125 0.15546875 0.04296875 0.08671875
10 0.6109375 0.14375 0.04453125 0.1015625
10 0.571875 0.15546875 0.0640625 0.0984375
2 0.48203125 0.13125 0.01953125 0.0265625
10 0.50703125 0.15234375 0.04609375 0.08828125
10 0.453125 0.1609375 0.05859375 0.09375
10 0.396875 0.0984375 0.04296875 0.08046875
10 0.4 0.16796875 0.05390625 0.0984375
1 0.35390625 0.1734375 0.04453125 0.06953125
10 0.3125 0.1890625 0.0453125 0.08828125
10 0.26640625 0.19375 0.04921875 0.07421875
10 0.2375 0.26875 0.05859375 0.11484375
10 0.29453125 0.24453125 0.05078125 0.0984375
10 0.346875 0.253125 0.06171875 0.10703125
1 0.40859375 0.24765625 0.0671875 0.09375
1 0.46875 0.25546875 0.0546875 0.0703125
10 0.52890625 0.24296875 0.06640625 0.103125
10 0.63203125 0.25078125 0.06015625 0.11328125
10 0.69765625 0.25546875 0.05546875 0.1
10 0.74765625 0.27421875 0.05625 0.11953125
2 0.6734375 0.30546875 0.028125 0.03515625
10 0.778125 0.371875 0.0578125 0.13125
1 0.7203125 0.378125 0.06640625 0.103125
1 0.6546875 0.36875 0.06484375 0.12578125
1 0.5859375 0.3609375 0.07890625 0.13203125
8 0.73515625 0.39296875 0.03125 0.0640625
8 0.659375 0.38046875 0.03046875 0.05546875
5 0.64921875 0.43125 0.0203125 0.0359375
5 0.72890625 0.43046875 0.02265625 0.03125
10 0.5125 0.35546875 0.0671875 0.15703125
10 0.453125 0.3359375 0.06015625 0.11953125
10 0.38515625 0.33203125 0.07890625 0.14921875
1 0.309375 0.37890625 0.08046875 0.11171875
1 0.2515625 0.36953125 0.05703125 0.10625
10 0.19765625 0.3890625 0.05703125 0.1109375
1 0.146875 0.56015625 0.0671875 0.10546875
1 0.20078125 0.528125 0.08359375 0.1265625
1 0.2703125 0.55625 0.090625 0.115625
10 0.365625 0.5234375 0.08359375 0.15625
10 0.43125 0.51875 0.08046875 0.1515625
10 0.6 0.5265625 0.09921875 0.14921875
1 0.68515625 0.5359375 0.08125 0.14453125
10 0.7515625 0.54296875 0.06875 0.175
1 0.81953125 0.54296875 0.07890625 0.153125
10 0.678125 0.7453125 0.11328125 0.17421875
2 0.73203125 0.84375 0.046875 0.090625
2 0.525 0.9390625 0.06171875 0.121875
10 0.965625 0.70625 0.06796875 0.11171875
0 0.98203125 0.7484375 0.01640625 0.03046875
10 0.90625 0.49296875 0.0671875 0.14375
1 0.86015625 0.3484375 0.05390625 0.09296875
1 0.9015625 0.36484375 0.040625 0.09609375
10 0.81328125 0.2375 0.05078125 0.09375
10 0.85625 0.25625 0.0421875 0.06796875
10 0.78828125 0.18125 0.04609375 0.0734375
5 0.7921875 0.228125 0.01328125 0.015625
10 0.83203125 0.19296875 0.0375 0.06796875
10 0.75625 0.11796875 0.0421875 0.0859375
10 0.79765625 0.128125 0.03203125 0.06328125
1 0.78125 0.09296875 0.0265625 0.04375
1 0.73515625 0.0796875 0.02890625 0.04453125
10 0.7140625 0.040625 0.03046875 0.0609375
1 0.7453125 0.05390625 0.025 0.03984375
2 0.3875 0.41953125 0.05078125 0.04921875
2 0.453125 0.409375 0.05390625 0.05546875
2 0.23984375 0.44453125 0.0296875 0.04375
5 0.5015625 0.20546875 0.01171875 0.021875
3 0.128125 0.32421875 0.0203125 0.04453125
3 0.14765625 0.21796875 0.01875 0.04375
3 0.1703125 0.2171875 0.02109375 0.04375
7 0.1296875 0.36796875 0.021875 0.034375
3 0.1859375 0.15546875 0.015625 0.03359375
3 0.21875 0.13515625 0.015625 0.04296875
3 0.209375 0.10859375 0.01171875 0.03125
3 0.24375 0.09609375 0.0140625 0.03046875
3 0.27265625 0.065625 0.01484375 0.02890625
0 0.2703125 0.08671875 0.01484375 0.01875
6 0.35390625 0.08046875 0.01875 0.0390625
0 0.38828125 0.12890625 0.01875 0.02109375
3 0.428125 0.0375 0.01484375 0.03046875
2 0.43515625 0.07421875 0.028125 0.01953125
3 0.43984375 0.09296875 0.0203125 0.03828125
3 0.46875 0.02578125 0.015625 0.03046875
3 0.48203125 0.08046875 0.02421875 0.040625
3 0.5140625 0.03046875 0.01484375 0.03359375
7 0.51328125 0.06796875 0.021875 0.02109375
9 0.53515625 0.09296875 0.01953125 0.04140625
3 0.55390625 0.03046875 0.01640625 0.03125
7 0.54296875 0.06796875 0.01953125 0.021875
3 0.56015625 0.07890625 0.02109375 0.04375
3 0.59765625 0.03125 0.01796875 0.040625
3 0.60703125 0.06875 0.01953125 0.040625
3 0.65390625 0.07734375 0.01953125 0.04140625
3 0.64375 0.05 0.01640625 0.03125
9 0.6890625 0.146875 0.02421875 0.04375
3 0.65703125 0.134375 0.02109375 0.04375
0 0.66328125 0.18515625 0.01796875 0.01875
2 0.6625 0.21015625 0.0390625 0.03125
9 0.6125 0.1171875 0.021875 0.046875
6 0.578125 0.13046875 0.0234375 0.04609375
7 0.57578125 0.19375 0.0375 0.028125
5 0.5578125 0.20859375 0.015625 0.01953125
3 0.51015625 0.13125 0.02109375 0.04921875
3 0.45078125 0.14140625 0.02265625 0.05078125
0 0.44765625 0.1953125 0.02265625 0.02421875
9 0.40859375 0.14296875 0.0234375 0.0453125
0 0.38671875 0.2046875 0.0171875 0.02578125
3 0.353125 0.16875 0.02109375 0.04296875
3 0.30625 0.16640625 0.021875 0.04140625
0 0.303125 0.2078125 0.01640625 0.025
3 0.26953125 0.18125 0.021875 0.04140625
3 0.225 0.24140625 0.0234375 0.04921875
0 0.23203125 0.31484375 0.02265625 0.021875
5 0.26875 0.3234375 0.0171875 0.01953125
3 0.28125 0.21875 0.0234375 0.0453125
3 0.3484375 0.228125 0.025 0.05859375
0 0.34140625 0.2921875 0.02109375 0.0265625
3 0.40078125 0.22890625 0.02578125 0.05625
0 0.409375 0.2859375 0.01796875 0.02890625
3 0.465625 0.25 0.0265625 0.05546875
3 0.52890625 0.21796875 0.02421875 0.0546875
0 0.528125 0.28046875 0.0203125 0.03125
3 0.634375 0.21875 0.0234375 0.05390625
0 0.634375 0.29296875 0.02578125 0.025
3 0.70625 0.22890625 0.02109375 0.05078125
0 0.703125 0.29140625 0.025 0.040625
3 0.759375 0.24453125 0.0265625 0.05625
0 0.75625 0.31796875 0.02421875 0.0265625
3 0.7875 0.34140625 0.02578125 0.0609375
0 0.77890625 0.42109375 0.02421875 0.03046875
3 0.59765625 0.353125 0.03203125 0.0609375
0 0.590625 0.41328125 0.0234375 0.03671875
3 0.51484375 0.3109375 0.0296875 0.06875
7 0.51640625 0.41640625 0.05 0.0484375
5 0.48515625 0.42109375 0.01484375 0.03046875
3 0.446875 0.30546875 0.02890625 0.05546875
6 0.37265625 0.29375 0.02890625 0.06640625
3 0.31015625 0.365625 0.03046875 0.0609375
0 0.30703125 0.41796875 0.03359375 0.034375
3 0.24453125 0.36875 0.025 0.0515625
0 0.246875 0.41640625 0.025 0.028125
3 0.19140625 0.36875 0.02578125 0.05078125
0 0.18828125 0.428125 0.021875 0.03046875
9 0.13515625 0.53984375 0.03046875 0.059375
5 0.13828125 0.60546875 0.01484375 0.03515625
9 0.18515625 0.49765625 0.03203125 0.06953125
5 0.18203125 0.60546875 0.01875 0.0390625
2 0.20625 0.60703125 0.05234375 0.0640625
3 0.2625 0.546875 0.0359375 0.06875
0 0.25703125 0.60625 0.02578125 0.0453125
3 0.35234375 0.48046875 0.0328125 0.0703125
0 0.371875 0.5890625 0.02421875 0.02578125
3 0.4125 0.4859375 0.03984375 0.08046875
0 0.425 0.58125 0.0296875 0.03203125
3 0.59765625 0.50546875 0.03515625 0.07890625
0 0.59140625 0.58125 0.03125 0.03515625
3 0.6984375 0.54296875 0.03984375 0.0734375
0 0.67578125 0.6046875 0.025 0.06328125
2 0.6984375 0.61875 0.05390625 0.06875
3 0.7625 0.49296875 0.02890625 0.06953125
7 0.7734375 0.60546875 0.05546875 0.071875
3 0.8375 0.53125 0.034375 0.071875
0 0.83125 0.60625 0.02109375 0.03125
3 0.703125 0.72265625 0.0421875 0.08046875
0 0.69765625 0.8109375 0.04296875 0.04453125
3 0.921875 0.45390625 0.02421875 0.05859375
0 0.92578125 0.5484375 0.02421875 0.03046875
3 0.8765625 0.33828125 0.02421875 0.05
3 0.91015625 0.34375 0.02109375 0.0515625
0 0.86796875 0.39140625 0.0171875 0.03046875
3 0.82421875 0.21796875 0.0203125 0.04921875
3 0.86875 0.24453125 0.01796875 0.04375
2 0.83515625 0.29140625 0.03671875 0.034375
3 0.803125 0.16640625 0.01875 0.040625
3 0.84140625 0.18046875 0.01875 0.04296875
3 0.76328125 0.09375 0.01796875 0.03984375
2 0.76953125 0.15546875 0.02109375 0.02578125
3 0.803125 0.11640625 0.0140625 0.03828125
3 0.78203125 0.09296875 0.01796875 0.034375
3 0.74921875 0.04453125 0.01171875 0.028125
3 0.71953125 0.028125 0.01484375 0.03359375