10 0.1375 0.33125 0.04921875 0.07578125
2 0.121875 0.403125 0.02578125 0.0296875
10 0.17890625 0.23046875 0.04453125 0.10390625
10 0.15 0.23125 0.03203125 0.08515625
10 0.18828125 0.16640625 0.03125 0.06015625
10 0.228125 0.146875 0.03359375 0.08125
2 0.2171875 0.190625 0.02734375 0.0234375
10 0.24765625 0.10625 0.03046875 0.05859375
10 0.209375 0.1234375 0.03203125 0.05546875
1 0.2765625 0.06953125 0.03984375 0.04609375
10 0.27890625 0.040625 0.03203125 0.046875
1 0.30703125 0.03203125 0.03125 0.0484375
10 0.346875 0.10546875 0.05078125 0.07421875
10 0.43203125 0.0484375 0.03984375 0.05390625
1 0.43203125 0.103125 0.046875 0.05625
1 0.478125 0.09296875 0.05390625 0.065625
10 0.4703125 0.040625 0.03984375 0.059375
10 0.5109375 0.04375 0.0375 0.05703125
1 0.55 0.04296875 0.03984375 0.0546875
10 0.5265625 0.09140625 0.04296875 0.075
1 0.56640625 0.09375 0.04453125 0.06484375
10 0.59140625 0.04140625 0.040625 0.059375
1 0.640625 0.0546875 0.03359375 0.04609375
10 0.61015625 0.08359375 0.04140625 0.08125
10 0.653125 0.0953125 0.0453125 0.08515625
1 0.7 0.16875 0.0546875 0.08671875
10 0.653125 0.15546875 0.0421875 0.08515625
10 0.61328125 0.14296875 0.04375 0.09375
10 0.571875 0.16171875 0.06328125 0.08125
2 0.48203125 0.13203125 0.01953125 0.0265625
10 0.50703125 0.153125 0.04609375 0.08828125
10 0.453125 0.15859375 0.06015625 0.10078125
10 0.396875 0.0796875 0.04296875 0.10703125
1 0.40078125 0.16328125 0.05390625 0.08125
1 0.35546875 0.17421875 0.04765625 0.06953125
10 0.31015625 0.1875 0.04375 0.09375
1 0.26953125 0.1953125 0.04609375 0.0609375
10 0.24140625 0.2671875 0.05546875 0.1265625
10 0.2875 0.25625 0.05546875 0.09921875
10 0.346875 0.25 0.0609375 0.10546875
1 0.4078125 0.24765625 0.06640625 0.09375
1 0.46640625 0.2546875 0.05859375 0.071875
10 0.52890625 0.2421875 0.06875 0.0953125
10 0.63203125 0.2484375 0.06171875 0.11875
10 0.696875 0.25 0.05546875 0.09453125
10 0.74921875 0.27578125 0.06015625 0.11875
2 0.6734375 0.30546875 0.028125 0.03515625
2 0.69921875 0.30625 0.0265625 0.03828125
10 0.77890625 0.38046875 0.05703125 0.10703125
1 0.7203125 0.378125 0.06640625 0.103125
1 0.65390625 0.36875 0.06640625 0.12578125
1 0.584375 0.36328125 0.07734375 0.1359375
8 0.73515625 0.39296875 0.03125 0.0640625
8 0.659375 0.38046875 0.03046875 0.05546875
5 0.64921875 0.43125 0.0203125 0.0359375
5 0.72890625 0.4375 0.02265625 0.03046875
10 0.51328125 0.36015625 0.07578125 0.15
10 0.4546875 0.33046875 0.06328125 0.1390625
10 0.38671875 0.33359375 0.07890625 0.15078125
1 0.31015625 0.3734375 0.08359375 0.11875
1 0.2515625 0.36953125 0.05390625 0.1
10 0.19765625 0.3890625 0.05546875 0.11015625
1 0.14609375 0.55859375 0.0703125 0.103125
10 0.2140625 0.521875 0.06171875 0.14453125
1 0.26953125 0.55546875 0.08671875 0.11640625
10 0.35078125 0.5390625 0.08203125 0.16484375
10 0.43125 0.5203125 0.0828125 0.14453125
10 0.6 0.528125 0.09921875 0.15390625
1 0.68515625 0.5390625 0.084375 0.14921875
10 0.75625 0.5390625 0.07578125 0.1234375
1 0.8234375 0.54375 0.071875 0.15546875
10 0.6796875 0.76484375 0.109375 0.2
2 0.525 0.9390625 0.06171875 0.121875
10 0.96640625 0.70625 0.06640625 0.1046875
0 0.98984375 0.74609375 0.0203125 0.0296875
10 0.903125 0.50546875 0.0640625 0.159375
1 0.86015625 0.35546875 0.04921875 0.10390625
1 0.9 0.35625 0.03671875 0.0953125
1 0.82265625 0.25625 0.05703125 0.075
10 0.86015625 0.265625 0.03515625 0.06796875
10 0.79375 0.18046875 0.04765625 0.07109375
5 0.7921875 0.22890625 0.01328125 0.01640625
10 0.83203125 0.19296875 0.0375 0.06796875
10 0.75703125 0.11875 0.04140625 0.08515625
10 0.79765625 0.128125 0.03203125 0.06328125
1 0.77890625 0.09765625 0.02578125 0.04375
1 0.73671875 0.0796875 0.02890625 0.04609375
10 0.715625 0.03671875 0.0296875 0.05859375
10 0.7453125 0.053125 0.025 0.03984375
2 0.38828125 0.428125 0.05078125 0.0484375
2 0.45234375 0.409375 0.0515625 0.04921875
2 0.23984375 0.44609375 0.0296875 0.04375
5 0.5015625 0.20546875 0.01171875 0.021875
2 0.6625 0.209375 0.04140625 0.03046875
5 0.58125 0.81875 0.03203125 0.05390625
5 0.93515625 0.5734375 0.0125 0.03046875
3 0.1234375 0.32109375 0.02109375 0.04375
2 0.13203125 0.37109375 0.01953125 0.03046875
5 0.14140625 0.38046875 0.01484375 0.025
3 0.14453125 0.21328125 0.01796875 0.04453125
3 0.165625 0.20390625 0.01953125 0.04453125
3 0.1859375 0.15390625 0.01484375 0.03203125
9 0.22578125 0.12421875 0.01796875 0.03046875
5 0.215625 0.18671875 0.00859375 0.01953125
6 0.20859375 0.11015625 0.0140625 0.03125
3 0.2421875 0.09375 0.01484375 0.0296875
0 0.26953125 0.0890625 0.01328125 0.0140625
3 0.27265625 0.065625 0.015625 0.0296875
9 0.33203125 0.08984375 0.02265625 0.03515625
6 0.396875 0.04375 0.02109375 0.040625
5 0.390625 0.13125 0.01640625 0.0140625
3 0.440625 0.09296875 0.02109375 0.03828125
3 0.42890625 0.03828125 0.01328125 0.03125
3 0.46875 0.02578125 0.01640625 0.03125
3 0.48203125 0.08203125 0.02109375 0.0390625
3 0.51328125 0.03046875 0.015625 0.03125
7 0.51171875 0.06875 0.0203125 0.0203125
0 0.46640625 0.06328125 0.01875 0.01328125
0 0.528125 0.1171875 0.0203125 0.01953125
3 0.53125 0.0765625 0.01796875 0.03984375
3 0.55390625 0.0359375 0.01640625 0.03125
3 0.56640625 0.08046875 0.01875 0.040625
3 0.5953125 0.0296875 0.01796875 0.03515625
0 0.59765625 0.05703125 0.015625 0.01640625
2 0.59140625 0.0734375 0.015625 0.01953125
6 0.61953125 0.065625 0.01796875 0.0390625
3 0.65390625 0.0765625 0.01953125 0.0390625
3 0.64375 0.05078125 0.01796875 0.03125
9 0.690625 0.15234375 0.02421875 0.0453125
3 0.6578125 0.1359375 0.01953125 0.04375
0 0.66328125 0.1859375 0.01953125 0.01875
0 0.70703125 0.20625 0.01953125 0.02109375
2 0.61875 0.2 0.0234375 0.03125
3 0.62265625 0.11953125 0.02421875 0.04375
3 0.575 0.14296875 0.02265625 0.046875
7 0.57578125 0.19375 0.028125 0.028125
3 0.51015625 0.13203125 0.02265625 0.0484375
3 0.44921875 0.13359375 0.0234375 0.04609375
0 0.44765625 0.196875 0.02578125 0.025
9 0.40390625 0.1484375 0.025 0.04375
5 0.390625 0.20390625 0.0140625 0.02109375
3 0.353125 0.17109375 0.02109375 0.04140625
3 0.3046875 0.165625 0.021875 0.04453125
5 0.30625 0.21328125 0.01171875 0.01953125
7 0.31015625 0.21796875 0.03359375 0.03046875
3 0.26015625 0.19609375 0.021875 0.0390625
3 0.234375 0.23046875 0.0234375 0.0515625
7 0.24296875 0.31171875 0.0421875 0.04453125
3 0.27890625 0.23359375 0.02265625 0.05
0 0.27890625 0.29296875 0.02109375 0.028125
2 0.296875 0.30546875 0.0265625 0.03359375
3 0.346875 0.228125 0.0234375 0.05625
0 0.34140625 0.290625 0.02265625 0.02890625
3 0.4 0.23046875 0.02578125 0.05703125
0 0.41015625 0.2859375 0.021875 0.0203125
3 0.465625 0.25 0.0296875 0.05546875
3 0.53125 0.22421875 0.02578125 0.05625
0 0.528125 0.28203125 0.0203125 0.03359375
3 0.63359375 0.21796875 0.02265625 0.053125
0 0.6359375 0.29375 0.02578125 0.025
3 0.696875 0.23125 0.02265625 0.046875
0 0.69453125 0.28203125 0.02421875 0.02421875
0 0.75859375 0.31875 0.0265625 0.028125
3 0.7609375 0.24921875 0.02578125 0.05546875
3 0.7921875 0.35625 0.02734375 0.0546875
0 0.77890625 0.421875 0.02265625 0.03046875
0 0.590625 0.41328125 0.0234375 0.03828125
3 0.59765625 0.353125 0.03203125 0.05859375
3 0.51875 0.31875 0.03203125 0.065625
5 0.50703125 0.41796875 0.01484375 0.03046875
7 0.51328125 0.4171875 0.05390625 0.04921875
3 0.45 0.29296875 0.028125 0.06171875
6 0.3828125 0.29921875 0.03046875 0.06953125
3 0.296875 0.346875 0.0328125 0.0640625
3 0.303125 0.41171875 0.03515625 0.03359375
0 0.246875 0.41640625 0.0234375 0.02890625
3 0.24375 0.36875 0.02734375 0.0515625
3 0.1921875 0.371875 0.02890625 0.05390625
0 0.1875 0.428125 0.0234375 0.03515625
3 0.13203125 0.55625 0.02890625 0.05859375
0 0.13515625 0.60625 0.021875 0.03984375
5 0.18125 0.60625 0.0171875 0.03984375
3 0.1984375 0.4890625 0.028125 0.06484375
3 0.2625 0.54921875 0.0328125 0.059375
7 0.20625 0.5984375 0.0515625 0.06953125
0 0.25703125 0.60625 0.02578125 0.046875
3 0.346875 0.49375 0.03203125 0.07421875
0 0.35 0.60546875 0.03203125 0.03125
3 0.42578125 0.49296875 0.034375 0.08515625
0 0.425 0.58125 0.0296875 0.03203125
3 0.59921875 0.50625 0.03828125 0.07890625
0 0.59296875 0.5828125 0.0296875 0.03828125
0 0.67265625 0.603125 0.02890625 0.06796875
3 0.6984375 0.54296875 0.040625 0.0765625
3 0.7 0.61953125 0.05078125 0.06875
6 0.77109375 0.51640625 0.03046875 0.0734375
2 0.77578125 0.6203125 0.05546875 0.06328125
3 0.8359375 0.53515625 0.03203125 0.06875
0 0.83125 0.60625 0.02109375 0.0296875
3 0.6828125 0.71171875 0.04140625 0.09453125
7 0.7078125 0.8234375 0.065625 0.09375
6 0.91953125 0.45625 0.02265625 0.05625
3 0.87265625 0.33125 0.02265625 0.04921875
6 0.90625 0.33359375 0.01953125 0.04921875
7 0.90859375 0.39609375 0.01953125 0.03515625
3 0.83203125 0.24375 0.02109375 0.04453125
3 0.86953125 0.25390625 0.01640625 0.040625
0 0.8265625 0.28203125 0.01796875 0.0234375
3 0.80703125 0.16484375 0.01953125 0.040625
3 0.84140625 0.18203125 0.01640625 0.04296875
3 0.7640625 0.09375 0.01875 0.03828125
3 0.803125 0.115625 0.0171875 0.03671875
2 0.7703125 0.15625 0.02109375 0.0234375
3 0.71953125 0.021875 0.01484375 0.03046875