10 0.13515625 0.34375 0.046875 0.08671875
2 0.121875 0.403125 0.02578125 0.0296875
10 0.1796875 0.23125 0.04375 0.09921875
10 0.15078125 0.2328125 0.03046875 0.084375
10 0.18828125 0.16640625 0.03125 0.06015625
1 0.22265625 0.1671875 0.04140625 0.046875
2 0.21640625 0.19140625 0.02578125 0.0203125
10 0.24453125 0.109375 0.03359375 0.05625
10 0.21171875 0.11796875 0.0328125 0.053125
1 0.275 0.06953125 0.03984375 0.04609375
1 0.278125 0.04140625 0.03125 0.04921875
10 0.30703125 0.03359375 0.03046875 0.05546875
1 0.3921875 0.0640625 0.04609375 0.04453125
10 0.34921875 0.1046875 0.04765625 0.07578125
10 0.43203125 0.05078125 0.03984375 0.05078125
1 0.43125 0.1015625 0.04765625 0.06015625
1 0.478125 0.09296875 0.05390625 0.065625
10 0.4703125 0.040625 0.03984375 0.059375
10 0.5109375 0.04375 0.0375 0.05703125
1 0.55 0.04296875 0.03984375 0.0546875
10 0.5265625 0.090625 0.04375 0.07421875
10 0.565625 0.09375 0.04296875 0.078125
10 0.59140625 0.0421875 0.04296875 0.05859375
1 0.63828125 0.05546875 0.03671875 0.05
10 0.609375 0.08203125 0.03828125 0.06328125
10 0.65390625 0.09453125 0.04453125 0.08828125
1 0.703125 0.17890625 0.05390625 0.07421875
10 0.65625 0.15546875 0.04140625 0.08125
10 0.61953125 0.14375 0.0375 0.1015625
10 0.57578125 0.15546875 0.0625 0.0890625
2 0.48203125 0.13203125 0.01953125 0.0265625
10 0.50703125 0.15390625 0.04609375 0.08828125
10 0.453125 0.15859375 0.0609375 0.09453125
10 0.39375 0.09765625 0.04453125 0.08046875
10 0.40078125 0.15625 0.05546875 0.08828125
1 0.35546875 0.1734375 0.04765625 0.06953125
1 0.31015625 0.18125 0.04765625 0.103125
1 0.26875 0.1828125 0.0484375 0.0859375
10 0.2390625 0.2734375 0.05546875 0.1296875
10 0.28828125 0.25546875 0.05703125 0.1
10 0.346875 0.25078125 0.0609375 0.10546875
1 0.4078125 0.24921875 0.06640625 0.09453125
1 0.46796875 0.2546875 0.0578125 0.071875
10 0.53125 0.24296875 0.0734375 0.1
10 0.63203125 0.2515625 0.06171875 0.1109375
10 0.69453125 0.253125 0.05390625 0.090625
10 0.75 0.278125 0.06015625 0.11953125
2 0.6734375 0.30546875 0.028125 0.03515625
2 0.69921875 0.30625 0.0265625 0.03828125
10 0.77890625 0.38046875 0.05703125 0.10703125
1 0.7203125 0.378125 0.06640625 0.103125
1 0.65390625 0.36875 0.06640625 0.12578125
1 0.58515625 0.3609375 0.07734375 0.13359375
8 0.73515625 0.39296875 0.03125 0.0640625
8 0.659375 0.38046875 0.03046875 0.05546875
5 0.64921875 0.43125 0.0203125 0.0359375
5 0.72890625 0.4375 0.02265625 0.03046875
10 0.509375 0.35625 0.0796875 0.14921875
10 0.45390625 0.3265625 0.06015625 0.13984375
10 0.384375 0.34296875 0.0796875 0.13515625
1 0.3125 0.37421875 0.0859375 0.10625
1 0.2515625 0.37109375 0.05390625 0.1
10 0.19765625 0.3875 0.05859375 0.10625
1 0.15 0.56015625 0.0640625 0.10546875
10 0.2125 0.53125 0.06640625 0.13203125
10 0.275 0.54921875 0.07421875 0.15625
10 0.35078125 0.5375 0.08203125 0.16953125
10 0.43203125 0.521875 0.08203125 0.14453125
10 0.60078125 0.52890625 0.09921875 0.15078125
1 0.6875 0.54375 0.08515625 0.15703125
10 0.759375 0.55625 0.0734375 0.16953125
1 0.8234375 0.54375 0.071875 0.15546875
10 0.67109375 0.74609375 0.10859375 0.16953125
10 0.96640625 0.70234375 0.06640625 0.1046875
0 0.99140625 0.74921875 0.01640625 0.03125
10 0.90234375 0.50546875 0.06328125 0.1546875
1 0.86015625 0.35546875 0.04921875 0.10390625
1 0.9015625 0.35625 0.04296875 0.10859375
1 0.8203125 0.25546875 0.06171875 0.075
10 0.86015625 0.2609375 0.03515625 0.06875
10 0.796875 0.178125 0.04375 0.06796875
5 0.7921875 0.22890625 0.01328125 0.01640625
10 0.83203125 0.19296875 0.0375 0.06796875
10 0.75703125 0.11796875 0.03984375 0.078125
10 0.79765625 0.128125 0.03203125 0.06328125
1 0.77890625 0.09765625 0.02578125 0.04375
1 0.73671875 0.07421875 0.0296875 0.05625
10 0.71328125 0.03828125 0.03046875 0.06171875
1 0.74609375 0.05546875 0.0234375 0.0359375
2 0.38828125 0.428125 0.05078125 0.0484375
2 0.45234375 0.40703125 0.0515625 0.04921875
2 0.23984375 0.44609375 0.0296875 0.04375
5 0.5015625 0.20546875 0.01171875 0.021875
2 0.6625 0.209375 0.04140625 0.03046875
5 0.58125 0.81953125 0.03203125 0.05390625
5 0.93515625 0.5734375 0.0125 0.03046875
3 0.125 0.3296875 0.021875 0.04453125
7 0.13203125 0.36875 0.02109375 0.03515625
3 0.14921875 0.21640625 0.01796875 0.040625
3 0.16640625 0.20546875 0.01875 0.040625
3 0.18671875 0.1546875 0.01484375 0.03125
3 0.21328125 0.16484375 0.01640625 0.040625
6 0.2078125 0.11015625 0.01484375 0.03125
3 0.2375 0.09765625 0.01484375 0.03046875
3 0.271875 0.06640625 0.01640625 0.03046875
0 0.26953125 0.0890625 0.01328125 0.01484375
3 0.27734375 0.03125 0.01484375 0.03046875
3 0.30390625 0.01796875 0.01328125 0.0265625
3 0.346875 0.08203125 0.0171875 0.03671875
0 0.3609375 0.13125 0.01328125 0.02109375
3 0.3921875 0.08359375 0.02109375 0.0390625
3 0.43515625 0.09375 0.02109375 0.0390625
3 0.484375 0.08125 0.01953125 0.03828125
3 0.4703125 0.02578125 0.01484375 0.03125
3 0.52890625 0.0734375 0.01953125 0.04453125
0 0.52890625 0.11640625 0.021875 0.01875
3 0.51640625 0.03125 0.015625 0.03203125
7 0.51171875 0.06796875 0.0203125 0.02109375
3 0.54921875 0.0375 0.01640625 0.03046875
3 0.59609375 0.03046875 0.0171875 0.03515625
0 0.59921875 0.0578125 0.01640625 0.015625
2 0.59296875 0.0734375 0.0171875 0.01953125
3 0.64453125 0.05078125 0.01796875 0.03046875
3 0.65546875 0.07421875 0.0203125 0.04375
3 0.615625 0.0734375 0.01953125 0.04296875
3 0.56328125 0.0765625 0.02109375 0.03984375
0 0.56875 0.1265625 0.0234375 0.02421875
3 0.26875 0.165625 0.0203125 0.04140625
3 0.30078125 0.15546875 0.02265625 0.04453125
5 0.30625 0.2125 0.01171875 0.01953125
7 0.309375 0.21875 0.03359375 0.028125
3 0.353125 0.17109375 0.0203125 0.04375
9 0.403125 0.14140625 0.02421875 0.05078125
5 0.390625 0.2046875 0.0109375 0.021875
3 0.45 0.1375 0.02109375 0.04375
0 0.44765625 0.19296875 0.02734375 0.025
3 0.509375 0.13125 0.02109375 0.05
9 0.59375 0.13671875 0.0234375 0.04375
0 0.57421875 0.19140625 0.0203125 0.0234375
3 0.62265625 0.11796875 0.02109375 0.04609375
0 0.62265625 0.18125 0.01328125 0.02109375
9 0.65625 0.13515625 0.021875 0.04453125
3 0.71328125 0.16875 0.02265625 0.04296875
0 0.70703125 0.20625 0.02109375 0.02109375
3 0.76171875 0.24765625 0.02578125 0.05625
0 0.75859375 0.31796875 0.0265625 0.0265625
3 0.69453125 0.23046875 0.02421875 0.0484375
0 0.69453125 0.28125 0.025 0.0234375
3 0.63359375 0.21796875 0.0234375 0.053125
0 0.63515625 0.29375 0.02734375 0.02578125
0 0.528125 0.28359375 0.01953125 0.03125
3 0.53359375 0.21875 0.02734375 0.05390625
3 0.46640625 0.24609375 0.028125 0.0546875
3 0.40078125 0.23046875 0.02578125 0.05703125
0 0.409375 0.28359375 0.02109375 0.02421875
3 0.346875 0.2296875 0.02421875 0.059375
3 0.28125 0.23203125 0.02421875 0.05078125
0 0.28046875 0.29140625 0.02109375 0.028125
0 0.34296875 0.29296875 0.02265625 0.02578125
2 0.296875 0.30546875 0.028125 0.03515625
3 0.234375 0.240625 0.02265625 0.0515625
0 0.23125 0.3234375 0.0296875 0.02109375
3 0.19140625 0.37109375 0.02734375 0.05390625
0 0.18828125 0.42578125 0.02421875 0.03125
0 0.24453125 0.415625 0.02578125 0.02890625
3 0.24453125 0.36796875 0.02734375 0.053125
3 0.30625 0.35546875 0.0296875 0.0609375
0 0.30625 0.4125 0.0328125 0.03046875
9 0.37265625 0.30703125 0.03203125 0.065625
6 0.44765625 0.28828125 0.02734375 0.06171875
5 0.4875 0.43046875 0.01796875 0.03359375
9 0.503125 0.31796875 0.0328125 0.0640625
7 0.51796875 0.41796875 0.04921875 0.04921875
3 0.596875 0.353125 0.03203125 0.059375
0 0.590625 0.415625 0.02265625 0.03671875
0 0.77890625 0.41875 0.021875 0.03125
3 0.79140625 0.35625 0.02734375 0.0546875
3 0.8375 0.53359375 0.03359375 0.06875
0 0.83203125 0.60625 0.02109375 0.03046875
6 0.76953125 0.50625 0.03046875 0.07109375
7 0.77734375 0.62109375 0.05078125 0.06015625
3 0.703125 0.534375 0.04140625 0.08125
0 0.67265625 0.60703125 0.03046875 0.0546875
2 0.6984375 0.61796875 0.05234375 0.06953125
3 0.60078125 0.50625 0.0375 0.0765625
0 0.59609375 0.58671875 0.0265625 0.03125
3 0.425 0.49375 0.03359375 0.08359375
0 0.425 0.57890625 0.02890625 0.03203125
3 0.34609375 0.49296875 0.0328125 0.07109375
0 0.35078125 0.60546875 0.03046875 0.03203125
0 0.2703125 0.61171875 0.02734375 0.04453125
3 0.27578125 0.51640625 0.03125 0.06484375
9 0.19453125 0.5 0.03046875 0.06875
7 0.20546875 0.60078125 0.0515625 0.06953125
5 0.18203125 0.60546875 0.01640625 0.03671875
9 0.1484375 0.53984375 0.03359375 0.0515625
5 0.1390625 0.60546875 0.01640625 0.040625
3 0.696875 0.71484375 0.04140625 0.08515625
2 0.7140625 0.84140625 0.06171875 0.09921875
6 0.91875 0.45625 0.02265625 0.06015625
3 0.87265625 0.33125 0.021875 0.04921875
3 0.9125 0.32890625 0.01796875 0.05
0 0.82578125 0.28125 0.01953125 0.0234375
3 0.83125 0.24296875 0.02109375 0.04453125
3 0.86875 0.253125 0.0171875 0.04375
3 0.8078125 0.165625 0.01796875 0.04140625
3 0.840625 0.18125 0.0171875 0.04140625
3 0.76484375 0.0953125 0.0171875 0.03671875
2 0.76953125 0.15546875 0.02109375 0.021875
3 0.803125 0.115625 0.01484375 0.03671875
3 0.75 0.0515625 0.0125 0.0265625
3 0.71875 0.0234375 0.0140625 0.03046875
2 0.4546875 0.9453125 0.06484375 0.109375