10 0.13671875 0.34296875 0.04765625 0.09375
2 0.121875 0.403125 0.02578125 0.0296875
10 0.1796875 0.23046875 0.04453125 0.0984375
10 0.1484375 0.24140625 0.03203125 0.07890625
10 0.19140625 0.16640625 0.03515625 0.0609375
10 0.22890625 0.14453125 0.03359375 0.07578125
2 0.2171875 0.190625 0.02734375 0.0234375
10 0.2421875 0.10546875 0.02890625 0.06328125
10 0.21015625 0.12109375 0.03046875 0.05625
1 0.27578125 0.07109375 0.04140625 0.04453125
1 0.278125 0.04140625 0.03203125 0.046875
1 0.30625 0.03203125 0.03046875 0.04921875
1 0.3921875 0.0625 0.04609375 0.04375
10 0.346875 0.09453125 0.0515625 0.090625
10 0.43203125 0.05078125 0.03984375 0.05078125
1 0.43203125 0.103125 0.046875 0.0546875
1 0.478125 0.09296875 0.05390625 0.065625
10 0.4703125 0.04140625 0.03984375 0.059375
10 0.5109375 0.04375 0.0375 0.05703125
10 0.55 0.04375 0.0390625 0.0515625
10 0.5265625 0.090625 0.04296875 0.071875
1 0.565625 0.09375 0.04140625 0.06875
10 0.59140625 0.04140625 0.04296875 0.0609375
1 0.6375 0.05546875 0.03671875 0.04609375
10 0.61015625 0.08828125 0.040625 0.0734375
10 0.65390625 0.09296875 0.04609375 0.084375
1 0.7 0.16796875 0.05546875 0.09609375
10 0.653125 0.15546875 0.04296875 0.08515625
10 0.615625 0.14453125 0.04375 0.09453125
10 0.57265625 0.16484375 0.06015625 0.0984375
2 0.48203125 0.13125 0.01953125 0.0265625
10 0.50703125 0.153125 0.04609375 0.08828125
10 0.45390625 0.1609375 0.06015625 0.09453125
10 0.39296875 0.09609375 0.04453125 0.08046875
1 0.40078125 0.16171875 0.05390625 0.08046875
1 0.35546875 0.171875 0.04765625 0.06875
1 0.31015625 0.1875 0.04609375 0.09375
10 0.2703125 0.18125 0.05 0.08046875
10 0.23984375 0.26796875 0.0546875 0.1265625
10 0.28828125 0.25546875 0.05703125 0.1
10 0.346875 0.25078125 0.0609375 0.10625
1 0.4078125 0.24765625 0.06640625 0.09375
1 0.46796875 0.2546875 0.0578125 0.071875
10 0.52890625 0.2421875 0.06875 0.0953125
10 0.63203125 0.2515625 0.06171875 0.1109375
10 0.696875 0.2484375 0.05546875 0.09375
1 0.75 0.28125 0.06015625 0.1140625
2 0.6734375 0.30546875 0.028125 0.03515625
2 0.69921875 0.30625 0.0265625 0.03828125
10 0.77890625 0.38046875 0.05703125 0.10703125
1 0.7203125 0.378125 0.06640625 0.103125
1 0.65390625 0.36875 0.06640625 0.128125
1 0.584375 0.36328125 0.07734375 0.1359375
8 0.73515625 0.39296875 0.03125 0.0640625
8 0.659375 0.38046875 0.03046875 0.05546875
5 0.64921875 0.43125 0.0203125 0.0359375
5 0.72890625 0.43671875 0.02265625 0.03125
10 0.51171875 0.36875 0.07421875 0.15078125
10 0.4546875 0.3359375 0.06015625 0.11875
10 0.38515625 0.33671875 0.07890625 0.14453125
10 0.3125 0.3765625 0.0875 0.11171875
1 0.2515625 0.37265625 0.053125 0.10625
10 0.19765625 0.3890625 0.05546875 0.11015625
1 0.146875 0.55703125 0.0703125 0.103125
1 0.21953125 0.53046875 0.05703125 0.1359375
10 0.275 0.53046875 0.08046875 0.19296875
10 0.35078125 0.53828125 0.08203125 0.16328125
10 0.43359375 0.52109375 0.0828125 0.14453125
10 0.60078125 0.52890625 0.09765625 0.15390625
1 0.68515625 0.546875 0.08359375 0.15546875
10 0.75546875 0.565625 0.0765625 0.1765625
1 0.8234375 0.54375 0.071875 0.15546875
10 0.66953125 0.73046875 0.10703125 0.159375
10 0.96640625 0.70234375 0.06640625 0.1046875
0 0.98984375 0.7453125 0.0203125 0.03125
10 0.9015625 0.50625 0.0625 0.153125
1 0.86015625 0.35546875 0.04921875 0.10390625
10 0.90390625 0.35625 0.04609375 0.09375
1 0.82109375 0.25546875 0.0609375 0.075
10 0.86015625 0.2625 0.03515625 0.06953125
10 0.79140625 0.18046875 0.04921875 0.07421875
5 0.7921875 0.22890625 0.01328125 0.01640625
10 0.83203125 0.19296875 0.0375 0.06796875
10 0.75703125 0.115625 0.040625 0.0796875
10 0.79765625 0.128125 0.03203125 0.06328125
1 0.77890625 0.096875 0.02578125 0.04453125
1 0.73515625 0.0734375 0.02890625 0.05625
10 0.7140625 0.03671875 0.03046875 0.05546875
1 0.746875 0.05546875 0.02265625 0.0359375
2 0.38828125 0.428125 0.05078125 0.0484375
2 0.453125 0.4078125 0.0515625 0.04921875
2 0.23984375 0.44453125 0.0296875 0.04375
5 0.5015625 0.20546875 0.01171875 0.021875
2 0.6625 0.20859375 0.04140625 0.03046875
5 0.58125 0.81875 0.03203125 0.05390625
5 0.93515625 0.5734375 0.0125 0.03125
3 0.12421875 0.321875 0.02109375 0.04453125
7 0.13203125 0.36796875 0.02421875 0.03984375
9 0.1453125 0.21953125 0.02109375 0.0390625
3 0.16640625 0.20546875 0.01875 0.04296875
3 0.1859375 0.15390625 0.01484375 0.03203125
9 0.221875 0.12890625 0.01640625 0.03515625
5 0.21640625 0.1859375 0.009375 0.01875
6 0.2078125 0.109375 0.01484375 0.03125
6 0.23671875 0.09296875 0.0140625 0.03203125
3 0.271875 0.06796875 0.01640625 0.03046875
0 0.2703125 0.08671875 0.01328125 0.01953125
3 0.278125 0.03046875 0.0140625 0.0296875
3 0.30078125 0.0234375 0.01484375 0.03046875
6 0.3484375 0.06875 0.01796875 0.03671875
3 0.39140625 0.0859375 0.021875 0.04375
3 0.42890625 0.0375 0.01484375 0.03046875
3 0.43984375 0.096875 0.0203125 0.04453125
2 0.434375 0.07421875 0.028125 0.01875
3 0.46953125 0.028125 0.015625 0.03046875
3 0.48359375 0.08125 0.0203125 0.040625
3 0.52890625 0.075 0.01953125 0.04453125
0 0.528125 0.1140625 0.02265625 0.02109375
3 0.515625 0.03046875 0.0140625 0.03125
7 0.51171875 0.06796875 0.01953125 0.01953125
3 0.55078125 0.03125 0.015625 0.03203125
3 0.56640625 0.08125 0.01953125 0.04140625
3 0.59609375 0.03046875 0.0171875 0.03515625
2 0.59296875 0.0734375 0.0171875 0.01953125
3 0.64453125 0.053125 0.01796875 0.03203125
3 0.65390625 0.0765625 0.01875 0.03984375
3 0.6140625 0.071875 0.01796875 0.04453125
3 0.26015625 0.16484375 0.02109375 0.0390625
3 0.30703125 0.165625 0.02109375 0.04453125
3 0.353125 0.17109375 0.0203125 0.04375
9 0.3984375 0.14921875 0.02421875 0.04453125
5 0.390625 0.2046875 0.01171875 0.021875
3 0.45 0.140625 0.02265625 0.0453125
0 0.44921875 0.19453125 0.02421875 0.0234375
3 0.509375 0.13125 0.02109375 0.04921875
9 0.58203125 0.1421875 0.02421875 0.046875
0 0.5734375 0.19140625 0.02109375 0.0234375
3 0.625 0.121875 0.02109375 0.04375
0 0.621875 0.1703125 0.01484375 0.02421875
2 0.61875 0.19921875 0.0234375 0.03046875
3 0.6578125 0.1359375 0.02109375 0.04375
0 0.6625 0.1875 0.0171875 0.01953125
9 0.690625 0.14296875 0.02265625 0.046875
0 0.70703125 0.20546875 0.01953125 0.021875
3 0.76171875 0.2546875 0.0265625 0.05546875
0 0.759375 0.31796875 0.0234375 0.025
3 0.69609375 0.23125 0.0234375 0.046875
0 0.69453125 0.28046875 0.025 0.021875
3 0.634375 0.21875 0.0234375 0.0515625
0 0.63515625 0.29375 0.02578125 0.02421875
3 0.53203125 0.22890625 0.02578125 0.053125
0 0.528125 0.28125 0.0203125 0.03203125
3 0.465625 0.24453125 0.02734375 0.0515625
0 0.46640625 0.27890625 0.03125 0.02578125
3 0.4 0.23125 0.0265625 0.05625
0 0.41015625 0.2859375 0.021875 0.01953125
3 0.34609375 0.2296875 0.02421875 0.0609375
0 0.34140625 0.290625 0.021875 0.02578125
3 0.27890625 0.23125 0.02421875 0.0515625
0 0.27890625 0.29296875 0.01953125 0.028125
3 0.23984375 0.234375 0.0234375 0.05625
2 0.29453125 0.30546875 0.028125 0.03515625
2 0.25390625 0.31875 0.02421875 0.03125
0 0.303125 0.21015625 0.0171875 0.01875
3 0.190625 0.37109375 0.02734375 0.05390625
0 0.18828125 0.43046875 0.021875 0.03046875
3 0.240625 0.36875 0.0265625 0.05625
0 0.24453125 0.41640625 0.02578125 0.028125
3 0.303125 0.35390625 0.0328125 0.0609375
0 0.3046875 0.415625 0.03203125 0.028125
6 0.37265625 0.3015625 0.02890625 0.0640625
3 0.44765625 0.30703125 0.02578125 0.0515625
3 0.509375 0.32890625 0.02890625 0.0609375
5 0.50859375 0.41875 0.01484375 0.0296875
7 0.51640625 0.41875 0.05234375 0.05546875
0 0.590625 0.415625 0.02109375 0.03828125
3 0.596875 0.35390625 0.03125 0.05625
3 0.79140625 0.35546875 0.02734375 0.053125
0 0.77890625 0.42109375 0.02109375 0.03046875
3 0.8375 0.53515625 0.03515625 0.06875
0 0.83125 0.60625 0.02265625 0.02890625
6 0.77109375 0.5140625 0.0296875 0.0734375
7 0.77578125 0.61953125 0.05078125 0.059375
3 0.6984375 0.54375 0.03828125 0.07421875
0 0.67265625 0.60546875 0.02578125 0.05703125
3 0.59765625 0.50546875 0.03828125 0.0796875
0 0.59140625 0.58203125 0.03203125 0.03671875
3 0.42578125 0.4921875 0.03359375 0.08203125
0 0.42578125 0.5796875 0.03203125 0.03359375
3 0.346875 0.49296875 0.03203125 0.07109375
0 0.35 0.60546875 0.02890625 0.03125
6 0.2734375 0.4765625 0.03203125 0.07421875
5 0.2625 0.615625 0.01796875 0.03984375
9 0.21640625 0.49296875 0.02890625 0.065625
5 0.1796875 0.60625 0.015625 0.03828125
7 0.20390625 0.603125 0.05234375 0.065625
3 0.13203125 0.55625 0.03046875 0.05625
0 0.13671875 0.60625 0.0203125 0.03828125
6 0.6890625 0.7 0.0375 0.09453125
2 0.7 0.61875 0.05390625 0.0703125
2 0.71015625 0.83984375 0.07109375 0.09609375
6 0.91875 0.45546875 0.02109375 0.05703125
3 0.87265625 0.33046875 0.02265625 0.04609375
3 0.9171875 0.33125 0.01796875 0.04375
2 0.90546875 0.39375 0.02265625 0.03828125
3 0.83203125 0.24375 0.021875 0.04453125
0 0.825 0.28046875 0.02109375 0.0203125
3 0.86875 0.253125 0.0171875 0.04140625
3 0.80390625 0.165625 0.01953125 0.03984375
3 0.840625 0.18125 0.01640625 0.04140625
3 0.76484375 0.09375 0.01796875 0.03671875
3 0.803125 0.115625 0.0140625 0.03671875
2 0.76953125 0.15625 0.021875 0.02109375
3 0.78203125 0.09375 0.015625 0.03125
3 0.71875 0.021875 0.01328125 0.03046875
3 0.75 0.05078125 0.01328125 0.02578125
3 0.73828125 0.06015625 0.01484375 0.03125
2 0.49140625 0.93515625 0.0734375 0.1296875