0 0.9640625 0.85546875 0.01328125 0.03671875
7 0.965625 0.85546875 0.03359375 0.06328125
5 0.98515625 0.85390625 0.01015625 0.03125
3 0.98046875 0.78046875 0.02578125 0.0609375
10 0.9546875 0.80546875 0.07890625 0.1390625
7 0.809375 0.69765625 0.0515625 0.06953125
6 0.78125 0.6046875 0.0328125 0.07578125
10 0.7875 0.653125 0.0828125 0.1765625
5 0.9296875 0.66015625 0.01171875 0.03125
7 0.921875 0.66796875 0.03515625 0.05
7 0.95078125 0.65625 0.03671875 0.0453125
3 0.91953125 0.5765625 0.025 0.053125
3 0.95703125 0.5765625 0.02109375 0.05
10 0.94453125 0.61640625 0.04921875 0.13046875
10 0.8984375 0.60625 0.06796875 0.11796875
2 0.58515625 0.66953125 0.065625 0.06953125
3 0.58203125 0.53046875 0.028125 0.06875
10 0.571875 0.5765625 0.07734375 0.16171875
2 0.653125 0.53125 0.0546875 0.05078125
7 0.72265625 0.521875 0.04921875 0.06953125
7 0.77421875 0.5265625 0.04296875 0.05
6 0.7671875 0.42578125 0.02421875 0.06328125
6 0.72265625 0.39375 0.028125 0.06640625
3 0.646875 0.39296875 0.028125 0.06015625
10 0.765625 0.46875 0.05390625 0.1515625
10 0.715625 0.4359375 0.0671875 0.15625
10 0.640625 0.43046875 0.06875 0.13125
3 0.57578125 0.41796875 0.02890625 0.06796875
10 0.57265625 0.4484375 0.08203125 0.13125
7 0.58203125 0.51875 0.05703125 0.0609375
2 0.87890625 0.44296875 0.01953125 0.03203125
0 0.8359375 0.44375 0.01953125 0.028125
7 0.84140625 0.45390625 0.03671875 0.04296875
6 0.884375 0.36015625 0.015625 0.04453125
3 0.8453125 0.36875 0.01796875 0.05
10 0.871875 0.39140625 0.0421875 0.103125
10 0.83203125 0.39453125 0.04375 0.10625
3 0.821875 0.315625 0.02109375 0.04140625
3 0.853125 0.321875 0.01953125 0.03046875
3 0.8453125 0.33046875 0.03984375 0.07421875
0 0.8171875 0.35625 0.01640625 0.0265625
0 0.8125 0.36484375 0.0296875 0.028125
0 0.80390625 0.31796875 0.05859375 0.0859375
3 0.734375 0.35546875 0.0203125 0.04453125
0 0.671875 0.37109375 0.02109375 0.03046875
7 0.696875 0.38046875 0.0375 0.04609375
1 0.72578125 0.36875 0.05703125 0.08515625
3 0.6875 0.3015625 0.02109375 0.05625
10 0.6796875 0.32578125 0.046875 0.10546875
3 0.640625 0.328125 0.0203125 0.04375
1 0.62890625 0.34375 0.06875 0.08359375
3 0.82265625 0.2375 0.01953125 0.04375
10 0.8140625 0.25390625 0.0375 0.07578125
3 0.78515625 0.23046875 0.01640625 0.03671875
0 0.78125 0.27109375 0.01953125 0.01953125
10 0.7765625 0.24609375 0.04921875 0.06953125
3 0.790625 0.18125 0.0140625 0.03046875
10 0.784375 0.19296875 0.0296875 0.06171875
3 0.76171875 0.16953125 0.01640625 0.03046875
7 0.76171875 0.215625 0.02265625 0.0234375
10 0.75703125 0.1890625 0.040625 0.06171875
2 0.61953125 0.28046875 0.03984375 0.03125
5 0.5734375 0.365625 0.01875 0.01484375
5 0.584375 0.371875 0.04375 0.04375
5 0.5953125 0.27890625 0.01171875 0.01640625
3 0.56953125 0.27109375 0.025 0.05625
10 0.5703125 0.303125 0.06328125 0.11171875
3 0.659375 0.1578125 0.01796875 0.0359375
0 0.65390625 0.19375 0.02109375 0.01953125
0 0.65625 0.19765625 0.01484375 0.01953125
10 0.653125 0.1734375 0.04296875 0.06640625
6 0.61328125 0.18046875 0.02109375 0.04453125
10 0.6046875 0.20546875 0.04296875 0.10546875
3 0.571875 0.19375 0.0203125 0.04609375
10 0.565625 0.21796875 0.04765625 0.08984375
2 0.57265625 0.271875 0.05546875 0.03125
1 0.61171875 0.16875 0.0453125 0.06484375
3 0.575 0.14296875 0.01796875 0.03515625
10 0.56484375 0.16015625 0.05078125 0.08125
3 0.475 0.540625 0.0296875 0.0703125
7 0.48984375 0.67890625 0.06328125 0.06328125
2 0.39375 0.68046875 0.06171875 0.06875
10 0.47734375 0.59296875 0.07421875 0.18828125
6 0.3984375 0.5015625 0.03203125 0.0765625
10 0.3984375 0.55546875 0.075 0.19296875
2 0.49453125 0.49296875 0.05078125 0.053125
3 0.4875 0.39609375 0.03046875 0.06953125
10 0.4875 0.4234375 0.06875 0.12109375
3 0.49609375 0.33515625 0.02734375 0.05703125
1 0.5015625 0.34375 0.06640625 0.09296875
5 0.42734375 0.37109375 0.0140625 0.0265625
7 0.44609375 0.36875 0.02578125 0.04296875
3 0.4390625 0.28125 0.028125 0.05625
10 0.43828125 0.31640625 0.06953125 0.13125
6 0.3796875 0.253125 0.02578125 0.0546875
7 0.378125 0.378125 0.02734375 0.0453125
10 0.38515625 0.3015625 0.05546875 0.159375
6 0.5109375 0.16796875 0.01953125 0.0453125
5 0.490625 0.25546875 0.00859375 0.01875
2 0.51875 0.25546875 0.03828125 0.03125
2 0.5109375 0.19921875 0.05078125 0.10625
7 0.45078125 0.25546875 0.03125 0.03671875
2 0.41328125 0.2546875 0.01796875 0.0296875
3 0.453125 0.20703125 0.02265625 0.04921875
1 0.45390625 0.21328125 0.06015625 0.08046875
3 0.66875 0.11640625 0.01640625 0.02890625
2 0.67734375 0.15390625 0.02109375 0.01640625
10 0.66484375 0.1265625 0.0390625 0.05078125
3 0.62578125 0.10625 0.01484375 0.03046875
0 0.62265625 0.13203125 0.015625 0.01875
10 0.62265625 0.11640625 0.04453125 0.059375
3 0.76328125 0.14375 0.01796875 0.0296875
1 0.75390625 0.14609375 0.03828125 0.046875
3 0.73828125 0.1 0.01484375 0.03125
10 0.734375 0.109375 0.03203125 0.05
7 0.73515625 0.13046875 0.01796875 0.01875
3 0.7140625 0.06796875 0.01328125 0.02421875
10 0.709375 0.07265625 0.03046875 0.04375
0 0.690625 0.09140625 0.01015625 0.01484375
10 0.6796875 0.06875 0.03046875 0.059375
3 0.65390625 0.0765625 0.01328125 0.02578125
10 0.64609375 0.08125 0.03046875 0.046875
3 0.61328125 0.05625 0.01484375 0.0265625
10 0.609375 0.06796875 0.0375 0.05625
3 0.6203125 0.03984375 0.01328125 0.021875
3 0.61875 0.0515625 0.03046875 0.04921875
6 0.5828125 0.078125 0.01484375 0.03359375
10 0.58203125 0.09375 0.03515625 0.07578125
3 0.56953125 0.0640625 0.0125 0.028125
10 0.56953125 0.06796875 0.0375 0.04921875
3 0.58828125 0.04375 0.01328125 0.028125
1 0.58671875 0.04453125 0.0296875 0.03984375
3 0.54453125 0.08125 0.015625 0.03046875
2 0.546875 0.13046875 0.0234375 0.01640625
2 0.540625 0.09296875 0.03828125 0.06171875
9 0.50625 0.078125 0.01640625 0.028125
9 0.465625 0.05859375 0.01796875 0.03671875
10 0.50625 0.0921875 0.03359375 0.06015625
10 0.4609375 0.08046875 0.0375 0.07578125
2 0.4625 0.11953125 0.02890625 0.01953125
3 0.44140625 0.11328125 0.01796875 0.03828125
7 0.43515625 0.171875 0.034375 0.01875
5 0.41796875 0.18046875 0.00859375 0.01328125
10 0.440625 0.13984375 0.0484375 0.090625
3 0.39609375 0.20546875 0.02109375 0.040625
1 0.38828125 0.21796875 0.059375 0.0796875
3 0.503125 0.0421875 0.0140625 0.03046875
3 0.546875 0.01953125 0.01171875 0.0296875
10 0.5453125 0.0328125 0.03203125 0.05078125
9 0.52890625 0.01875 0.01328125 0.02578125
2 0.5234375 0.05546875 0.01484375 0.01328125
10 0.5234375 0.03125 0.02734375 0.0546875
3 0.51953125 0.13046875 0.02109375 0.04296875
10 0.5125 0.1484375 0.0515625 0.06875
3 0.49375 0.01640625 0.01171875 0.02578125
10 0.49375 0.02890625 0.0328125 0.053125
3 0.4546875 0.01796875 0.01015625 0.0265625
10 0.453125 0.028125 0.03046875 0.0546875
3 0.41875 0.05625 0.0140625 0.025
1 0.425 0.05546875 0.03203125 0.05
6 0.4234375 0.0109375 0.01328125 0.0203125
10 0.421875 0.02265625 0.03046875 0.04375
2 0.2375 0.66328125 0.05859375 0.06328125
2 0.3140625 0.684375 0.06015625 0.06875
6 0.3125 0.51875 0.03203125 0.0796875
10 0.31953125 0.565625 0.07421875 0.17890625
3 0.246875 0.5296875 0.03125 0.06875
10 0.2515625 0.56875 0.06953125 0.15546875
2 0.0125 0.628125 0.0234375 0.0453125
7 0.028125 0.65546875 0.0328125 0.07578125
3 0.02265625 0.56796875 0.03359375 0.06875
10 0.04375 0.603125 0.0828125 0.14375
0 0.3140625 0.36875 0.01796875 0.03515625
7 0.325 0.371875 0.04609375 0.04375
7 0.2671875 0.3578125 0.04453125 0.0359375
7 0.215625 0.35546875 0.0359375 0.04296875
3 0.31875 0.31875 0.0265625 0.05546875
1 0.32421875 0.3328125 0.0671875 0.0859375
6 0.26171875 0.28125 0.0296875 0.05625
10 0.271875 0.3234375 0.05234375 0.14375
3 0.2109375 0.30859375 0.02265625 0.04453125
1 0.21640625 0.33515625 0.05703125 0.11875
5 0.1234375 0.31640625 0.009375 0.015625
2 0.11875 0.31640625 0.0234375 0.0203125
3 0.1546875 0.225 0.01796875 0.05
10 0.15859375 0.25234375 0.0421875 0.1046875
10 0.1859375 0.18125 0.01796875 0.04375
2 0.190625 0.23046875 0.02890625 0.021875
10 0.19453125 0.19765625 0.04453125 0.06953125
3 0.15625 0.1921875 0.0171875 0.03046875
10 0.1609375 0.20546875 0.03515625 0.0640625
3 0.19453125 0.146875 0.01484375 0.03125
1 0.19453125 0.15546875 0.0375 0.04609375
3 0.2484375 0.22890625 0.02109375 0.03984375
1 0.25390625 0.24296875 0.06171875 0.0734375
6 0.3171875 0.1859375 0.02109375 0.0453125
5 0.3125 0.2546875 0.01484375 0.009375
2 0.32109375 0.2640625 0.03515625 0.02578125
10 0.3140625 0.20625 0.05078125 0.08984375
0 0.29921875 0.18515625 0.01796875 0.01875
5 0.33828125 0.18125 0.01484375 0.00859375
2 0.34765625 0.18125 0.03046875 0.01875
3 0.30078125 0.1515625 0.01796875 0.03515625
3 0.29140625 0.19140625 0.03125 0.021875
1 0.3015625 0.1640625 0.04765625 0.065625
3 0.34375 0.1296875 0.01796875 0.0390625
3 0.38828125 0.1484375 0.01953125 0.034375
1 0.3859375 0.15546875 0.03984375 0.05
10 0.34375 0.14375 0.04296875 0.07578125
5 0.25 0.10625 0.01015625 0.00546875
7 0.2515625 0.1140625 0.03515625 0.02109375
3 0.25703125 0.0734375 0.01640625 0.03125
10 0.2546875 0.09140625 0.04375 0.06875
3 0.290625 0.0953125 0.015625 0.03515625
7 0.28828125 0.1390625 0.01640625 0.02421875
10 0.28828125 0.1078125 0.03984375 0.0640625
2 0.32265625 0.13046875 0.02265625 0.01640625
3 0.34375 0.09375 0.01640625 0.03515625
1 0.3359375 0.10625 0.040625 0.05078125
3 0.38125 0.09375 0.0171875 0.03125
0 0.378125 0.12265625 0.015625 0.01953125
1 0.3765625 0.10546875 0.04296875 0.053125
3 0.38984375 0.0484375 0.0140625 0.03046875
10 0.3875 0.05703125 0.0390625 0.05546875
3 0.35390625 0.0484375 0.01640625 0.03359375
10 0.35078125 0.059375 0.03671875 0.05625
3 0.315625 0.05546875 0.0140625 0.03125
1 0.31484375 0.06875 0.0359375 0.05390625
3 0.32578125 0.02578125 0.01171875 0.02578125
10 0.328125 0.03046875 0.0328125 0.04609375
0 0.625 0.13984375 0.01171875 0.01484375
3 0.6828125 0.05625 0.01328125 0.02890625
5 0.50546875 0.95546875 0.02890625 0.0640625