2 0.5796875 0.66875 0.0625 0.06484375
7 0.4890625 0.68046875 0.0625 0.0703125
2 0.39296875 0.684375 0.0640625 0.06953125
2 0.3140625 0.690625 0.059375 0.07109375
2 0.23671875 0.6609375 0.0578125 0.06953125
3 0.31171875 0.51875 0.0328125 0.078125
3 0.390625 0.54765625 0.03515625 0.06953125
10 0.3984375 0.58125 0.07734375 0.13984375
3 0.47734375 0.54453125 0.03671875 0.06953125
10 0.478125 0.59375 0.07421875 0.1703125
3 0.2375 0.53125 0.0328125 0.06796875
10 0.253125 0.571875 0.0671875 0.15625
10 0.321875 0.565625 0.07265625 0.18359375
3 0.58125 0.53046875 0.03359375 0.06484375
10 0.57578125 0.5796875 0.07109375 0.16875
7 0.81171875 0.70078125 0.04609375 0.06328125
6 0.7828125 0.60625 0.03046875 0.07890625
10 0.78515625 0.64453125 0.08203125 0.16953125
0 0.965625 0.865625 0.0171875 0.04609375
3 0.984375 0.78046875 0.0296875 0.06875
10 0.95703125 0.809375 0.078125 0.14375
3 0.95703125 0.5765625 0.02109375 0.05
3 0.91953125 0.571875 0.021875 0.05625
7 0.921875 0.6671875 0.03203125 0.046875
5 0.93125 0.659375 0.01171875 0.01875
7 0.953125 0.65546875 0.03671875 0.04609375
10 0.94765625 0.6140625 0.03828125 0.1265625
10 0.89921875 0.6109375 0.06171875 0.13046875
6 0.765625 0.4265625 0.0265625 0.0609375
10 0.76484375 0.46796875 0.05390625 0.14140625
7 0.7734375 0.5234375 0.04609375 0.04453125
7 0.721875 0.51875 0.04609375 0.06640625
2 0.653125 0.53046875 0.05078125 0.05078125
6 0.725 0.39296875 0.0296875 0.06953125
10 0.715625 0.43828125 0.06796875 0.15
6 0.6421875 0.36875 0.03046875 0.06328125
10 0.6375 0.41796875 0.0765625 0.16875
3 0.57890625 0.41875 0.03359375 0.06484375
10 0.571875 0.44375 0.08046875 0.13125
0 0.8375 0.44375 0.0171875 0.03125
7 0.84453125 0.4546875 0.034375 0.03671875
6 0.8875 0.384375 0.01796875 0.04453125
10 0.87578125 0.409375 0.04453125 0.09453125
10 0.83125 0.39453125 0.04453125 0.1
3 0.85078125 0.33046875 0.01953125 0.03671875
3 0.81953125 0.30625 0.02421875 0.046875
1 0.84140625 0.33046875 0.03515625 0.06328125
10 0.803125 0.31875 0.0578125 0.0890625
10 0.72578125 0.36796875 0.05859375 0.08046875
3 0.6875 0.30234375 0.021875 0.053125
0 0.67265625 0.378125 0.01796875 0.034375
7 0.69453125 0.38046875 0.03671875 0.040625
10 0.67890625 0.3234375 0.04921875 0.10625
3 0.82109375 0.2390625 0.0203125 0.0390625
3 0.78515625 0.23125 0.01796875 0.0359375
10 0.81328125 0.253125 0.034375 0.06640625
1 0.775 0.24375 0.03984375 0.05703125
7 0.78515625 0.27421875 0.025 0.03046875
3 0.78828125 0.171875 0.01640625 0.03046875
10 0.784375 0.1890625 0.028125 0.06015625
3 0.76484375 0.17890625 0.01484375 0.03203125
10 0.75546875 0.18359375 0.03359375 0.05
2 0.759375 0.215625 0.0171875 0.015625
3 0.75625 0.1265625 0.0140625 0.03515625
10 0.75625 0.13515625 0.03828125 0.05546875
3 0.74140625 0.09296875 0.01171875 0.02890625
10 0.734375 0.10625 0.0296875 0.0546875
6 0.6671875 0.10546875 0.015625 0.03203125
10 0.6640625 0.11875 0.03828125 0.06640625
2 0.67578125 0.15546875 0.02421875 0.01796875
3 0.66015625 0.159375 0.01796875 0.03046875
10 0.653125 0.17109375 0.0453125 0.05546875
0 0.65703125 0.196875 0.01796875 0.01875
7 0.66328125 0.20390625 0.028125 0.025
3 0.71171875 0.06484375 0.01171875 0.02578125
10 0.70703125 0.07578125 0.028125 0.04921875
3 0.6828125 0.05625 0.0125 0.025
10 0.6796875 0.06796875 0.028125 0.05078125
3 0.4875 0.403125 0.02734375 0.06015625
2 0.49375 0.49296875 0.0515625 0.05078125
10 0.48828125 0.4296875 0.06953125 0.11875
3 0.58125 0.30546875 0.0203125 0.046875
5 0.57421875 0.36484375 0.01796875 0.01640625
2 0.5828125 0.37734375 0.04453125 0.03984375
10 0.5734375 0.31875 0.05546875 0.08515625
1 0.62890625 0.3421875 0.06171875 0.07890625
8 0.5015625 0.34375 0.02734375 0.0515625
1 0.50078125 0.34375 0.06640625 0.090625
0 0.41953125 0.36875 0.025 0.028125
7 0.44453125 0.36875 0.02421875 0.0390625
3 0.44453125 0.29140625 0.02578125 0.053125
10 0.44140625 0.31875 0.06484375 0.11640625
2 0.61875 0.28046875 0.03828125 0.03046875
5 0.596875 0.27421875 0.01015625 0.01953125
7 0.56875 0.26875 0.0484375 0.03046875
6 0.61796875 0.19296875 0.02109375 0.04453125
10 0.609375 0.2171875 0.04140625 0.09140625
3 0.5734375 0.19453125 0.01953125 0.0484375
10 0.56875 0.221875 0.04453125 0.09453125
3 0.521875 0.196875 0.0203125 0.04375
10 0.5125 0.2140625 0.0546875 0.0765625
3 0.453125 0.20625 0.021875 0.04140625
1 0.4546875 0.215625 0.06015625 0.07890625
3 0.61328125 0.15625 0.01796875 0.034375
10 0.6109375 0.16875 0.046875 0.06328125
6 0.56640625 0.13125 0.01640625 0.04140625
10 0.5640625 0.14765625 0.04921875 0.08046875
5 0.490625 0.25625 0.01015625 0.01875
2 0.51953125 0.25546875 0.03984375 0.03125
7 0.4484375 0.25546875 0.03828125 0.03125
3 0.62578125 0.1046875 0.015625 0.03125
10 0.62265625 0.115625 0.040625 0.05703125
6 0.5875 0.09296875 0.01484375 0.034375
10 0.5859375 0.10546875 0.03203125 0.05078125
6 0.6125 0.046875 0.0140625 0.03125
10 0.609375 0.06640625 0.03203125 0.0640625
3 0.65390625 0.06875 0.01171875 0.0296875
10 0.65 0.08046875 0.03046875 0.0515625
3 0.51875 0.14609375 0.0203125 0.04375
10 0.5109375 0.15546875 0.05703125 0.0609375
3 0.57890625 0.06640625 0.01796875 0.02890625
10 0.5734375 0.07109375 0.040625 0.04453125
3 0.54453125 0.084375 0.01484375 0.03046875
10 0.54296875 0.10234375 0.03671875 0.0640625
0 0.54453125 0.12890625 0.02265625 0.021875
3 0.51328125 0.09296875 0.015625 0.028125
9 0.4890625 0.090625 0.01796875 0.034375
10 0.50625 0.10546875 0.0421875 0.06171875
10 0.47265625 0.096875 0.05078125 0.05625
2 0.46328125 0.121875 0.02578125 0.01875
3 0.621875 0.040625 0.01171875 0.02578125
10 0.625 0.0484375 0.0171875 0.04453125
3 0.58984375 0.04296875 0.01484375 0.028125
1 0.584375 0.04453125 0.03203125 0.0390625
3 0.54921875 0.0203125 0.0109375 0.028125
10 0.5484375 0.03046875 0.02734375 0.04609375
6 0.440625 0.10546875 0.01953125 0.03984375
10 0.440625 0.13125 0.04921875 0.10078125
3 0.46328125 0.040625 0.01171875 0.03125
0 0.4625 0.075 0.0203125 0.01875
10 0.4625 0.05546875 0.0359375 0.059375
3 0.50390625 0.0421875 0.01484375 0.02890625
10 0.50390625 0.05546875 0.03359375 0.05625
3 0.38515625 0.146875 0.01875 0.03046875
3 0.34921875 0.134375 0.0203125 0.03046875
3 0.296875 0.14375 0.01953125 0.03671875
10 0.3015625 0.15625 0.04453125 0.06015625
10 0.35 0.153125 0.0453125 0.0703125
1 0.3875 0.15546875 0.03828125 0.0484375
0 0.3375 0.18125 0.02109375 0.01953125
7 0.29296875 0.19296875 0.03046875 0.01875
7 0.346875 0.18046875 0.0359375 0.028125
3 0.31796875 0.31875 0.0234375 0.0515625
3 0.37734375 0.26875 0.0265625 0.059375
10 0.384375 0.3109375 0.0546875 0.14375
7 0.38046875 0.3796875 0.0296875 0.040625
0 0.3140625 0.37109375 0.02109375 0.03046875
2 0.32265625 0.3796875 0.04765625 0.040625
2 0.26875 0.359375 0.04140625 0.04375
2 0.26875 0.33046875 0.0359375 0.028125
7 0.215625 0.35625 0.03359375 0.04375
3 0.21015625 0.3109375 0.02421875 0.04375
1 0.21875 0.334375 0.059375 0.11875
6 0.271875 0.2546875 0.0234375 0.05703125
10 0.278125 0.29140625 0.05546875 0.1296875
1 0.321875 0.33046875 0.0671875 0.08125
3 0.3953125 0.20546875 0.021875 0.0390625
10 0.3875 0.21796875 0.06953125 0.075
3 0.3140625 0.196875 0.02109375 0.04375
3 0.2484375 0.22890625 0.02109375 0.0390625
1 0.24765625 0.24296875 0.04921875 0.06875
10 0.31015625 0.21875 0.05703125 0.08515625
7 0.3203125 0.25625 0.03984375 0.02890625
3 0.41875 0.05625 0.01328125 0.025
8 0.42578125 0.05546875 0.03203125 0.05
10 0.453125 0.03046875 0.0265625 0.04140625
3 0.51953125 0.01875 0.01015625 0.021875
10 0.521875 0.03046875 0.0234375 0.04296875
6 0.49296875 0.01796875 0.01171875 0.02890625
10 0.49140625 0.03125 0.03828125 0.05625
6 0.41640625 0.01796875 0.01484375 0.02578125
10 0.41953125 0.02890625 0.03125 0.046875
3 0.3875 0.053125 0.01640625 0.025
10 0.38671875 0.0640625 0.0390625 0.0484375
3 0.38203125 0.09375 0.015625 0.02421875
1 0.3765625 0.10625 0.040625 0.05078125
8 0.33125 0.10625 0.0171875 0.03125
1 0.3375 0.10703125 0.03671875 0.04453125
3 0.290625 0.09609375 0.01484375 0.03515625
10 0.28828125 0.10859375 0.04140625 0.0609375
3 0.1921875 0.17265625 0.01640625 0.03046875
3 0.315625 0.05703125 0.015625 0.03125
3 0.3140625 0.06875 0.0375 0.05546875
3 0.35078125 0.06796875 0.01484375 0.02890625
1 0.35 0.06796875 0.0359375 0.03984375
1 0.35625 0.0390625 0.0265625 0.03828125
3 0.3796875 0.0296875 0.01171875 0.028125
10 0.37890625 0.03671875 0.03359375 0.04375
3 0.321875 0.03046875 0.0140625 0.02421875
10 0.32265625 0.04140625 0.03828125 0.04453125
6 0.15390625 0.22421875 0.01875 0.04453125
10 0.15703125 0.25546875 0.04765625 0.10078125
3 0.15546875 0.19296875 0.01484375 0.0296875
10 0.19765625 0.19296875 0.03515625 0.07109375
2 0.190625 0.23125 0.02890625 0.0234375
10 0.1609375 0.203125 0.03125 0.0546875
3 0.18828125 0.13125 0.01328125 0.03046875
10 0.19453125 0.14296875 0.03515625 0.05859375
5 0.25078125 0.1109375 0.01484375 0.00625
3 0.2546875 0.07890625 0.01796875 0.0296875
10 0.25625 0.09296875 0.04453125 0.0640625
5 0.1234375 0.31640625 0.01015625 0.01171875
5 0.50546875 0.95078125 0.02890625 0.06875