6 0.98515625 0.75625 0.02421875 0.06953125
0 0.9640625 0.85703125 0.01484375 0.03125
7 0.965625 0.85546875 0.0359375 0.06875
5 0.9859375 0.85390625 0.01015625 0.0296875
7 0.99140625 0.834375 0.01640625 0.05546875
10 0.95625 0.79296875 0.08203125 0.16171875
5 0.9296875 0.65546875 0.01171875 0.02578125
7 0.921875 0.65625 0.03359375 0.06015625
7 0.95078125 0.6546875 0.03828125 0.0484375
3 0.95703125 0.5765625 0.02109375 0.0515625
3 0.91953125 0.56796875 0.02265625 0.0546875
10 0.94453125 0.6109375 0.05078125 0.13046875
10 0.89765625 0.603125 0.06796875 0.1265625
7 0.8078125 0.70234375 0.05234375 0.065625
6 0.78203125 0.6046875 0.03125 0.07578125
10 0.78671875 0.646875 0.08203125 0.16953125
0 0.834375 0.44375 0.02421875 0.03125
7 0.8375 0.446875 0.04765625 0.04375
6 0.875 0.36796875 0.01640625 0.05078125
3 0.8453125 0.36796875 0.01953125 0.046875
10 0.8296875 0.39296875 0.04375 0.09921875
10 0.87265625 0.396875 0.03828125 0.11953125
3 0.81953125 0.30859375 0.02109375 0.04453125
3 0.85078125 0.30546875 0.01953125 0.040625
3 0.803125 0.31875 0.05859375 0.08671875
3 0.84375 0.31875 0.03359375 0.078125
0 0.81640625 0.35546875 0.01953125 0.02421875
7 0.81015625 0.36015625 0.02890625 0.03125
3 0.82265625 0.23515625 0.01796875 0.04453125
3 0.784375 0.23359375 0.01953125 0.04453125
10 0.8140625 0.2546875 0.0375 0.07421875
10 0.7765625 0.24453125 0.04296875 0.06953125
0 0.78125 0.27265625 0.01796875 0.03046875
3 0.78984375 0.18984375 0.0140625 0.03359375
3 0.7609375 0.17109375 0.01484375 0.03046875
10 0.784375 0.196875 0.0296875 0.05625
7 0.76171875 0.21640625 0.02109375 0.021875
10 0.75625 0.1921875 0.0421875 0.06796875
3 0.7625 0.13203125 0.0140625 0.03125
10 0.7578125 0.14296875 0.04140625 0.05625
3 0.73828125 0.09375 0.01171875 0.028125
10 0.73203125 0.10546875 0.03125 0.05546875
7 0.73515625 0.13046875 0.01796875 0.01875
3 0.7109375 0.0640625 0.01171875 0.02421875
3 0.6828125 0.05625 0.01015625 0.0234375
10 0.70703125 0.071875 0.028125 0.05546875
10 0.68046875 0.06875 0.02734375 0.05546875
3 0.58203125 0.528125 0.028125 0.06796875
2 0.58203125 0.66796875 0.06171875 0.0640625
10 0.56953125 0.5765625 0.08125 0.1640625
2 0.653125 0.53046875 0.0546875 0.0515625
7 0.584375 0.51796875 0.0546875 0.05859375
7 0.775 0.52578125 0.0421875 0.0484375
7 0.721875 0.51953125 0.04921875 0.06953125
6 0.72265625 0.39375 0.028125 0.06640625
6 0.76640625 0.4265625 0.02421875 0.06015625
10 0.76171875 0.46953125 0.06171875 0.15546875
10 0.715625 0.43671875 0.0703125 0.15625
6 0.64375 0.36796875 0.02734375 0.065625
10 0.63828125 0.415625 0.06953125 0.159375
3 0.578125 0.41875 0.03203125 0.06328125
10 0.57109375 0.44609375 0.08203125 0.13046875
3 0.4875 0.39375 0.02890625 0.06484375
5 0.4890625 0.48984375 0.01015625 0.02578125
7 0.49453125 0.471875 0.04921875 0.09375
7 0.4859375 0.428125 0.06953125 0.1296875
6 0.47265625 0.53046875 0.034375 0.071875
7 0.48984375 0.678125 0.06328125 0.06796875
10 0.47578125 0.59375 0.07734375 0.20390625
5 0.57421875 0.3640625 0.01953125 0.01171875
2 0.584375 0.371875 0.04296875 0.04375
0 0.6734375 0.371875 0.01953125 0.03125
7 0.69765625 0.38046875 0.03671875 0.04453125
3 0.7359375 0.35859375 0.01953125 0.04453125
1 0.72578125 0.36875 0.05859375 0.08515625
3 0.6875 0.296875 0.0203125 0.05625
10 0.678125 0.3265625 0.04765625 0.109375
3 0.63984375 0.328125 0.01953125 0.04140625
1 0.62890625 0.34375 0.06640625 0.08125
3 0.49453125 0.3359375 0.02578125 0.05859375
1 0.5015625 0.34375 0.06875 0.09296875
5 0.42734375 0.36796875 0.0109375 0.01953125
7 0.45 0.36640625 0.03515625 0.05
10 0.43984375 0.31796875 0.0671875 0.1234375
3 0.43984375 0.290625 0.0328125 0.05546875
3 0.5796875 0.28046875 0.02109375 0.0484375
10 0.571875 0.30546875 0.0546875 0.1
2 0.61953125 0.28046875 0.03515625 0.0296875
5 0.59609375 0.27890625 0.01015625 0.01640625
7 0.571875 0.26796875 0.05390625 0.04375
5 0.490625 0.25546875 0.01015625 0.01875
7 0.51875 0.25234375 0.0375 0.04140625
3 0.5234375 0.196875 0.02109375 0.04453125
10 0.5109375 0.209375 0.05625 0.06875
3 0.571875 0.19375 0.01953125 0.040625
6 0.59765625 0.18046875 0.02109375 0.040625
10 0.60078125 0.20703125 0.04140625 0.10546875
10 0.5671875 0.21875 0.04921875 0.09296875
5 0.65390625 0.19296875 0.02109375 0.01953125
5 0.66015625 0.203125 0.03828125 0.02578125
3 0.659375 0.15859375 0.01796875 0.03671875
1 0.653125 0.1734375 0.0453125 0.05703125
6 0.61328125 0.15234375 0.01640625 0.0359375
1 0.61328125 0.16875 0.04296875 0.0703125
3 0.575 0.14375 0.0171875 0.03671875
10 0.5640625 0.1640625 0.04765625 0.07890625
3 0.45234375 0.20546875 0.0203125 0.0390625
7 0.44765625 0.25625 0.03828125 0.034375
10 0.45390625 0.21796875 0.06015625 0.084375
3 0.51875 0.14453125 0.01875 0.04375
1 0.5109375 0.15546875 0.05546875 0.05546875
3 0.66328125 0.10390625 0.01484375 0.0296875
7 0.67578125 0.15078125 0.025 0.02578125
10 0.66171875 0.11875 0.03671875 0.06328125
3 0.62578125 0.10546875 0.015625 0.03203125
0 0.625 0.1359375 0.01328125 0.01953125
1 0.62265625 0.115625 0.04375 0.05703125
3 0.653125 0.06796875 0.0140625 0.0265625
10 0.64765625 0.08046875 0.03125 0.05
6 0.5828125 0.0765625 0.01484375 0.03515625
10 0.58203125 0.09296875 0.034375 0.07109375
2 0.55 0.13125 0.0265625 0.01796875
2 0.4625 0.121875 0.028125 0.01875
9 0.478125 0.0796875 0.01953125 0.03125
6 0.50390625 0.06796875 0.01484375 0.02890625
3 0.54140625 0.06796875 0.01640625 0.034375
10 0.5375 0.0890625 0.03203125 0.071875
10 0.50390625 0.090625 0.03515625 0.06953125
10 0.46640625 0.09296875 0.03828125 0.06015625
3 0.61328125 0.05546875 0.01328125 0.028125
10 0.60859375 0.06875 0.03828125 0.05703125
3 0.621875 0.040625 0.0109375 0.021875
10 0.61875 0.053125 0.02890625 0.0484375
3 0.58828125 0.04296875 0.01171875 0.0265625
1 0.58515625 0.04375 0.03203125 0.03515625
3 0.55 0.021875 0.0140625 0.02578125
10 0.5484375 0.03203125 0.02734375 0.04609375
2 0.55703125 0.05546875 0.01484375 0.01484375
7 0.525 0.05546875 0.01953125 0.015625
3 0.51953125 0.01875 0.0125 0.028125
10 0.52265625 0.03046875 0.02578125 0.053125
3 0.49375 0.01796875 0.01328125 0.02890625
10 0.4890625 0.0296875 0.02734375 0.0515625
3 0.46328125 0.04140625 0.01328125 0.0296875
10 0.4625 0.05390625 0.0390625 0.05546875
3 0.45390625 0.01796875 0.01171875 0.025
10 0.45703125 0.028125 0.03203125 0.04453125
6 0.42421875 0.01015625 0.0140625 0.01875
10 0.42265625 0.0265625 0.03515625 0.05078125
3 0.38515625 0.04296875 0.015625 0.03203125
10 0.38828125 0.05546875 0.03515625 0.0609375
3 0.35390625 0.05390625 0.01171875 0.0265625
3 0.42890625 0.04296875 0.01484375 0.0265625
10 0.428125 0.05546875 0.0328125 0.0515625
3 0.32734375 0.02578125 0.01328125 0.02578125
10 0.328125 0.03125 0.0328125 0.046875
1 0.35703125 0.040625 0.028125 0.0359375
3 0.31484375 0.05625 0.0140625 0.03046875
10 0.315625 0.06875 0.03515625 0.05546875
10 0.35078125 0.06640625 0.0375 0.05
3 0.38203125 0.09296875 0.01640625 0.02890625
1 0.37578125 0.10546875 0.04453125 0.05
0 0.3765625 0.1234375 0.015625 0.01875
1 0.33828125 0.10546875 0.03828125 0.04609375
3 0.290625 0.096875 0.0140625 0.03046875
10 0.2875 0.11171875 0.03984375 0.06953125
7 0.2875 0.1390625 0.0171875 0.028125
2 0.32265625 0.13046875 0.02578125 0.01875
6 0.43984375 0.1046875 0.0171875 0.03515625
10 0.4421875 0.13125 0.04765625 0.09375
0 0.3375 0.18046875 0.0203125 0.01640625
3 0.34921875 0.13984375 0.01796875 0.0390625
3 0.38515625 0.146875 0.01796875 0.03125
1 0.38671875 0.15625 0.0390625 0.046875
10 0.35078125 0.15546875 0.04296875 0.06796875
3 0.3015625 0.14609375 0.01640625 0.03046875
1 0.303125 0.1640625 0.04609375 0.06171875
7 0.2890625 0.19296875 0.02734375 0.02578125
3 0.3953125 0.2046875 0.02109375 0.0390625
10 0.38828125 0.21796875 0.0625 0.07890625
0 0.39375 0.24375 0.0140625 0.028125
2 0.41328125 0.2546875 0.01796875 0.0296875
3 0.253125 0.06875 0.01484375 0.03046875
1 0.25703125 0.0921875 0.04453125 0.06953125
5 0.2515625 0.10859375 0.01015625 0.00546875
7 0.25078125 0.115625 0.034375 0.025
3 0.19453125 0.14296875 0.01484375 0.03046875
1 0.19453125 0.15390625 0.03984375 0.04921875
3 0.18359375 0.190625 0.0171875 0.0359375
6 0.15390625 0.2234375 0.01640625 0.04375
10 0.15859375 0.2546875 0.0453125 0.10390625
3 0.15625 0.19296875 0.0171875 0.03046875
10 0.159375 0.20546875 0.03671875 0.05703125
2 0.190625 0.23125 0.0296875 0.02109375
10 0.19453125 0.203125 0.04921875 0.065625
3 0.31015625 0.19296875 0.02109375 0.04140625
10 0.309375 0.21875 0.05859375 0.0890625
0 0.30703125 0.25390625 0.025 0.0265625
7 0.315625 0.25546875 0.04296875 0.03125
3 0.2484375 0.22890625 0.02109375 0.0390625
0 0.24453125 0.26796875 0.02109375 0.0296875
1 0.2515625 0.24296875 0.05703125 0.06640625
3 0.2109375 0.31015625 0.021875 0.04453125
7 0.21328125 0.35859375 0.03828125 0.04453125
1 0.21796875 0.3359375 0.0609375 0.11875
7 0.26875 0.35625 0.0453125 0.04921875
10 0.27578125 0.303125 0.05859375 0.1140625
0 0.31484375 0.36796875 0.02421875 0.040625
2 0.32421875 0.37890625 0.0453125 0.04140625
3 0.31953125 0.30703125 0.025 0.04453125
1 0.321875 0.33046875 0.0671875 0.09453125
7 0.38125 0.37890625 0.0328125 0.0453125
3 0.37890625 0.26875 0.02578125 0.05546875
10 0.38203125 0.30859375 0.05859375 0.14453125
3 0.3921875 0.53046875 0.03125 0.06640625
2 0.39375 0.68125 0.06171875 0.06796875
2 0.3140625 0.684375 0.059375 0.06953125
2 0.23828125 0.65625 0.05703125 0.06171875
10 0.3984375 0.56875 0.075 0.15625
3 0.31171875 0.51640625 0.0328125 0.09140625
10 0.32265625 0.56328125 0.075 0.18671875
3 0.24609375 0.5265625 0.02734375 0.06015625
10 0.25234375 0.56796875 0.06796875 0.15625
8 0.33515625 0.10625 0.01796875 0.0359375
5 0.50625 0.95390625 0.03046875 0.06953125