2 0.96640625 0.85546875 0.03125 0.0609375
5 0.965625 0.85546875 0.0109375 0.03125
7 0.990625 0.8296875 0.01875 0.05625
3 0.98125 0.77890625 0.03046875 0.06015625
10 0.95703125 0.81484375 0.07890625 0.1515625
10 0.81015625 0.69375 0.04921875 0.0609375
6 0.7828125 0.60390625 0.03046875 0.0765625
10 0.7875 0.64375 0.08359375 0.16484375
7 0.91875 0.66796875 0.03671875 0.046875
5 0.9296875 0.659375 0.01015625 0.01875
7 0.95078125 0.65546875 0.03828125 0.04453125
3 0.95703125 0.5734375 0.02421875 0.05546875
3 0.9234375 0.56796875 0.02109375 0.0546875
10 0.9 0.6046875 0.06484375 0.1296875
10 0.9484375 0.61328125 0.040625 0.13125
2 0.58046875 0.66796875 0.06484375 0.0640625
3 0.58203125 0.528125 0.03203125 0.07421875
10 0.57578125 0.57109375 0.07890625 0.16953125
2 0.653125 0.53125 0.05390625 0.05078125
7 0.721875 0.5234375 0.0484375 0.06875
6 0.76640625 0.42734375 0.02265625 0.06015625
6 0.72578125 0.39296875 0.02890625 0.065625
6 0.64453125 0.36640625 0.02890625 0.05703125
10 0.640625 0.415625 0.06640625 0.159375
0 0.8359375 0.44375 0.015625 0.02578125
7 0.84296875 0.453125 0.03515625 0.040625
3 0.88828125 0.390625 0.021875 0.04296875
10 0.87734375 0.4109375 0.0484375 0.08125
3 0.8421875 0.36875 0.01953125 0.04609375
10 0.83046875 0.39375 0.0421875 0.1
3 0.81953125 0.309375 0.02265625 0.04453125
0 0.81640625 0.35625 0.02109375 0.025
0 0.8140625 0.36640625 0.02890625 0.02578125
10 0.80078125 0.32265625 0.05546875 0.08046875
3 0.85078125 0.33046875 0.021875 0.03671875
3 0.821875 0.2390625 0.01796875 0.03828125
10 0.8125 0.2546875 0.03671875 0.0703125
3 0.7859375 0.23125 0.01796875 0.034375
10 0.7765625 0.25078125 0.04296875 0.06171875
1 0.72578125 0.36875 0.053125 0.0796875
3 0.6875 0.30390625 0.0234375 0.05078125
0 0.6734375 0.37890625 0.01875 0.0296875
7 0.69609375 0.38125 0.0359375 0.04453125
10 0.68125 0.32890625 0.0453125 0.10703125
3 0.7890625 0.16796875 0.01484375 0.03046875
10 0.784375 0.190625 0.0265625 0.06484375
3 0.76484375 0.171875 0.0171875 0.03125
10 0.75625 0.18515625 0.034375 0.05703125
3 0.7578125 0.13359375 0.01640625 0.03125
10 0.753125 0.14296875 0.03203125 0.04921875
6 0.7375 0.09296875 0.01484375 0.02890625
10 0.73203125 0.10625 0.02890625 0.053125
3 0.64140625 0.32265625 0.02421875 0.04375
1 0.62890625 0.3390625 0.06640625 0.0859375
5 0.575 0.3640625 0.02109375 0.01484375
2 0.584375 0.3734375 0.0453125 0.04375
3 0.584375 0.30546875 0.02421875 0.05
1 0.57265625 0.31796875 0.05703125 0.08203125
3 0.7109375 0.06484375 0.01015625 0.02421875
10 0.70703125 0.0734375 0.028125 0.04375
3 0.6828125 0.05546875 0.01171875 0.02421875
10 0.68046875 0.06796875 0.0265625 0.0546875
3 0.66015625 0.15625 0.01796875 0.03671875
0 0.6546875 0.19609375 0.01953125 0.01953125
7 0.6625 0.20390625 0.03046875 0.025
10 0.6515625 0.171875 0.04375 0.05546875
3 0.671875 0.11796875 0.01328125 0.03125
2 0.67578125 0.15390625 0.02421875 0.01640625
1 0.66328125 0.12578125 0.0375 0.0484375
3 0.62578125 0.10546875 0.01484375 0.03125
1 0.62265625 0.1140625 0.04453125 0.06015625
7 0.62890625 0.14296875 0.028125 0.0296875
6 0.60703125 0.1796875 0.02109375 0.04453125
10 0.60625 0.20546875 0.0390625 0.1015625
6 0.57109375 0.19375 0.0203125 0.04609375
7 0.57265625 0.27265625 0.05703125 0.03046875
5 0.596875 0.27890625 0.01171875 0.01640625
10 0.56640625 0.21875 0.04765625 0.0984375
3 0.5796875 0.4171875 0.03125 0.0640625
10 0.571875 0.44375 0.08046875 0.13359375
3 0.521875 0.19453125 0.0203125 0.04375
7 0.51640625 0.2546875 0.04296875 0.0390625
5 0.490625 0.25625 0.01015625 0.01875
10 0.5125 0.21171875 0.0578125 0.08125
10 0.6109375 0.16875 0.04375 0.0609375
6 0.56015625 0.13046875 0.01796875 0.03984375
10 0.56015625 0.14765625 0.04296875 0.08046875
3 0.5109375 0.13125 0.02109375 0.03984375
10 0.5109375 0.14609375 0.05703125 0.075
3 0.5875 0.09296875 0.0140625 0.034375
10 0.58515625 0.10390625 0.03203125 0.05390625
3 0.6625 0.08125 0.0140625 0.0265625
1 0.65390625 0.090625 0.034375 0.03984375
3 0.61484375 0.05546875 0.0140625 0.02890625
10 0.61015625 0.0671875 0.03515625 0.05859375
3 0.57890625 0.065625 0.015625 0.02578125
10 0.57578125 0.071875 0.04921875 0.04453125
3 0.590625 0.040625 0.01328125 0.0296875
1 0.58515625 0.04375 0.03203125 0.040625
3 0.5484375 0.021875 0.0125 0.0265625
10 0.5484375 0.03125 0.02734375 0.0484375
3 0.51953125 0.0265625 0.01171875 0.0265625
10 0.5234375 0.03046875 0.01953125 0.04296875
2 0.52578125 0.05625 0.01484375 0.015625
2 0.46328125 0.1234375 0.02578125 0.01875
7 0.44921875 0.25546875 0.03828125 0.03125
3 0.45078125 0.20625 0.02265625 0.046875
1 0.453125 0.215625 0.0609375 0.078125
7 0.40390625 0.25546875 0.0375 0.0359375
3 0.39296875 0.20546875 0.0234375 0.03984375
10 0.38984375 0.21640625 0.0640625 0.0765625
7 0.44453125 0.36875 0.02578125 0.04296875
0 0.41953125 0.36796875 0.02734375 0.03046875
7 0.38046875 0.37890625 0.0265625 0.0390625
3 0.440625 0.29140625 0.02890625 0.053125
10 0.440625 0.31796875 0.06171875 0.109375
3 0.49453125 0.33359375 0.02890625 0.05546875
1 0.5015625 0.34375 0.06875 0.0984375
3 0.403125 0.2765625 0.02578125 0.05078125
10 0.39453125 0.315625 0.05703125 0.13203125
3 0.54453125 0.090625 0.01484375 0.034375
10 0.54375 0.103125 0.0390625 0.0609375
3 0.509375 0.08515625 0.01640625 0.03125
10 0.50546875 0.10234375 0.03984375 0.06015625
3 0.4578125 0.08125 0.015625 0.03046875
3 0.4609375 0.09375 0.04453125 0.059375
6 0.440625 0.10546875 0.0171875 0.03671875
10 0.44140625 0.13125 0.04609375 0.0953125
3 0.38515625 0.14765625 0.01640625 0.03046875
10 0.38515625 0.15625 0.0375 0.05078125
3 0.4875 0.39921875 0.0296875 0.06640625
10 0.4875 0.43125 0.0703125 0.1234375
5 0.48828125 0.4890625 0.01171875 0.02890625
2 0.49453125 0.49609375 0.05078125 0.05625
7 0.484375 0.678125 0.07421875 0.065625
3 0.471875 0.53046875 0.03515625 0.06640625
10 0.478125 0.596875 0.0765625 0.20546875
3 0.40078125 0.521875 0.03203125 0.06875
10 0.403125 0.56796875 0.07109375 0.16796875
2 0.39453125 0.684375 0.0625 0.06875
3 0.31015625 0.515625 0.02890625 0.08203125
10 0.31953125 0.5609375 0.07109375 0.18203125
2 0.3140625 0.6890625 0.06015625 0.065625
3 0.24453125 0.515625 0.03359375 0.0640625
10 0.25625 0.56640625 0.0640625 0.171875
2 0.23515625 0.6640625 0.05625 0.0640625
3 0.46328125 0.040625 0.01484375 0.0296875
10 0.46328125 0.0546875 0.03671875 0.059375
3 0.4515625 0.01875 0.01328125 0.02109375
10 0.45078125 0.02578125 0.02578125 0.03046875
6 0.41640625 0.01640625 0.01484375 0.0265625
10 0.41796875 0.0265625 0.0328125 0.0484375
3 0.41875 0.05546875 0.01640625 0.0296875
8 0.425 0.059375 0.0328125 0.04453125
3 0.38203125 0.09296875 0.01640625 0.0265625
1 0.378125 0.10546875 0.0421875 0.046875
6 0.32890625 0.271875 0.025 0.05625
0 0.31328125 0.36796875 0.01796875 0.0390625
2 0.325 0.38046875 0.04453125 0.03984375
7 0.2671875 0.35546875 0.04375 0.040625
10 0.325 0.30546875 0.06171875 0.1203125
6 0.26328125 0.2609375 0.02578125 0.05625
10 0.275 0.29296875 0.0546875 0.115625
3 0.2109375 0.309375 0.02421875 0.04375
1 0.21796875 0.33125 0.0546875 0.11015625
7 0.215625 0.35625 0.0359375 0.03828125
6 0.3109375 0.18046875 0.02265625 0.04140625
7 0.31015625 0.25546875 0.02734375 0.03671875
7 0.31640625 0.20625 0.04765625 0.10078125
3 0.24921875 0.228125 0.02109375 0.03671875
1 0.253125 0.24296875 0.06015625 0.06953125
3 0.3484375 0.13828125 0.01796875 0.03828125
10 0.34921875 0.15546875 0.04609375 0.06328125
3 0.3140625 0.14296875 0.01796875 0.0359375
10 0.30859375 0.1578125 0.0453125 0.0640625
0 0.3359375 0.18046875 0.01953125 0.0203125
7 0.3453125 0.18046875 0.03828125 0.0296875
3 0.33125 0.10625 0.01640625 0.02890625
3 0.28828125 0.09296875 0.01640625 0.034375
10 0.28828125 0.1109375 0.03828125 0.06796875
3 0.38515625 0.053125 0.015625 0.03046875
10 0.384375 0.06171875 0.0453125 0.05625
3 0.37890625 0.0296875 0.01328125 0.0296875
10 0.378125 0.034375 0.03515625 0.04375
3 0.35078125 0.06796875 0.015625 0.02890625
1 0.35078125 0.06875 0.03515625 0.040625
3 0.31484375 0.059375 0.01640625 0.03046875
10 0.31328125 0.06875 0.03515625 0.0515625
10 0.35703125 0.04296875 0.02734375 0.0453125
8 0.321875 0.04296875 0.0359375 0.03828125
3 0.1546875 0.22734375 0.02109375 0.04140625
10 0.15703125 0.246875 0.05 0.09453125
2 0.190625 0.23046875 0.0265625 0.021875
10 0.18984375 0.16875 0.0203125 0.03359375
10 0.20234375 0.190625 0.0484375 0.06875
10 0.1609375 0.20546875 0.03359375 0.05
3 0.18828125 0.13125 0.01484375 0.034375
10 0.196875 0.14296875 0.04140625 0.059375
3 0.253125 0.0734375 0.0171875 0.03046875
10 0.26015625 0.09296875 0.03671875 0.05859375
0 0.25 0.10625 0.01640625 0.01484375
2 0.009375 0.62890625 0.0171875 0.0453125
7 0.02578125 0.65625 0.03125 0.0734375
10 0.76953125 0.46875 0.04453125 0.140625
10 0.715625 0.4359375 0.06796875 0.15625
2 0.61953125 0.2796875 0.03515625 0.028125
5 0.50625 0.9546875 0.03046875 0.06640625