0 0.96328125 0.85546875 0.01640625 0.04453125
7 0.96640625 0.85546875 0.03203125 0.06328125
5 0.98515625 0.8546875 0.01015625 0.03359375
7 0.81015625 0.7046875 0.05 0.071875
6 0.78203125 0.60546875 0.03125 0.078125
10 0.78515625 0.6515625 0.08125 0.171875
2 0.58359375 0.66875 0.0671875 0.059375
3 0.58203125 0.53125 0.03203125 0.07109375
10 0.57265625 0.57578125 0.08046875 0.16171875
3 0.9828125 0.76796875 0.02578125 0.06484375
10 0.95625 0.80546875 0.08125 0.14453125
5 0.92890625 0.65546875 0.01171875 0.03125
7 0.95078125 0.65625 0.03828125 0.04375
7 0.91953125 0.65625 0.03515625 0.06171875
3 0.95859375 0.5765625 0.02109375 0.0484375
3 0.91953125 0.56875 0.02265625 0.05390625
10 0.896875 0.6046875 0.06796875 0.12578125
10 0.94609375 0.61328125 0.0484375 0.1265625
7 0.721875 0.51796875 0.04765625 0.07109375
2 0.6515625 0.53046875 0.05390625 0.0515625
7 0.775 0.51875 0.0421875 0.05
6 0.7671875 0.42109375 0.021875 0.05625
6 0.72265625 0.39296875 0.02578125 0.0640625
10 0.76328125 0.46796875 0.059375 0.1453125
10 0.71328125 0.440625 0.071875 0.15703125
0 0.8359375 0.44375 0.01796875 0.0296875
7 0.84140625 0.44375 0.034375 0.05390625
7 0.878125 0.44296875 0.02578125 0.03046875
6 0.88125 0.3765625 0.01640625 0.05390625
3 0.84140625 0.36796875 0.01796875 0.05078125
10 0.87578125 0.40546875 0.03515625 0.11171875
10 0.83125 0.39296875 0.04296875 0.10625
0 0.815625 0.35625 0.0203125 0.03203125
7 0.8125 0.35546875 0.03046875 0.03515625
3 0.85234375 0.321875 0.02109375 0.03046875
3 0.821875 0.309375 0.0203125 0.04453125
1 0.84375 0.33046875 0.03984375 0.078125
10 0.803125 0.32109375 0.0609375 0.08046875
3 0.734375 0.35625 0.02109375 0.03984375
1 0.72578125 0.365625 0.05859375 0.0859375
0 0.6734375 0.3796875 0.015625 0.02578125
7 0.69609375 0.38125 0.03828125 0.046875
3 0.6875 0.29453125 0.0203125 0.05625
10 0.678125 0.31796875 0.04609375 0.10625
10 0.77890625 0.26953125 0.01953125 0.03046875
3 0.82265625 0.234375 0.01796875 0.04453125
3 0.78671875 0.23046875 0.01640625 0.03125
10 0.8140625 0.25390625 0.0375 0.07421875
10 0.77734375 0.246875 0.0484375 0.06875
3 0.790625 0.18984375 0.01484375 0.03359375
3 0.7609375 0.16953125 0.01484375 0.03046875
10 0.784375 0.19296875 0.0296875 0.05625
10 0.75703125 0.19140625 0.040625 0.06875
7 0.7625 0.2171875 0.0203125 0.02109375
6 0.765625 0.14375 0.0171875 0.028125
1 0.75390625 0.153125 0.04296875 0.046875
3 0.7375 0.096875 0.0140625 0.03125
0 0.7375 0.13046875 0.01328125 0.01328125
7 0.7375 0.13125 0.021875 0.01953125
7 0.73515625 0.1109375 0.03359375 0.05625
3 0.71015625 0.06328125 0.01328125 0.02421875
10 0.70703125 0.06953125 0.02890625 0.05546875
0 0.690625 0.09140625 0.0109375 0.015625
7 0.68828125 0.09375 0.02109375 0.01875
2 0.7046875 0.09296875 0.01796875 0.01953125
6 0.6828125 0.05546875 0.01171875 0.02421875
10 0.68046875 0.06875 0.0296875 0.05546875
3 0.621875 0.040625 0.01171875 0.0234375
10 0.6171875 0.05078125 0.03125 0.0484375
3 0.5890625 0.04375 0.01328125 0.028125
1 0.5859375 0.04296875 0.03359375 0.04375
3 0.54765625 0.01953125 0.01328125 0.028125
10 0.54765625 0.03125 0.02890625 0.053125
9 0.52578125 0.0171875 0.01484375 0.0265625
10 0.52109375 0.03046875 0.02734375 0.05546875
7 0.52578125 0.053125 0.01796875 0.0140625
3 0.49375 0.01796875 0.0125 0.0265625
10 0.49140625 0.03046875 0.03203125 0.053125
3 0.453125 0.01875 0.01328125 0.021875
10 0.45625 0.03125 0.0328125 0.046875
6 0.4234375 0.01015625 0.01328125 0.01875
10 0.42265625 0.0265625 0.03515625 0.05078125
3 0.653125 0.06875 0.0140625 0.0296875
10 0.64765625 0.08046875 0.02890625 0.05078125
3 0.61328125 0.05625 0.01328125 0.0265625
10 0.61015625 0.06875 0.0375 0.05546875
3 0.57578125 0.05546875 0.01484375 0.028125
10 0.56953125 0.06796875 0.03984375 0.05078125
3 0.503125 0.0421875 0.015625 0.03203125
10 0.50390625 0.05546875 0.03203125 0.06328125
3 0.46328125 0.0390625 0.01484375 0.0265625
10 0.46328125 0.0546875 0.03828125 0.059375
3 0.41953125 0.04375 0.01484375 0.01953125
1 0.425 0.05625 0.0328125 0.0453125
3 0.6640625 0.10625 0.01484375 0.03046875
10 0.6625 0.11796875 0.03515625 0.06171875
7 0.671875 0.1515625 0.03203125 0.025
0 0.62109375 0.13359375 0.0203125 0.01875
7 0.628125 0.14296875 0.03046875 0.02578125
3 0.62578125 0.10546875 0.015625 0.03125
10 0.62265625 0.11796875 0.04453125 0.06015625
6 0.58203125 0.078125 0.01484375 0.03203125
2 0.5890625 0.140625 0.02734375 0.01640625
10 0.58125 0.09375 0.0359375 0.0703125
7 0.54765625 0.13125 0.02421875 0.02109375
9 0.5234375 0.078125 0.01875 0.0390625
10 0.53203125 0.09375 0.04453125 0.078125
9 0.50078125 0.06953125 0.01640625 0.0359375
10 0.503125 0.09140625 0.0328125 0.06953125
9 0.46015625 0.05625 0.01640625 0.03125
2 0.46328125 0.11953125 0.028125 0.01953125
10 0.459375 0.08125 0.03984375 0.0765625
3 0.659375 0.15546875 0.0171875 0.03125
0 0.65625 0.19296875 0.01875 0.01953125
7 0.66328125 0.2015625 0.03125 0.02421875
10 0.6515625 0.16875 0.04453125 0.05546875
3 0.61328125 0.15546875 0.01796875 0.03125
10 0.6125 0.16875 0.0453125 0.06484375
6 0.56875 0.1390625 0.01640625 0.0390625
10 0.56328125 0.1640625 0.05234375 0.08984375
3 0.51953125 0.14296875 0.01953125 0.04375
10 0.5109375 0.15546875 0.05546875 0.059375
6 0.4390625 0.10546875 0.01796875 0.03671875
2 0.4390625 0.16953125 0.034375 0.01953125
10 0.440625 0.13046875 0.0484375 0.09453125
6 0.61640625 0.18046875 0.021875 0.040625
10 0.6046875 0.20546875 0.046875 0.10546875
3 0.57265625 0.19375 0.02109375 0.04609375
10 0.56875 0.21796875 0.0515625 0.09375
5 0.5953125 0.27890625 0.009375 0.01484375
2 0.61953125 0.28046875 0.03671875 0.03125
7 0.5734375 0.26796875 0.05859375 0.03828125
3 0.52265625 0.19453125 0.021875 0.0484375
5 0.4890625 0.25546875 0.009375 0.01875
7 0.51875 0.25390625 0.0390625 0.04375
10 0.5125 0.2140625 0.0546875 0.0765625
6 0.64296875 0.36796875 0.0296875 0.06953125
10 0.59453125 0.4140625 0.07265625 0.1609375
3 0.640625 0.321875 0.02265625 0.04453125
1 0.628125 0.34296875 0.0640625 0.0859375
0 0.57265625 0.35625 0.021875 0.0265625
2 0.584375 0.36953125 0.0421875 0.04375
3 0.58203125 0.29296875 0.02421875 0.0484375
10 0.575 0.31640625 0.0640625 0.09453125
3 0.578125 0.41875 0.03203125 0.06328125
10 0.57265625 0.4515625 0.08203125 0.13515625
7 0.58203125 0.51875 0.05546875 0.0609375
3 0.49375 0.33203125 0.02734375 0.05546875
1 0.50234375 0.34375 0.06640625 0.09609375
7 0.48984375 0.67890625 0.06484375 0.065625
3 0.471875 0.53984375 0.0328125 0.08359375
10 0.47734375 0.6015625 0.07421875 0.21171875
5 0.48828125 0.4890625 0.01015625 0.025
2 0.49453125 0.49296875 0.05078125 0.0546875
3 0.4875 0.39296875 0.02734375 0.06328125
10 0.4859375 0.41875 0.06640625 0.128125
3 0.45234375 0.20625 0.0234375 0.0453125
7 0.44765625 0.25625 0.03828125 0.0359375
1 0.45390625 0.21796875 0.0625 0.08671875
2 0.39453125 0.68125 0.0625 0.0640625
2 0.3140625 0.68125 0.06015625 0.06875
2 0.23671875 0.65546875 0.05859375 0.06328125
3 0.39296875 0.5203125 0.0328125 0.078125
10 0.2515625 0.56953125 0.07109375 0.16484375
3 0.31171875 0.51640625 0.03203125 0.09453125
10 0.32109375 0.5625 0.0734375 0.18046875
3 0.246875 0.52734375 0.0265625 0.06015625
10 0.3984375 0.56953125 0.08125 0.171875
0 0.42265625 0.36796875 0.01953125 0.03046875
7 0.44453125 0.36796875 0.02421875 0.03984375
3 0.4453125 0.284375 0.02890625 0.06328125
10 0.440625 0.31875 0.06640625 0.11875
7 0.38125 0.378125 0.03046875 0.04453125
0 0.31328125 0.3765625 0.01875 0.025
2 0.3234375 0.37890625 0.04609375 0.03671875
6 0.37421875 0.25625 0.02734375 0.0609375
10 0.38125 0.309375 0.05703125 0.15546875
3 0.3953125 0.20546875 0.01953125 0.04296875
0 0.39375 0.24375 0.0140625 0.02421875
7 0.40390625 0.253125 0.03515625 0.0359375
1 0.38984375 0.21796875 0.06171875 0.08125
3 0.31953125 0.315625 0.025 0.0515625
1 0.321875 0.33125 0.06953125 0.10078125
7 0.21640625 0.35625 0.03828125 0.0453125
7 0.2671875 0.35625 0.04140625 0.0453125
6 0.26015625 0.26796875 0.02578125 0.0546875
3 0.21015625 0.315625 0.02421875 0.046875
1 0.21796875 0.334375 0.0578125 0.11875
10 0.275 0.29609375 0.0578125 0.11953125
3 0.31328125 0.19296875 0.01953125 0.04296875
7 0.315625 0.25625 0.0421875 0.02890625
3 0.25 0.228125 0.0203125 0.0390625
1 0.2515625 0.2421875 0.06015625 0.06953125
10 0.309375 0.21796875 0.05859375 0.0953125
3 0.384375 0.146875 0.01796875 0.03046875
1 0.38671875 0.15625 0.03984375 0.05078125
0 0.3375 0.18046875 0.0203125 0.0203125
7 0.3453125 0.18125 0.03671875 0.0265625
3 0.34296875 0.13046875 0.01796875 0.04453125
10 0.34375 0.1515625 0.0421875 0.078125
3 0.3015625 0.1515625 0.02109375 0.03828125
0 0.29765625 0.18203125 0.01796875 0.01875
7 0.29140625 0.19140625 0.02734375 0.028125
1 0.303125 0.1640625 0.0453125 0.06484375
3 0.38125 0.09375 0.0171875 0.03125
0 0.3765625 0.12109375 0.015625 0.01953125
1 0.378125 0.10546875 0.04296875 0.05625
3 0.28984375 0.09375 0.01484375 0.03671875
7 0.28828125 0.1390625 0.01875 0.02109375
10 0.2875 0.10703125 0.03984375 0.06171875
3 0.33828125 0.09375 0.01640625 0.028125
10 0.3375 0.1046875 0.04375 0.05546875
3 0.38828125 0.04921875 0.01484375 0.03046875
10 0.3875 0.05703125 0.0390625 0.05546875
3 0.35546875 0.053125 0.01484375 0.03359375
10 0.35078125 0.0578125 0.03515625 0.04921875
3 0.31640625 0.05625 0.01640625 0.03359375
1 0.31484375 0.06796875 0.03671875 0.053125
3 0.32578125 0.02890625 0.01328125 0.028125
10 0.3296875 0.034375 0.03359375 0.04375
1 0.359375 0.0390625 0.02734375 0.03515625
6 0.15546875 0.2265625 0.01953125 0.05078125
10 0.15703125 0.25546875 0.04296875 0.10546875
3 0.18515625 0.18125 0.01640625 0.04609375
3 0.15625 0.19296875 0.0171875 0.034375
10 0.19375 0.2 0.0453125 0.06875
2 0.18984375 0.23046875 0.0296875 0.021875
10 0.1625 0.20546875 0.03515625 0.0609375
3 0.19609375 0.15234375 0.01484375 0.0359375
1 0.19453125 0.15546875 0.03984375 0.0484375
3 0.25625 0.06796875 0.01640625 0.034375
5 0.25 0.10546875 0.01171875 0.00546875
2 0.25625 0.1109375 0.02578125 0.01875
7 0.25546875 0.08984375 0.0453125 0.0703125
10 0.04765625 0.6015625 0.07109375 0.1515625
3 0.02578125 0.565625 0.02734375 0.06796875
5 0.50390625 0.953125 0.03046875 0.06953125