3 0.025 0.56796875 0.0296875 0.06015625
10 0.04375 0.6046875 0.0703125 0.1390625
0 0.02421875 0.63046875 0.0203125 0.04453125
3 0.24609375 0.51640625 0.0296875 0.065625
10 0.253125 0.56640625 0.06640625 0.16640625
2 0.2375 0.665625 0.05859375 0.06484375
6 0.3109375 0.51875 0.034375 0.0859375
10 0.3171875 0.56640625 0.07421875 0.18046875
2 0.3140625 0.68359375 0.06015625 0.06875
3 0.39609375 0.540625 0.03671875 0.07421875
10 0.4 0.58046875 0.07578125 0.15703125
2 0.39375 0.68046875 0.0671875 0.06875
3 0.47578125 0.53046875 0.03671875 0.06875
10 0.47734375 0.5765625 0.0734375 0.153125
2 0.4890625 0.68046875 0.06640625 0.06953125
3 0.7125 0.0640625 0.01171875 0.0234375
10 0.70625 0.06875 0.0265625 0.04453125
3 0.6828125 0.0640625 0.01484375 0.0234375
10 0.67578125 0.06875 0.02890625 0.04453125
8 0.65703125 0.08046875 0.01328125 0.02578125
6 0.61328125 0.04296875 0.01484375 0.03046875
10 0.609375 0.065625 0.03203125 0.0609375
6 0.58125 0.04296875 0.0140625 0.03046875
10 0.5734375 0.05625 0.0375 0.06953125
6 0.50390625 0.040625 0.01328125 0.03125
10 0.50390625 0.05390625 0.03359375 0.06015625
3 0.46328125 0.04296875 0.015625 0.03125
10 0.46328125 0.05625 0.03828125 0.05625
8 0.428125 0.05546875 0.03046875 0.04453125
3 0.38984375 0.04296875 0.0140625 0.0265625
10 0.38828125 0.05546875 0.034375 0.05390625
3 0.35625 0.05546875 0.01484375 0.02890625
10 0.35078125 0.06875 0.040625 0.05546875
3 0.315625 0.05546875 0.01640625 0.03125
10 0.31328125 0.06796875 0.03828125 0.053125
3 0.25390625 0.08046875 0.01484375 0.028125
1 0.259375 0.09296875 0.0359375 0.05078125
0 0.25 0.109375 0.01171875 0.0140625
3 0.3265625 0.02890625 0.01328125 0.025
10 0.3296875 0.03046875 0.03046875 0.04453125
3 0.4171875 0.028125 0.01328125 0.02578125
1 0.41953125 0.03125 0.03515625 0.03984375
3 0.453125 0.01796875 0.0140625 0.025
10 0.45625 0.03125 0.03515625 0.0453125
3 0.4953125 0.01640625 0.01171875 0.028125
10 0.49453125 0.028125 0.03125 0.053125
3 0.5546875 0.03125 0.0125 0.025
1 0.55 0.040625 0.0328125 0.0453125
8 0.51953125 0.028125 0.0125 0.02578125
3 0.73671875 0.09296875 0.01171875 0.03046875
10 0.734375 0.10546875 0.03359375 0.05
6 0.6671875 0.10625 0.01484375 0.0359375
10 0.665625 0.11875 0.0390625 0.05703125
3 0.6203125 0.1015625 0.01640625 0.0359375
1 0.6234375 0.11171875 0.04453125 0.05625
3 0.584375 0.090625 0.01484375 0.03125
10 0.58203125 0.103125 0.03671875 0.06171875
3 0.54453125 0.08046875 0.015625 0.03125
10 0.54140625 0.09296875 0.03515625 0.05625
3 0.515625 0.09296875 0.0140625 0.03203125
10 0.50703125 0.10546875 0.04609375 0.05703125
3 0.46015625 0.08203125 0.015625 0.03125
10 0.4625 0.09375 0.0390625 0.0484375
3 0.38359375 0.09296875 0.0171875 0.02890625
1 0.3765625 0.1046875 0.04296875 0.05390625
3 0.33203125 0.09296875 0.01640625 0.03046875
1 0.334375 0.10625 0.04609375 0.05078125
3 0.290625 0.09296875 0.01484375 0.03046875
10 0.28828125 0.10546875 0.040625 0.05546875
1 0.19453125 0.15546875 0.03671875 0.04609375
6 0.29140625 0.12890625 0.015625 0.0359375
10 0.296875 0.146875 0.04609375 0.08046875
3 0.340625 0.13046875 0.01796875 0.03671875
10 0.34375 0.14296875 0.04140625 0.06953125
3 0.3875 0.14296875 0.01953125 0.03046875
1 0.3875 0.15546875 0.040625 0.0515625
3 0.440625 0.10546875 0.01796875 0.03515625
10 0.44140625 0.13359375 0.04765625 0.09453125
3 0.52109375 0.13125 0.01953125 0.04140625
10 0.515625 0.15234375 0.05546875 0.084375
3 0.57578125 0.14375 0.01640625 0.040625
1 0.565625 0.16640625 0.046875 0.084375
10 0.609375 0.16640625 0.0359375 0.05625
3 0.659375 0.1640625 0.01953125 0.03984375
10 0.653125 0.1734375 0.0421875 0.05625
5 0.659375 0.2015625 0.0109375 0.01171875
3 0.76328125 0.16875 0.01796875 0.03515625
10 0.75625 0.18046875 0.034375 0.06875
8 0.78828125 0.20390625 0.03515625 0.046875
3 0.78203125 0.22890625 0.01953125 0.03671875
10 0.7765625 0.24296875 0.04140625 0.08046875
3 0.82109375 0.23125 0.01796875 0.03984375
10 0.81484375 0.2546875 0.04140625 0.08125
6 0.62265625 0.18046875 0.02109375 0.040625
10 0.61328125 0.2109375 0.04921875 0.10546875
3 0.57421875 0.19453125 0.0203125 0.04375
10 0.56640625 0.21875 0.046875 0.08515625
3 0.51875 0.20546875 0.0203125 0.0390625
1 0.5125 0.21875 0.0546875 0.0703125
3 0.45234375 0.20546875 0.02109375 0.040625
1 0.4546875 0.21640625 0.05859375 0.0765625
3 0.39453125 0.20390625 0.02109375 0.040625
1 0.3890625 0.21796875 0.06015625 0.08046875
3 0.31328125 0.19296875 0.02109375 0.04375
10 0.31015625 0.21875 0.05859375 0.0890625
3 0.25078125 0.228125 0.02109375 0.03828125
1 0.2515625 0.24140625 0.05859375 0.06484375
3 0.1859375 0.18828125 0.02109375 0.04453125
1 0.1921875 0.20390625 0.04609375 0.071875
6 0.15390625 0.23203125 0.01953125 0.05
10 0.1578125 0.25234375 0.04453125 0.08984375
3 0.81640625 0.30546875 0.01875 0.04453125
1 0.8 0.32734375 0.0546875 0.075
3 0.85625 0.33046875 0.0203125 0.04453125
1 0.84375 0.33984375 0.04609375 0.0609375
3 0.68828125 0.29296875 0.02109375 0.0546875
10 0.678125 0.31796875 0.0453125 0.096875
5 0.675 0.38046875 0.01796875 0.0296875
3 0.640625 0.31875 0.0265625 0.0484375
1 0.62578125 0.3390625 0.059375 0.0859375
3 0.58046875 0.2921875 0.0234375 0.04921875
10 0.56953125 0.30703125 0.05078125 0.09453125
5 0.57421875 0.3640625 0.01953125 0.01171875
3 0.49765625 0.33046875 0.02734375 0.05390625
1 0.5015625 0.34296875 0.06640625 0.09140625
3 0.45078125 0.31796875 0.03046875 0.0546875
1 0.44453125 0.33046875 0.06015625 0.08359375
6 0.37734375 0.26796875 0.0265625 0.05546875
10 0.38515625 0.29296875 0.05546875 0.12109375
5 0.40234375 0.3765625 0.0140625 0.01953125
3 0.325 0.29453125 0.0234375 0.05546875
10 0.325 0.31953125 0.06484375 0.1234375
0 0.3140625 0.375 0.01953125 0.03125
6 0.25390625 0.28046875 0.02578125 0.05625
10 0.26328125 0.31875 0.05078125 0.140625
3 0.2125 0.30546875 0.0203125 0.04375
1 0.215625 0.33046875 0.0515625 0.1203125
2 0.21328125 0.35546875 0.03984375 0.04609375
3 0.58125 0.53125 0.03125 0.075
10 0.5796875 0.58046875 0.07421875 0.16484375
7 0.58828125 0.67578125 0.06875 0.07421875
8 0.84765625 0.63046875 0.03046875 0.07578125
3 0.984375 0.78046875 0.0265625 0.06875
10 0.95703125 0.8171875 0.084375 0.146875
0 0.9640625 0.865625 0.01640625 0.046875
3 0.92578125 0.57109375 0.02109375 0.05625
10 0.903125 0.61796875 0.06953125 0.14375
0 0.925 0.65546875 0.01796875 0.03359375
3 0.9609375 0.60625 0.021875 0.053125
10 0.95 0.62890625 0.04765625 0.096875
6 0.765625 0.428125 0.02421875 0.0609375
10 0.76328125 0.465625 0.05703125 0.1390625
6 0.72421875 0.39296875 0.02734375 0.06796875
10 0.71640625 0.43359375 0.06953125 0.15546875
6 0.6484375 0.37578125 0.02890625 0.06171875
10 0.64140625 0.41875 0.06953125 0.1515625
2 0.653125 0.53046875 0.05390625 0.05390625
3 0.5828125 0.40546875 0.03203125 0.06875
10 0.56875 0.43984375 0.07578125 0.1296875
3 0.49140625 0.403125 0.02578125 0.059375
10 0.48515625 0.43046875 0.07734375 0.12578125
3 0.84296875 0.37109375 0.0203125 0.04375
10 0.83203125 0.40625 0.04296875 0.11015625
0 0.83671875 0.44296875 0.01796875 0.03046875
3 0.8921875 0.38046875 0.01953125 0.04453125
10 0.87890625 0.41328125 0.04921875 0.09921875
8 0.7296875 0.3671875 0.04765625 0.08046875
7 0.378125 0.3765625 0.0265625 0.04921875
1 0.81015625 0.65546875 0.11171875 0.13125
5 0.4265625 0.37265625 0.01328125 0.03046875
5 0.59609375 0.27734375 0.0109375 0.01953125
2 0.61875 0.28046875 0.03671875 0.028125
0 0.309375 0.2546875 0.0234375 0.01640625
5 0.33984375 0.18359375 0.0140625 0.01328125
2 0.34765625 0.18671875 0.03359375 0.0234375
5 0.1234375 0.31640625 0.01015625 0.015625
2 0.1171875 0.3171875 0.02421875 0.01953125
2 0.325 0.38125 0.04375 0.03828125
0 0.81796875 0.35625 0.0171875 0.025
2 0.81171875 0.36796875 0.02734375 0.0234375
5 0.5046875 0.95234375 0.02890625 0.075
2 0.91953125 0.6703125 0.03515625 0.040625
7 0.721875 0.528125 0.05078125 0.05859375
2 0.4125 0.25390625 0.0203125 0.03359375
7 0.44765625 0.25859375 0.04140625 0.0390625
7 0.29140625 0.19296875 0.02890625 0.0296875
7 0.43671875 0.17890625 0.028125 0.02421875
5 0.41875 0.1859375 0.01171875 0.01953125
2 0.465625 0.125 0.02265625 0.021875
2 0.546875 0.13125 0.0234375 0.01875
2 0.59375 0.140625 0.01953125 0.01953125
2 0.63671875 0.1453125 0.01484375 0.021875
3 0.6140625 0.15703125 0.01875 0.03671875
7 0.51875 0.25859375 0.0375 0.0296875
7 0.5609375 0.2703125 0.034375 0.03359375
0 0.37734375 0.12578125 0.01484375 0.01875
2 0.2546875 0.115625 0.02578125 0.01796875
3 0.19609375 0.153125 0.01640625 0.03671875
2 0.18828125 0.234375 0.03046875 0.02421875
7 0.2640625 0.3671875 0.03984375 0.03984375
2 0.678125 0.15625 0.0203125 0.025
0 0.62578125 0.14140625 0.0125 0.01875
2 0.96875 0.86015625 0.028125 0.06640625