2 0.01015625 0.63046875 0.01875 0.04296875
2 0.2375 0.6640625 0.06015625 0.06484375
2 0.31328125 0.690625 0.05859375 0.06953125
2 0.39375 0.6859375 0.06328125 0.06875
2 0.48984375 0.68046875 0.06484375 0.06796875
3 0.47734375 0.53359375 0.03671875 0.07578125
10 0.47265625 0.60234375 0.07890625 0.20859375
3 0.39375 0.55234375 0.0328125 0.0734375
10 0.396875 0.58515625 0.07734375 0.13671875
3 0.31015625 0.51875 0.03515625 0.08125
10 0.31875 0.56484375 0.07421875 0.18515625
3 0.246875 0.525 0.03046875 0.06640625
10 0.2515625 0.56875 0.06875 0.15625
0 0.3125 0.37578125 0.0234375 0.02578125
5 0.403125 0.3796875 0.01328125 0.02421875
5 0.4265625 0.3734375 0.01484375 0.03046875
2 0.32421875 0.37890625 0.04609375 0.0359375
7 0.215625 0.35625 0.0328125 0.05078125
5 0.26328125 0.365625 0.01171875 0.01875
7 0.26875 0.36796875 0.0359375 0.03515625
5 0.12265625 0.315625 0.00703125 0.01796875
2 0.11640625 0.3171875 0.02265625 0.02109375
6 0.1546875 0.22578125 0.02109375 0.0484375
10 0.15703125 0.25390625 0.04453125 0.10859375
3 0.25703125 0.28828125 0.02578125 0.05
3 0.21015625 0.29375 0.025 0.046875
10 0.2140625 0.33046875 0.059375 0.12578125
10 0.26875 0.33125 0.0578125 0.134375
6 0.32421875 0.28046875 0.0234375 0.059375
10 0.325 0.31875 0.0671875 0.13515625
2 0.18984375 0.23359375 0.02890625 0.02421875
6 0.1859375 0.1859375 0.01953125 0.04375
10 0.19453125 0.19921875 0.04609375 0.0703125
6 0.38125 0.26171875 0.02890625 0.05859375
7 0.378125 0.378125 0.0296875 0.04375
7 0.44453125 0.3734375 0.02421875 0.034375
10 0.384375 0.303125 0.05546875 0.1484375
3 0.45390625 0.3109375 0.02890625 0.05859375
1 0.44453125 0.33125 0.06328125 0.0953125
3 0.25078125 0.228125 0.02109375 0.0390625
1 0.2515625 0.23828125 0.059375 0.06953125
5 0.3125 0.25546875 0.01640625 0.0109375
3 0.31328125 0.19453125 0.02421875 0.046875
10 0.31328125 0.215625 0.05390625 0.084375
3 0.19453125 0.153125 0.01796875 0.03515625
1 0.19453125 0.15546875 0.03828125 0.04609375
5 0.25078125 0.11171875 0.01171875 0.00859375
2 0.25703125 0.11328125 0.02578125 0.01953125
3 0.25625 0.07421875 0.0171875 0.03359375
10 0.25703125 0.0921875 0.04453125 0.06953125
3 0.290625 0.09609375 0.01640625 0.0359375
10 0.2875 0.109375 0.04140625 0.06328125
6 0.3 0.13046875 0.01796875 0.0390625
10 0.3 0.1515625 0.04296875 0.08515625
0 0.29921875 0.18046875 0.0203125 0.01875
7 0.29140625 0.19140625 0.02578125 0.02578125
3 0.49453125 0.3390625 0.025 0.053125
1 0.5015625 0.34375 0.065625 0.08671875
7 0.50625 0.49609375 0.0296875 0.05625
3 0.4921875 0.40234375 0.03125 0.06171875
10 0.4859375 0.43359375 0.07890625 0.1265625
3 0.3453125 0.13359375 0.01875 0.040625
0 0.3359375 0.18125 0.01875 0.01953125
2 0.34765625 0.18671875 0.03125 0.0203125
10 0.3453125 0.15234375 0.04296875 0.07890625
3 0.3328125 0.0953125 0.01875 0.03359375
1 0.334375 0.10546875 0.04296875 0.04921875
3 0.31640625 0.0546875 0.01640625 0.0296875
10 0.31328125 0.06796875 0.03671875 0.05859375
3 0.32578125 0.03046875 0.01328125 0.028125
10 0.3296875 0.034375 0.03046875 0.04453125
3 0.3546875 0.05625 0.01640625 0.03203125
10 0.35078125 0.06328125 0.03515625 0.04921875
9 0.3953125 0.04296875 0.01640625 0.03046875
10 0.390625 0.05546875 0.0328125 0.05703125
3 0.41953125 0.05625 0.01640625 0.02890625
1 0.42578125 0.05546875 0.03125 0.04453125
3 0.38125 0.09375 0.01796875 0.03359375
0 0.3765625 0.11796875 0.01484375 0.01953125
1 0.3765625 0.10625 0.04375 0.05625
3 0.38828125 0.1453125 0.01953125 0.0390625
1 0.3875 0.15625 0.03984375 0.05625
3 0.4421875 0.1140625 0.01796875 0.03828125
7 0.43515625 0.16796875 0.02734375 0.01953125
5 0.41640625 0.18046875 0.01171875 0.01328125
10 0.4421875 0.1390625 0.04609375 0.0890625
3 0.3953125 0.20546875 0.02265625 0.04296875
1 0.38828125 0.21796875 0.06328125 0.08203125
2 0.41328125 0.25625 0.01640625 0.02890625
3 0.415625 0.0296875 0.0140625 0.028125
10 0.42109375 0.03125 0.0328125 0.03984375
3 0.45234375 0.01796875 0.0109375 0.0234375
3 0.46328125 0.04296875 0.01328125 0.03125
10 0.45625 0.03046875 0.0375 0.04453125
10 0.46328125 0.05546875 0.03828125 0.05703125
3 0.46015625 0.0875 0.01796875 0.03046875
3 0.46328125 0.09375 0.03984375 0.05
2 0.4640625 0.1234375 0.025 0.01953125
3 0.45078125 0.20546875 0.01953125 0.0390625
1 0.4546875 0.2140625 0.05859375 0.075
7 0.44765625 0.25703125 0.03828125 0.03515625
5 0.49140625 0.2625 0.01015625 0.025
3 0.49375 0.0171875 0.01171875 0.0265625
10 0.4921875 0.02890625 0.028125 0.05078125
3 0.51015625 0.04140625 0.015625 0.03359375
10 0.50703125 0.05625 0.03359375 0.06171875
3 0.51328125 0.09375 0.01640625 0.03125
10 0.50625 0.1046875 0.05078125 0.05546875
3 0.5453125 0.0859375 0.01640625 0.03046875
10 0.5421875 0.09765625 0.03671875 0.05625
2 0.54609375 0.13046875 0.02109375 0.01875
2 0.5265625 0.05625 0.01015625 0.0140625
3 0.55625 0.03046875 0.0140625 0.0265625
10 0.55078125 0.03671875 0.03359375 0.04453125
3 0.5890625 0.04296875 0.015625 0.02890625
1 0.5859375 0.04765625 0.03125 0.04375
3 0.61328125 0.05546875 0.015625 0.03046875
10 0.6078125 0.06875 0.03515625 0.0609375
6 0.58125 0.08125 0.0171875 0.0390625
3 0.56640625 0.06796875 0.0125 0.02890625
10 0.56953125 0.06875 0.03515625 0.04453125
3 0.51328125 0.13125 0.021875 0.04453125
10 0.5140625 0.14921875 0.05625 0.07890625
6 0.51328125 0.1765625 0.021875 0.04609375
10 0.5125 0.20234375 0.04921875 0.10078125
2 0.51875 0.25703125 0.0375 0.03359375
7 0.5890625 0.67734375 0.06796875 0.07109375
3 0.58203125 0.53125 0.03125 0.06796875
10 0.5796875 0.57890625 0.075 0.1640625
3 0.57890625 0.41875 0.034375 0.06953125
10 0.571875 0.44921875 0.0859375 0.134375
6 0.64375 0.3765625 0.02890625 0.0640625
2 0.653125 0.53125 0.0515625 0.05078125
10 0.63828125 0.41796875 0.06875 0.15625
3 0.575 0.14296875 0.01953125 0.0359375
10 0.5625 0.165625 0.04921875 0.0859375
6 0.571875 0.19765625 0.021875 0.0453125
7 0.5734375 0.26875 0.05546875 0.03671875
5 0.596875 0.27890625 0.00859375 0.01875
2 0.61953125 0.28046875 0.03671875 0.03125
10 0.56640625 0.22109375 0.04609375 0.1015625
3 0.58046875 0.30546875 0.0234375 0.05
0 0.57265625 0.35625 0.02421875 0.0296875
2 0.58515625 0.3734375 0.04296875 0.04140625
6 0.609375 0.17890625 0.0171875 0.04140625
10 0.60703125 0.20703125 0.040625 0.10703125
10 0.58125 0.09765625 0.0359375 0.06953125
3 0.62578125 0.10625 0.01640625 0.03203125
1 0.62265625 0.11796875 0.04375 0.05859375
0 0.625 0.13984375 0.0109375 0.01640625
0 0.65703125 0.19765625 0.01953125 0.01953125
2 0.678125 0.15546875 0.02265625 0.0203125
3 0.659375 0.159375 0.01953125 0.0359375
10 0.65390625 0.171875 0.04375 0.06015625
1 0.6109375 0.16796875 0.04453125 0.06015625
3 0.6703125 0.11796875 0.01640625 0.03046875
1 0.66484375 0.128125 0.0390625 0.0484375
3 0.659375 0.08046875 0.0140625 0.028125
3 0.6515625 0.08671875 0.02890625 0.04453125
3 0.68203125 0.0609375 0.01484375 0.0296875
3 0.67578125 0.071875 0.02890625 0.05546875
2 0.6859375 0.09296875 0.01875 0.015625
3 0.7140625 0.06640625 0.01484375 0.0296875
10 0.70703125 0.07421875 0.02890625 0.0515625
3 0.7375 0.09921875 0.0140625 0.0296875
10 0.734375 0.10859375 0.0328125 0.0515625
7 0.73515625 0.134375 0.01640625 0.01875
7 0.76171875 0.21640625 0.0203125 0.02421875
3 0.7609375 0.14453125 0.01875 0.034375
10 0.75234375 0.15078125 0.03984375 0.04375
3 0.7625 0.17109375 0.01953125 0.03671875
10 0.75703125 0.1875 0.03984375 0.06953125
3 0.79453125 0.2015625 0.01640625 0.0359375
3 0.640625 0.328125 0.02421875 0.04453125
1 0.628125 0.34296875 0.0671875 0.08046875
0 0.6734375 0.37890625 0.01796875 0.0296875
2 0.69609375 0.390625 0.0328125 0.03828125
3 0.68515625 0.30078125 0.02421875 0.05625
10 0.678125 0.325 0.04921875 0.11640625
6 0.725 0.39453125 0.0265625 0.06875
1 0.72578125 0.3671875 0.05859375 0.084375
7 0.72265625 0.525 0.04921875 0.05703125
10 0.7140625 0.43984375 0.071875 0.159375
7 0.77421875 0.51875 0.04296875 0.04453125
6 0.765625 0.428125 0.02265625 0.0609375
10 0.7625 0.46875 0.05859375 0.15546875
3 0.7859375 0.23046875 0.01796875 0.03671875
10 0.778125 0.2484375 0.04140625 0.08046875
3 0.8234375 0.24296875 0.01953125 0.0359375
10 0.815625 0.25546875 0.03671875 0.06875
3 0.81875 0.31328125 0.0234375 0.05
0 0.81875 0.35703125 0.01640625 0.02421875
2 0.8125 0.36875 0.028125 0.01875
3 0.8453125 0.31796875 0.01875 0.03828125
3 0.8453125 0.36875 0.01953125 0.0484375
0 0.8375 0.44609375 0.01640625 0.028125
1 0.80078125 0.32578125 0.05546875 0.08828125
2 0.84296875 0.45234375 0.0328125 0.0359375
7 0.87890625 0.44375 0.01953125 0.0296875
6 0.8875 0.38125 0.01953125 0.04375
10 0.8765625 0.40625 0.03984375 0.103125
10 0.8328125 0.4015625 0.04609375 0.11953125
7 0.8125 0.7015625 0.046875 0.05625
6 0.84765625 0.63359375 0.03203125 0.07421875
1 0.81171875 0.6578125 0.11171875 0.1234375
5 0.9296875 0.66171875 0.01171875 0.03046875
7 0.921875 0.665625 0.034375 0.05
7 0.95234375 0.65703125 0.03828125 0.0390625
3 0.9234375 0.578125 0.02421875 0.053125
3 0.96328125 0.60546875 0.02109375 0.04609375
10 0.9015625 0.609375 0.06953125 0.11875
10 0.95078125 0.62578125 0.04765625 0.09375
0 0.96328125 0.85859375 0.01875 0.03515625
2 0.96796875 0.85703125 0.0296875 0.0640625
0 0.9890625 0.8390625 0.01484375 0.03671875
3 0.98125 0.79140625 0.02578125 0.05546875
10 0.9546875 0.80703125 0.078125 0.13203125
5 0.50390625 0.95390625 0.03125 0.06953125
3 0.02734375 0.56953125 0.02890625 0.0609375
10 0.046875 0.60390625 0.0703125 0.14921875
2 0.5921875 0.140625 0.01875 0.0203125
2 0.6359375 0.14296875 0.01640625 0.0234375
10 0.57109375 0.32109375 0.0546875 0.08828125
7 0.45 0.69453125 0.02734375 0.0359375