7 0.81015625 0.703125 0.04921875 0.06328125
2 0.584375 0.6765625 0.0640625 0.0640625
7 0.48984375 0.68125 0.0671875 0.06796875
3 0.4921875 0.56875 0.034375 0.07421875
3 0.58203125 0.53125 0.034375 0.06953125
10 0.575 0.578125 0.07109375 0.16484375
10 0.484375 0.60546875 0.07734375 0.1484375
6 0.78203125 0.60625 0.03125 0.0765625
10 0.78671875 0.64609375 0.0796875 0.16953125
0 0.9640625 0.859375 0.01796875 0.0390625
7 0.96875 0.85703125 0.0296875 0.06484375
7 0.9921875 0.84375 0.01484375 0.06328125
3 0.98125 0.7703125 0.0265625 0.06328125
10 0.95703125 0.80625 0.075 0.14296875
5 0.9296875 0.6625 0.01171875 0.03046875
7 0.921875 0.66796875 0.0328125 0.046875
7 0.95078125 0.65625 0.03515625 0.046875
3 0.92578125 0.5796875 0.021875 0.0515625
3 0.9609375 0.57734375 0.01953125 0.04921875
10 0.9484375 0.61796875 0.04375 0.13125
10 0.9015625 0.6109375 0.071875 0.1203125
6 0.76640625 0.425 0.02421875 0.05546875
2 0.653125 0.53125 0.05390625 0.05078125
7 0.584375 0.51796875 0.05390625 0.06015625
0 0.4828125 0.48125 0.02265625 0.03125
7 0.49375 0.49296875 0.0515625 0.053125
3 0.57890625 0.41875 0.034375 0.06875
3 0.49140625 0.39921875 0.03046875 0.06484375
10 0.48515625 0.43984375 0.07265625 0.13671875
10 0.571875 0.45078125 0.08203125 0.13046875
6 0.64453125 0.378125 0.03125 0.071875
10 0.63984375 0.41875 0.06953125 0.1546875
6 0.72265625 0.39375 0.02734375 0.06484375
10 0.7140625 0.440625 0.06953125 0.15390625
10 0.76328125 0.46875 0.05859375 0.14609375
0 0.8359375 0.44375 0.01640625 0.03125
3 0.84453125 0.36875 0.01875 0.0484375
3 0.890625 0.38671875 0.02109375 0.053125
10 0.87890625 0.4109375 0.04453125 0.09453125
10 0.83203125 0.39375 0.04609375 0.10859375
1 0.728125 0.3671875 0.059375 0.0859375
0 0.671875 0.37578125 0.01953125 0.03671875
2 0.69453125 0.38828125 0.03515625 0.03125
3 0.6875 0.30234375 0.02265625 0.05859375
10 0.678125 0.32578125 0.04765625 0.10625
3 0.63828125 0.3296875 0.02265625 0.04296875
1 0.628125 0.34375 0.06796875 0.08125
5 0.57421875 0.365625 0.0203125 0.0140625
2 0.584375 0.37109375 0.0453125 0.040625
3 0.5796875 0.30078125 0.02734375 0.05
10 0.5703125 0.31796875 0.05625 0.0890625
0 0.3953125 0.64296875 0.03046875 0.025
2 0.3921875 0.68203125 0.06171875 0.07578125
2 0.3140625 0.69140625 0.05859375 0.06875
2 0.23828125 0.66328125 0.05625 0.06328125
3 0.24609375 0.52109375 0.03203125 0.0640625
3 0.3125 0.5171875 0.03203125 0.08046875
3 0.39453125 0.5234375 0.03515625 0.07109375
10 0.3984375 0.5703125 0.07578125 0.16484375
10 0.31953125 0.56640625 0.07421875 0.18125
10 0.2515625 0.56796875 0.06796875 0.15625
5 0.42734375 0.37421875 0.0140625 0.03125
0 0.3140625 0.37109375 0.01796875 0.03515625
7 0.378125 0.3734375 0.02890625 0.0546875
5 0.40078125 0.37890625 0.0125 0.021875
7 0.44609375 0.36875 0.02734375 0.0484375
3 0.49453125 0.33671875 0.03125 0.059375
1 0.50234375 0.34375 0.06796875 0.0984375
9 0.43046875 0.28203125 0.0328125 0.06171875
10 0.43828125 0.3140625 0.06484375 0.11875
6 0.38203125 0.2609375 0.028125 0.05703125
10 0.38515625 0.30078125 0.053125 0.13828125
3 0.02578125 0.56640625 0.02734375 0.05859375
10 0.04453125 0.59921875 0.075 0.146875
2 0.325 0.378125 0.0453125 0.03984375
6 0.31875 0.265625 0.0265625 0.06328125
10 0.32265625 0.30625 0.06484375 0.14375
0 0.26875 0.3640625 0.0265625 0.034375
3 0.253125 0.29375 0.0265625 0.05
10 0.2671875 0.33125 0.05859375 0.12890625
7 0.215625 0.35703125 0.03828125 0.04453125
3 0.2109375 0.30625 0.021875 0.053125
1 0.21171875 0.33671875 0.0578125 0.11953125
5 0.1234375 0.315625 0.01015625 0.0140625
2 0.1171875 0.31796875 0.02421875 0.0234375
6 0.15546875 0.22578125 0.01796875 0.05078125
10 0.15703125 0.25546875 0.04609375 0.10703125
2 0.18984375 0.23359375 0.0296875 0.021875
3 0.18515625 0.184375 0.01953125 0.04375
10 0.19453125 0.19921875 0.05078125 0.06875
10 0.16015625 0.20546875 0.03515625 0.06171875
3 0.25078125 0.22890625 0.01953125 0.03984375
1 0.25390625 0.24140625 0.06328125 0.0640625
3 0.19453125 0.15234375 0.01875 0.034375
1 0.19453125 0.15625 0.03828125 0.046875
5 0.25078125 0.109375 0.01171875 0.0109375
2 0.25625 0.11328125 0.0265625 0.01875
3 0.25703125 0.0734375 0.01640625 0.034375
10 0.2546875 0.09140625 0.04453125 0.0703125
5 0.303125 0.1921875 0.00703125 0.0140625
2 0.29296875 0.19375 0.0296875 0.021875
0 0.340625 0.1796875 0.0296875 0.0203125
3 0.29453125 0.13984375 0.01796875 0.03515625
10 0.29921875 0.15546875 0.0453125 0.0640625
3 0.34296875 0.13125 0.0203125 0.040625
10 0.34453125 0.15234375 0.04453125 0.07890625
3 0.38828125 0.14609375 0.02109375 0.03671875
1 0.38671875 0.15625 0.03984375 0.05078125
3 0.2890625 0.09765625 0.01640625 0.03203125
10 0.2875 0.11015625 0.0421875 0.05703125
7 0.32265625 0.13125 0.02578125 0.01796875
3 0.34453125 0.09921875 0.01875 0.03125
1 0.33671875 0.10625 0.0421875 0.04921875
3 0.38125 0.09375 0.0171875 0.03046875
0 0.378125 0.12578125 0.0140625 0.01796875
1 0.375 0.10546875 0.04296875 0.05625
3 0.3140625 0.19765625 0.02265625 0.04375
10 0.3140625 0.21640625 0.05546875 0.08515625
3 0.3953125 0.20234375 0.02578125 0.04921875
1 0.38671875 0.2171875 0.06328125 0.0765625
2 0.41328125 0.25390625 0.01796875 0.0296875
7 0.45 0.25859375 0.03984375 0.03515625
3 0.45234375 0.20625 0.0234375 0.04453125
1 0.4546875 0.21171875 0.06171875 0.08125
5 0.490625 0.25546875 0.01015625 0.01875
2 0.51796875 0.25625 0.03828125 0.0359375
6 0.51328125 0.16796875 0.02421875 0.0453125
10 0.51484375 0.19375 0.04453125 0.1046875
3 0.315625 0.059375 0.01640625 0.03125
1 0.31484375 0.06953125 0.03671875 0.053125
3 0.32578125 0.028125 0.01484375 0.028125
10 0.32890625 0.034375 0.03203125 0.04453125
3 0.3546875 0.05546875 0.01640625 0.03203125
10 0.35 0.06328125 0.03515625 0.05
3 0.3875 0.05390625 0.01328125 0.0265625
10 0.38671875 0.0609375 0.0390625 0.05546875
3 0.41953125 0.05625 0.01640625 0.02890625
1 0.425 0.059375 0.0328125 0.04375
3 0.46328125 0.04296875 0.015625 0.03203125
10 0.4625 0.05546875 0.04140625 0.05703125
3 0.41640625 0.01875 0.015625 0.028125
10 0.41796875 0.028125 0.03046875 0.0484375
3 0.453125 0.01875 0.0140625 0.0296875
10 0.45078125 0.02890625 0.02890625 0.05078125
3 0.49453125 0.01796875 0.01171875 0.028125
10 0.49375 0.02890625 0.03046875 0.0515625
3 0.503125 0.04140625 0.0140625 0.03046875
10 0.503125 0.05625 0.03359375 0.05625
3 0.46015625 0.0765625 0.01796875 0.03046875
2 0.46328125 0.12421875 0.02578125 0.01875
3 0.440625 0.115625 0.0171875 0.0359375
10 0.4625 0.0921875 0.0390625 0.0640625
10 0.44140625 0.1390625 0.04609375 0.084375
7 0.43828125 0.1734375 0.03125 0.01953125
3 0.51328125 0.09296875 0.01640625 0.03046875
1 0.50703125 0.103125 0.04921875 0.05625
3 0.521875 0.13359375 0.0203125 0.04453125
10 0.5109375 0.14921875 0.05234375 0.0703125
3 0.54296875 0.07890625 0.0140625 0.03203125
10 0.54140625 0.09375 0.03671875 0.06484375
2 0.546875 0.13125 0.0234375 0.01796875
3 0.5265625 0.02578125 0.01171875 0.025
2 0.5234375 0.05625 0.01484375 0.015625
10 0.52265625 0.03046875 0.02578125 0.0484375
3 0.55078125 0.0296875 0.01484375 0.02578125
7 0.54453125 0.05546875 0.02109375 0.01640625
10 0.54765625 0.0375 0.03515625 0.04375
3 0.5890625 0.04296875 0.015625 0.03046875
3 0.56953125 0.06796875 0.01328125 0.028125
1 0.565625 0.0703125 0.0296875 0.04609375
1 0.5859375 0.046875 0.03125 0.04375
3 0.6125 0.05625 0.01484375 0.03046875
10 0.609375 0.06796875 0.03671875 0.05859375
3 0.62265625 0.03359375 0.01328125 0.03125
6 0.58203125 0.08125 0.01484375 0.0359375
10 0.58125 0.09296875 0.03671875 0.06953125
3 0.62265625 0.10546875 0.01953125 0.03203125
2 0.58828125 0.140625 0.02890625 0.01796875
10 0.62265625 0.11796875 0.04453125 0.06328125
0 0.625 0.140625 0.0140625 0.01875
3 0.5671875 0.1375 0.02109375 0.04375
10 0.5640625 0.16328125 0.04921875 0.08671875
3 0.65078125 0.06796875 0.01484375 0.02890625
10 0.646875 0.07890625 0.03125 0.0546875
3 0.571875 0.19609375 0.0203125 0.04375
7 0.5734375 0.26875 0.05625 0.0390625
5 0.5953125 0.278125 0.009375 0.01796875
2 0.6203125 0.2796875 0.03671875 0.0296875
10 0.56640625 0.22265625 0.04765625 0.09375
6 0.59921875 0.1859375 0.02265625 0.0453125
10 0.60390625 0.2109375 0.03828125 0.10546875
3 0.61328125 0.15625 0.01796875 0.03515625
1 0.6125 0.16875 0.04453125 0.0640625
3 0.659375 0.16015625 0.0203125 0.03671875
0 0.65703125 0.1984375 0.01640625 0.01875
10 0.65234375 0.17109375 0.0421875 0.06328125
3 0.66875 0.1171875 0.0171875 0.02890625
2 0.678125 0.15546875 0.02265625 0.01796875
10 0.66328125 0.12578125 0.03984375 0.05
3 0.68515625 0.05625 0.01171875 0.028125
10 0.678125 0.071875 0.02890625 0.05546875
0 0.68671875 0.08984375 0.0140625 0.01484375
3 0.71484375 0.065625 0.01328125 0.02578125
10 0.70703125 0.07890625 0.02578125 0.05390625
3 0.7375 0.0984375 0.0140625 0.03046875
10 0.73203125 0.1109375 0.03046875 0.0546875
7 0.7359375 0.13125 0.01640625 0.02109375
3 0.7609375 0.14609375 0.01875 0.03046875
1 0.7515625 0.15078125 0.03984375 0.04375
3 0.76328125 0.17578125 0.01796875 0.03046875
7 0.7609375 0.2171875 0.02109375 0.0234375
10 0.75703125 0.19140625 0.04296875 0.06796875
3 0.7875 0.190625 0.0140625 0.03203125
10 0.784375 0.1953125 0.02734375 0.05390625
3 0.78671875 0.23671875 0.01796875 0.03359375
3 0.821875 0.25 0.02109375 0.04296875
1 0.7765625 0.24296875 0.04609375 0.0640625
10 0.81328125 0.26015625 0.03671875 0.06875
10 0.81796875 0.35546875 0.0171875 0.028125
7 0.8125 0.36484375 0.0296875 0.0296875
3 0.82265625 0.31640625 0.02109375 0.04296875
1 0.80390625 0.328125 0.05859375 0.096875
3 0.85234375 0.3140625 0.02109375 0.04453125
10 0.846875 0.33046875 0.0390625 0.075
7 0.721875 0.53046875 0.04921875 0.05703125
3 0.15703125 0.19296875 0.01953125 0.0359375
2 0.63671875 0.14296875 0.01640625 0.025
5 0.50625 0.95390625 0.0296875 0.06875