0 0.02578125 0.63046875 0.01328125 0.03125
3 0.02578125 0.56796875 0.028125 0.05625
10 0.046875 0.60625 0.07109375 0.12890625
5 0.1234375 0.31640625 0.01015625 0.01640625
2 0.11640625 0.31796875 0.02421875 0.02421875
3 0.1484375 0.23125 0.01796875 0.04140625
10 0.15625 0.2515625 0.05078125 0.08671875
0 0.175 0.23046875 0.0109375 0.02578125
2 0.18984375 0.2359375 0.028125 0.021875
3 0.1859375 0.18671875 0.01875 0.040625
10 0.18984375 0.20390625 0.04296875 0.0703125
3 0.19453125 0.1515625 0.01796875 0.03203125
1 0.19453125 0.15625 0.03828125 0.04453125
0 0.25 0.10859375 0.0140625 0.01640625
2 0.25546875 0.1140625 0.02890625 0.015625
3 0.253125 0.08125 0.01484375 0.02890625
1 0.25859375 0.09140625 0.0375 0.05078125
6 0.328125 0.01796875 0.0140625 0.0265625
10 0.32890625 0.03125 0.03203125 0.053125
3 0.29140625 0.096875 0.01640625 0.03671875
3 0.31328125 0.06328125 0.01640625 0.03125
3 0.35703125 0.0546875 0.01484375 0.03125
6 0.39296875 0.03828125 0.0171875 0.03203125
6 0.32578125 0.08125 0.01796875 0.034375
3 0.38203125 0.09296875 0.01640625 0.03203125
10 0.2875 0.1109375 0.04140625 0.0640625
1 0.3140625 0.0703125 0.03515625 0.05546875
7 0.321875 0.13046875 0.0234375 0.021875
10 0.334375 0.1 0.04296875 0.06875
10 0.3515625 0.06328125 0.03828125 0.05390625
0 0.378125 0.12890625 0.01484375 0.01484375
1 0.3765625 0.10546875 0.04296875 0.0609375
10 0.3921875 0.05390625 0.04140625 0.065625
3 0.421875 0.01796875 0.0125 0.0265625
3 0.453125 0.021875 0.0140625 0.025
3 0.496875 0.0171875 0.01328125 0.02890625
10 0.41875 0.03046875 0.0296875 0.046875
10 0.453125 0.03046875 0.02734375 0.0453125
10 0.48984375 0.028125 0.025 0.053125
3 0.42890625 0.05703125 0.01484375 0.0296875
1 0.4296875 0.059375 0.03203125 0.0515625
3 0.46328125 0.04375 0.01484375 0.03125
3 0.50390625 0.04140625 0.01484375 0.03125
10 0.459375 0.05546875 0.03515625 0.05625
3 0.459375 0.08828125 0.0171875 0.03046875
10 0.4625 0.09453125 0.03984375 0.053125
10 0.503125 0.05546875 0.03359375 0.06015625
3 0.51875 0.03046875 0.01328125 0.025
10 0.52265625 0.034375 0.025 0.03984375
3 0.55625 0.03046875 0.0125 0.028125
10 0.55 0.040625 0.0359375 0.046875
2 0.46875 0.12421875 0.01953125 0.0234375
3 0.51484375 0.09296875 0.01640625 0.03203125
10 0.50703125 0.10546875 0.046875 0.05703125
3 0.54609375 0.08828125 0.0171875 0.03125
2 0.546875 0.13125 0.0234375 0.01953125
10 0.5421875 0.09921875 0.03515625 0.059375
6 0.58359375 0.08046875 0.01484375 0.03125
10 0.58125 0.09296875 0.03671875 0.065625
3 0.58671875 0.04140625 0.0140625 0.02890625
10 0.58515625 0.04453125 0.03046875 0.0453125
6 0.6125 0.05 0.0140625 0.03125
10 0.609375 0.0640625 0.03203125 0.06171875
2 0.59375 0.140625 0.0171875 0.01640625
2 0.6359375 0.14375 0.01640625 0.0203125
2 0.678125 0.15546875 0.0234375 0.0203125
3 0.6578125 0.08046875 0.01484375 0.02578125
1 0.6484375 0.08984375 0.0375 0.0390625
3 0.61953125 0.09453125 0.01796875 0.03046875
1 0.62265625 0.1140625 0.046875 0.0609375
6 0.6671875 0.11015625 0.015625 0.03515625
10 0.665625 0.121875 0.0390625 0.06171875
5 0.65859375 0.196875 0.01328125 0.01953125
2 0.6625 0.2046875 0.03203125 0.021875
3 0.65859375 0.15703125 0.0171875 0.03125
10 0.6515625 0.16875 0.04609375 0.05546875
3 0.61953125 0.15078125 0.01953125 0.03828125
10 0.61015625 0.1640625 0.03828125 0.0609375
3 0.57890625 0.14375 0.01796875 0.0390625
10 0.56953125 0.1578125 0.03828125 0.06953125
5 0.59609375 0.2796875 0.0109375 0.01875
2 0.61953125 0.28046875 0.03671875 0.03125
2 0.56328125 0.271875 0.03671875 0.03125
6 0.56875 0.19375 0.0203125 0.04609375
10 0.56640625 0.2171875 0.05 0.08828125
3 0.61015625 0.19453125 0.02109375 0.04375
10 0.6078125 0.21875 0.04296875 0.09140625
3 0.51953125 0.13125 0.01953125 0.04140625
10 0.515625 0.15 0.0578125 0.08125
3 0.51953125 0.20703125 0.02109375 0.04453125
7 0.51875 0.25546875 0.0390625 0.03125
10 0.51328125 0.2265625 0.05703125 0.07578125
3 0.4453125 0.1140625 0.01796875 0.0390625
10 0.440625 0.134375 0.04921875 0.08828125
2 0.43515625 0.17890625 0.03359375 0.02421875
5 0.41875 0.18203125 0.01015625 0.021875
3 0.38515625 0.146875 0.02109375 0.03828125
3 0.39453125 0.20546875 0.02421875 0.04375
3 0.453125 0.20546875 0.0234375 0.04296875
1 0.38125 0.15859375 0.0515625 0.059375
1 0.3890625 0.21875 0.06015625 0.08203125
7 0.44765625 0.25625 0.040625 0.0359375
1 0.45390625 0.21796875 0.06015625 0.08515625
6 0.29765625 0.13125 0.01640625 0.0359375
2 0.29140625 0.19296875 0.02734375 0.028125
0 0.3375 0.18046875 0.0203125 0.0203125
3 0.34140625 0.13359375 0.02109375 0.04609375
10 0.34375 0.14921875 0.0375 0.08125
10 0.29765625 0.14453125 0.04296875 0.08046875
10 0.31328125 0.19296875 0.02109375 0.04375
0 0.31015625 0.25546875 0.02265625 0.0203125
10 0.31015625 0.21875 0.05859375 0.0890625
3 0.25 0.22890625 0.02109375 0.040625
1 0.25234375 0.24140625 0.05859375 0.06640625
7 0.21484375 0.359375 0.0375 0.04609375
3 0.21171875 0.31328125 0.02421875 0.05
1 0.2140625 0.33515625 0.05546875 0.12421875
6 0.2546875 0.26875 0.02421875 0.05625
10 0.265625 0.31640625 0.0546875 0.14140625
0 0.31328125 0.3765625 0.02109375 0.0265625
2 0.325 0.38046875 0.04609375 0.040625
3 0.32578125 0.28671875 0.02421875 0.05625
10 0.32265625 0.31875 0.06328125 0.121875
6 0.3765625 0.2609375 0.02734375 0.05625
10 0.384375 0.30546875 0.0546875 0.1390625
5 0.403125 0.37890625 0.0140625 0.02421875
5 0.42734375 0.375 0.01171875 0.03125
2 0.4453125 0.37890625 0.02578125 0.0265625
2 0.45625 0.30546875 0.0296875 0.05546875
1 0.44453125 0.32109375 0.06015625 0.09375
7 0.378125 0.37734375 0.0265625 0.05078125
3 0.496875 0.33125 0.0265625 0.05546875
1 0.5015625 0.34375 0.06796875 0.09609375
5 0.57421875 0.365625 0.0203125 0.015625
2 0.58359375 0.371875 0.0453125 0.04453125
3 0.578125 0.29296875 0.021875 0.04921875
10 0.56953125 0.31796875 0.05234375 0.08828125
3 0.64453125 0.315625 0.02734375 0.0484375
1 0.628125 0.33515625 0.06171875 0.0890625
5 0.67578125 0.38125 0.01484375 0.025
7 0.69453125 0.3796875 0.03671875 0.05
3 0.6890625 0.30546875 0.021875 0.05078125
3 0.73515625 0.35546875 0.02109375 0.04609375
10 0.68046875 0.32734375 0.04453125 0.103125
1 0.728125 0.36640625 0.05703125 0.0796875
6 0.76640625 0.42890625 0.021875 0.06328125
6 0.72265625 0.39375 0.02578125 0.06640625
6 0.64375 0.35625 0.02734375 0.065625
10 0.7609375 0.46796875 0.06015625 0.14140625
7 0.721875 0.52734375 0.04921875 0.0640625
2 0.653125 0.53125 0.0546875 0.0546875
10 0.7140625 0.4359375 0.07109375 0.15546875
10 0.63515625 0.41015625 0.06640625 0.16875
2 0.6 0.51796875 0.02421875 0.0546875
3 0.58125 0.41015625 0.0328125 0.06875
10 0.56640625 0.44609375 0.075 0.14375
5 0.4875 0.4859375 0.01328125 0.03125
2 0.50625 0.49296875 0.03046875 0.053125
3 0.49140625 0.40546875 0.02578125 0.06015625
10 0.48515625 0.43046875 0.07734375 0.121875
2 0.23671875 0.6609375 0.05859375 0.06875
2 0.3140625 0.684375 0.0625 0.06875
3 0.2453125 0.51796875 0.02734375 0.0640625
3 0.31015625 0.51796875 0.02890625 0.075
10 0.2515625 0.56875 0.06640625 0.1609375
10 0.321875 0.56796875 0.071875 0.1734375
2 0.39375 0.68125 0.06328125 0.075
3 0.39296875 0.53125 0.03203125 0.06875
3 0.4734375 0.528125 0.03359375 0.06953125
10 0.39921875 0.57890625 0.07890625 0.15546875
10 0.47890625 0.56875 0.07890625 0.16484375
2 0.48984375 0.68046875 0.06796875 0.07578125
7 0.5875 0.6765625 0.0671875 0.071875
3 0.58125 0.528125 0.02734375 0.0734375
10 0.57578125 0.57265625 0.071875 0.16953125
6 0.83203125 0.6171875 0.03515625 0.0765625
1 0.80078125 0.653125 0.096875 0.14921875
0 0.9640625 0.86171875 0.01640625 0.04375
2 0.96875 0.859375 0.02890625 0.06484375
3 0.98125 0.79140625 0.0265625 0.06015625
10 0.96328125 0.8109375 0.06328125 0.14453125
0 0.928125 0.659375 0.0171875 0.03515625
2 0.9203125 0.66875 0.03515625 0.040625
3 0.9265625 0.5796875 0.02109375 0.05390625
3 0.9625 0.60546875 0.02265625 0.05
10 0.95 0.6296875 0.04609375 0.10390625
10 0.903125 0.60546875 0.06953125 0.109375
5 0.8390625 0.45078125 0.01484375 0.02578125
2 0.84140625 0.453125 0.034375 0.040625
3 0.83203125 0.35546875 0.01875 0.04609375
10 0.8234375 0.38125 0.040625 0.10625
3 0.890625 0.38046875 0.0171875 0.04375
10 0.87890625 0.40546875 0.04296875 0.10390625
0 0.81640625 0.35546875 0.01484375 0.02109375
2 0.80859375 0.36640625 0.0203125 0.021875
3 0.81953125 0.3109375 0.02109375 0.04375
1 0.80703125 0.31875 0.04453125 0.08125
0 0.84921875 0.36640625 0.0140625 0.02578125
3 0.85625 0.33125 0.0203125 0.03984375
10 0.84765625 0.33671875 0.0375 0.06953125
3 0.784375 0.23046875 0.01640625 0.03671875
6 0.81640625 0.21953125 0.015625 0.04296875
1 0.7765625 0.24765625 0.04453125 0.08046875
10 0.8125 0.2484375 0.04296875 0.0953125
3 0.76328125 0.16875 0.01640625 0.0359375
7 0.76171875 0.21796875 0.0203125 0.021875
10 0.75703125 0.18671875 0.0375 0.06953125
3 0.79453125 0.1984375 0.01640625 0.03125
1 0.78828125 0.2 0.03125 0.05546875
3 0.759375 0.14375 0.01484375 0.03359375
1 0.75078125 0.14921875 0.0375 0.04375
3 0.7375 0.09921875 0.01171875 0.03046875
10 0.734375 0.1109375 0.0328125 0.05546875
3 0.68359375 0.0640625 0.0140625 0.02421875
3 0.7125 0.06484375 0.01328125 0.02421875
10 0.675 0.07421875 0.02890625 0.04453125
10 0.70625 0.07734375 0.02734375 0.05078125
5 0.50625 0.95390625 0.03046875 0.0703125
2 0.3484375 0.18828125 0.028125 0.025
2 0.52421875 0.05625 0.0140625 0.01796875
2 0.41328125 0.25546875 0.01875 0.03515625
7 0.265625 0.36796875 0.0421875 0.03828125