3 0.021875 0.55546875 0.03046875 0.06875
10 0.04375 0.59296875 0.07421875 0.14375
0 0.0234375 0.63046875 0.02109375 0.04296875
3 0.25078125 0.50546875 0.02890625 0.06875
10 0.253125 0.55625 0.0640625 0.15859375
2 0.23828125 0.665625 0.06015625 0.065625
6 0.3109375 0.51484375 0.03046875 0.071875
10 0.321875 0.56640625 0.07109375 0.17578125
2 0.31484375 0.68046875 0.0640625 0.06875
3 0.39140625 0.54296875 0.03125 0.06796875
10 0.396875 0.58046875 0.0734375 0.14453125
2 0.3953125 0.68046875 0.07421875 0.06875
3 0.475 0.53046875 0.0359375 0.06875
10 0.475 0.5765625 0.0765625 0.1515625
2 0.48984375 0.6796875 0.0671875 0.07421875
3 0.58125 0.53046875 0.0359375 0.06640625
10 0.5796875 0.57890625 0.07421875 0.15703125
7 0.5875 0.67578125 0.0734375 0.07421875
6 0.84765625 0.63359375 0.03203125 0.071875
3 0.92578125 0.56796875 0.02109375 0.05625
10 0.903125 0.60625 0.06796875 0.128125
0 0.92578125 0.65625 0.02265625 0.046875
3 0.9625 0.60625 0.02421875 0.053125
10 0.9515625 0.63125 0.04765625 0.096875
3 0.4921875 0.39296875 0.028125 0.05625
10 0.48515625 0.42890625 0.07421875 0.115625
0 0.48203125 0.48046875 0.02734375 0.03125
3 0.5828125 0.40546875 0.03046875 0.06875
1 0.56875 0.43046875 0.07421875 0.11875
3 0.63515625 0.36796875 0.02578125 0.06171875
10 0.63828125 0.41875 0.06875 0.159375
2 0.65390625 0.53046875 0.05546875 0.05
6 0.72421875 0.39375 0.02578125 0.06640625
10 0.71640625 0.43046875 0.065625 0.14609375
7 0.72265625 0.53125 0.04921875 0.05859375
3 0.76640625 0.41796875 0.02421875 0.05625
10 0.76953125 0.45546875 0.05859375 0.13125
3 0.84453125 0.36875 0.02109375 0.0515625
10 0.834375 0.39296875 0.0421875 0.10625
0 0.8359375 0.44375 0.02109375 0.03515625
3 0.88828125 0.38046875 0.02109375 0.04609375
10 0.878125 0.40625 0.0421875 0.096875
3 0.21015625 0.30546875 0.02421875 0.04609375
1 0.21328125 0.33984375 0.059375 0.11328125
3 0.26640625 0.27265625 0.02421875 0.05625
10 0.26875 0.31875 0.0515625 0.1515625
5 0.2625 0.35859375 0.0109375 0.01875
3 0.32265625 0.28046875 0.028125 0.05546875
10 0.325 0.31796875 0.06484375 0.12890625
0 0.31328125 0.36796875 0.02109375 0.01953125
6 0.3796875 0.25546875 0.025 0.05546875
10 0.38671875 0.29296875 0.0578125 0.125
5 0.40078125 0.378125 0.0125 0.02421875
3 0.446875 0.31640625 0.03359375 0.0546875
1 0.44453125 0.33046875 0.059375 0.09453125
5 0.42734375 0.36796875 0.01171875 0.03046875
3 0.49453125 0.33046875 0.02578125 0.05546875
1 0.5015625 0.34296875 0.06640625 0.09140625
3 0.57890625 0.29375 0.02421875 0.04453125
10 0.57109375 0.31875 0.0515625 0.08671875
0 0.571875 0.35546875 0.025 0.0296875
3 0.64296875 0.31875 0.0234375 0.0484375
1 0.62890625 0.33046875 0.06484375 0.08125
3 0.68515625 0.29375 0.02109375 0.05546875
10 0.678125 0.31796875 0.04609375 0.10625
0 0.675 0.37734375 0.0171875 0.03828125
3 0.81640625 0.30625 0.025 0.046875
1 0.80078125 0.31796875 0.05859375 0.08046875
3 0.84921875 0.31796875 0.02109375 0.04375
0 0.81640625 0.35546875 0.01640625 0.02578125
3 0.1546875 0.21875 0.01640625 0.04375
10 0.15859375 0.25546875 0.04453125 0.10078125
6 0.15703125 0.18046875 0.01640625 0.040625
10 0.1625 0.19375 0.03671875 0.071875
3 0.18515625 0.18125 0.015625 0.03828125
10 0.196875 0.19296875 0.04140625 0.06015625
3 0.19453125 0.14296875 0.01484375 0.03046875
1 0.19765625 0.15625 0.03359375 0.03984375
3 0.2515625 0.228125 0.02109375 0.0390625
1 0.25390625 0.24140625 0.06171875 0.06796875
0 0.246875 0.26796875 0.01796875 0.03203125
3 0.3140625 0.19296875 0.02109375 0.04375
10 0.3140625 0.21796875 0.05 0.08203125
5 0.31484375 0.25390625 0.0265625 0.01953125
3 0.3953125 0.20546875 0.025 0.04453125
1 0.390625 0.21796875 0.0609375 0.07109375
3 0.453125 0.20546875 0.0203125 0.04453125
1 0.4546875 0.21640625 0.05859375 0.071875
7 0.44765625 0.25546875 0.04296875 0.03125
6 0.5125 0.18046875 0.0203125 0.0484375
10 0.51328125 0.20625 0.04921875 0.0953125
5 0.490625 0.25546875 0.0109375 0.01875
6 0.56640625 0.18046875 0.02109375 0.04453125
10 0.565625 0.2140625 0.04609375 0.0984375
5 0.59609375 0.278125 0.0109375 0.01796875
6 0.60703125 0.1796875 0.01953125 0.04609375
10 0.60703125 0.20546875 0.03828125 0.10546875
2 0.61875 0.28046875 0.03671875 0.03125
3 0.78671875 0.22734375 0.02109375 0.0359375
10 0.778125 0.24296875 0.0421875 0.06953125
3 0.81953125 0.23125 0.01796875 0.04375
10 0.81796875 0.24296875 0.0359375 0.08046875
6 0.30078125 0.13046875 0.01640625 0.03671875
10 0.2984375 0.153125 0.040625 0.084375
3 0.3484375 0.13046875 0.01953125 0.0390625
10 0.34609375 0.15546875 0.0390625 0.0796875
0 0.3375 0.18125 0.01953125 0.01796875
3 0.3875 0.14296875 0.01796875 0.03046875
1 0.3875 0.15546875 0.0390625 0.0515625
3 0.44140625 0.1140625 0.01875 0.03984375
10 0.44140625 0.14140625 0.04921875 0.09375
3 0.51953125 0.13046875 0.02109375 0.04375
10 0.515625 0.14296875 0.05234375 0.08046875
3 0.57578125 0.14296875 0.01875 0.03984375
10 0.56484375 0.15546875 0.0484375 0.08125
3 0.66015625 0.15546875 0.01796875 0.03125
10 0.65234375 0.171875 0.04453125 0.06171875
0 0.65625 0.19296875 0.0171875 0.01953125
3 0.7640625 0.16796875 0.01796875 0.0359375
10 0.75703125 0.18046875 0.03828125 0.06875
8 0.7921875 0.2015625 0.01640625 0.0359375
3 0.29140625 0.09296875 0.01484375 0.03046875
10 0.28828125 0.10546875 0.03984375 0.05546875
3 0.33203125 0.10546875 0.015625 0.028125
1 0.334375 0.10546875 0.04609375 0.04453125
3 0.38125 0.09296875 0.01640625 0.03046875
1 0.3765625 0.10546875 0.04375 0.0515625
0 0.378125 0.11875 0.01640625 0.01953125
3 0.459375 0.08046875 0.01484375 0.03125
10 0.4625 0.09375 0.03828125 0.0484375
3 0.515625 0.09375 0.01640625 0.0296875
10 0.50859375 0.10625 0.0484375 0.0546875
3 0.5453125 0.08046875 0.01640625 0.03125
10 0.5421875 0.09296875 0.03515625 0.05625
3 0.58671875 0.09765625 0.0140625 0.034375
10 0.58515625 0.10546875 0.03671875 0.0546875
3 0.62109375 0.10234375 0.015625 0.03046875
1 0.6234375 0.115625 0.04453125 0.06484375
3 0.66953125 0.10546875 0.01484375 0.0296875
3 0.76015625 0.14375 0.01484375 0.0296875
1 0.75 0.14296875 0.03828125 0.04375
3 0.2515625 0.07890625 0.01484375 0.028125
1 0.25703125 0.09140625 0.0375 0.053125
0 0.25 0.10625 0.0140625 0.0234375
3 0.7375 0.09375 0.01328125 0.02578125
10 0.73359375 0.10546875 0.0328125 0.05
10 0.665625 0.11796875 0.0359375 0.05859375
1 0.80859375 0.659375 0.11328125 0.12421875
10 0.95390625 0.80625 0.07734375 0.14453125
0 0.9640625 0.8640625 0.01484375 0.0390625
7 0.378125 0.378125 0.02578125 0.0515625
7 0.215625 0.35546875 0.034375 0.040625
5 0.1234375 0.31640625 0.009375 0.0140625
2 0.1171875 0.31796875 0.02421875 0.0203125
3 0.71328125 0.06640625 0.01171875 0.025
10 0.70625 0.06953125 0.02578125 0.04453125
3 0.68203125 0.05625 0.01484375 0.0234375
10 0.675 0.06796875 0.02734375 0.03828125
6 0.61328125 0.04453125 0.01484375 0.03046875
10 0.609375 0.059375 0.03046875 0.05625
3 0.66015625 0.08046875 0.01328125 0.025
1 0.65234375 0.08203125 0.0296875 0.04453125
3 0.57265625 0.05546875 0.01484375 0.03125
1 0.56875 0.06796875 0.03203125 0.046875
3 0.58515625 0.0390625 0.01171875 0.02421875
1 0.5859375 0.04375 0.028125 0.0390625
3 0.5578125 0.02890625 0.0125 0.0234375
10 0.55078125 0.03984375 0.03046875 0.04609375
3 0.50390625 0.04296875 0.01484375 0.03046875
10 0.50390625 0.05546875 0.03359375 0.0546875
3 0.46328125 0.04140625 0.01328125 0.0296875
10 0.46328125 0.0546875 0.0375 0.05703125
6 0.42890625 0.03984375 0.01484375 0.03125
10 0.4265625 0.05234375 0.03125 0.05859375
6 0.3921875 0.03046875 0.01484375 0.02578125
10 0.3890625 0.04296875 0.03359375 0.06953125
3 0.41875 0.01796875 0.0109375 0.01953125
3 0.35078125 0.04375 0.01484375 0.03046875
10 0.35078125 0.05546875 0.03515625 0.05546875
3 0.315625 0.05625 0.0140625 0.02890625
10 0.31484375 0.06875 0.0359375 0.0515625
3 0.325 0.028125 0.01328125 0.02578125
10 0.3296875 0.03046875 0.02890625 0.04453125
2 0.325 0.3796875 0.0484375 0.040625
7 0.26875 0.3671875 0.03515625 0.04375
5 0.50390625 0.9515625 0.02734375 0.06953125
2 0.50625 0.4953125 0.02890625 0.05703125
2 0.58359375 0.37109375 0.04296875 0.03984375
2 0.96875 0.859375 0.02734375 0.06640625
2 0.6953125 0.38828125 0.03359375 0.03828125