3 0.02109375 0.56640625 0.03203125 0.05625
0 0.02578125 0.63046875 0.0125 0.03125
1 0.0421875 0.58046875 0.07734375 0.10546875
3 0.253125 0.51875 0.0421875 0.06328125
2 0.23828125 0.66484375 0.059375 0.06328125
10 0.2515625 0.55546875 0.065625 0.15546875
3 0.31171875 0.52421875 0.0328125 0.08515625
2 0.3140625 0.68828125 0.065625 0.06875
10 0.31953125 0.56796875 0.07109375 0.1765625
3 0.39453125 0.53515625 0.03203125 0.07578125
2 0.39375 0.68125 0.06171875 0.07109375
10 0.396875 0.578125 0.07578125 0.15625
3 0.47578125 0.53125 0.03515625 0.0734375
2 0.490625 0.68125 0.07109375 0.0765625
10 0.478125 0.57890625 0.07421875 0.16484375
3 0.5796875 0.54296875 0.03359375 0.09140625
7 0.58828125 0.67890625 0.06640625 0.06875
10 0.578125 0.5765625 0.07265625 0.1734375
6 0.846875 0.634375 0.0328125 0.07578125
1 0.809375 0.66328125 0.11015625 0.13046875
3 0.92578125 0.578125 0.02265625 0.0484375
0 0.928125 0.65625 0.0171875 0.03828125
10 0.903125 0.6015625 0.06796875 0.1015625
3 0.9625 0.60546875 0.02109375 0.046875
0 0.946875 0.68046875 0.015625 0.040625
10 0.95 0.63046875 0.04765625 0.10546875
6 0.76640625 0.42734375 0.02265625 0.05859375
10 0.76328125 0.475 0.05625 0.159375
6 0.7234375 0.3953125 0.02734375 0.0703125
7 0.72265625 0.528125 0.04765625 0.059375
10 0.715625 0.4375 0.06953125 0.15625
3 0.63828125 0.371875 0.028125 0.065625
10 0.63671875 0.41875 0.071875 0.159375
3 0.5828125 0.41328125 0.03359375 0.0703125
10 0.56875 0.44765625 0.07734375 0.14375
3 0.49375 0.4 0.0296875 0.06484375
10 0.4859375 0.434375 0.08046875 0.1265625
3 0.8875 0.38125 0.01796875 0.03984375
10 0.878125 0.4109375 0.04140625 0.10078125
3 0.84375 0.3671875 0.0203125 0.0453125
0 0.8359375 0.44296875 0.015625 0.0265625
10 0.83125 0.39921875 0.04296875 0.11953125
3 0.81953125 0.315625 0.02109375 0.0390625
0 0.81953125 0.3609375 0.015625 0.021875
1 0.8015625 0.31875 0.05546875 0.0765625
3 0.73984375 0.35625 0.02109375 0.0453125
1 0.7296875 0.3671875 0.05546875 0.08984375
3 0.690625 0.303125 0.02109375 0.053125
10 0.6796875 0.3296875 0.04609375 0.10546875
7 0.69453125 0.38125 0.034375 0.05
3 0.64375 0.31796875 0.02421875 0.04375
1 0.628125 0.33828125 0.06171875 0.08671875
3 0.5796875 0.3 0.02421875 0.0515625
0 0.57421875 0.36484375 0.0203125 0.01328125
10 0.56953125 0.3171875 0.05078125 0.0859375
3 0.496875 0.3390625 0.02578125 0.05625
1 0.50234375 0.34375 0.06875 0.09609375
9 0.45859375 0.30390625 0.0328125 0.053125
1 0.44375 0.321875 0.06328125 0.096875
6 0.378125 0.26640625 0.02734375 0.0640625
10 0.38515625 0.3046875 0.05546875 0.14453125
3 0.32578125 0.290625 0.025 0.05546875
10 0.325 0.32421875 0.06640625 0.128125
0 0.3140625 0.375 0.02421875 0.03125
5 0.40234375 0.37890625 0.0109375 0.021875
5 0.42734375 0.37421875 0.01171875 0.0296875
6 0.2546875 0.2765625 0.025 0.05390625
10 0.26328125 0.31640625 0.05546875 0.1359375
3 0.2109375 0.3078125 0.025 0.05078125
1 0.21484375 0.33359375 0.0578125 0.12109375
3 0.153125 0.234375 0.0203125 0.05
10 0.15703125 0.24921875 0.04921875 0.08046875
5 0.12265625 0.315625 0.00703125 0.01796875
1 0.19453125 0.15390625 0.03984375 0.0453125
3 0.1859375 0.18671875 0.01953125 0.04375
10 0.1921875 0.203125 0.04375 0.06953125
3 0.25234375 0.08046875 0.01328125 0.028125
0 0.25 0.10703125 0.01171875 0.01640625
1 0.259375 0.0890625 0.03828125 0.05078125
3 0.25078125 0.22890625 0.02109375 0.04296875
1 0.253125 0.23984375 0.0578125 0.071875
0 0.31015625 0.25625 0.02265625 0.0203125
3 0.31640625 0.19921875 0.02265625 0.046875
10 0.3109375 0.2234375 0.05703125 0.09140625
3 0.39453125 0.20546875 0.02265625 0.04296875
1 0.3890625 0.21640625 0.06015625 0.0765625
0 0.39375 0.24375 0.0109375 0.01484375
3 0.4515625 0.21015625 0.02421875 0.04453125
1 0.4546875 0.2171875 0.06015625 0.08828125
3 0.51953125 0.20703125 0.01953125 0.04296875
7 0.51953125 0.259375 0.03828125 0.03046875
1 0.51171875 0.22421875 0.05625 0.0796875
6 0.56875 0.19453125 0.0203125 0.046875
10 0.56640625 0.21640625 0.04921875 0.090625
6 0.60859375 0.19296875 0.02109375 0.04609375
10 0.60859375 0.21640625 0.03828125 0.096875
5 0.596875 0.2796875 0.0109375 0.01875
3 0.66015625 0.16328125 0.01796875 0.03203125
1 0.6515625 0.17421875 0.04453125 0.05625
5 0.65859375 0.2015625 0.0109375 0.0109375
3 0.61875 0.15078125 0.01875 0.03359375
10 0.61015625 0.16328125 0.0375 0.06640625
3 0.57890625 0.14375 0.01640625 0.03671875
3 0.521875 0.13125 0.01796875 0.03984375
1 0.51640625 0.14921875 0.05859375 0.07890625
3 0.44140625 0.115625 0.01875 0.04296875
10 0.4421875 0.14140625 0.04765625 0.09296875
7 0.43515625 0.17890625 0.02890625 0.021875
3 0.384375 0.1453125 0.01796875 0.03671875
1 0.3796875 0.15703125 0.04921875 0.05859375
3 0.34140625 0.13046875 0.01796875 0.0390625
10 0.34296875 0.14296875 0.0359375 0.06953125
0 0.33828125 0.18125 0.01796875 0.01171875
6 0.29921875 0.13125 0.01640625 0.040625
10 0.2984375 0.14765625 0.04140625 0.0765625
2 0.29375 0.19296875 0.03046875 0.0234375
3 0.290625 0.096875 0.015625 0.03125
10 0.28828125 0.109375 0.03984375 0.059375
3 0.33203125 0.1015625 0.01484375 0.0265625
1 0.334375 0.10625 0.04453125 0.046875
3 0.38203125 0.09375 0.01640625 0.028125
1 0.3765625 0.10546875 0.04140625 0.05390625
0 0.378125 0.1265625 0.01484375 0.01328125
3 0.459375 0.0890625 0.0140625 0.0265625
1 0.4625 0.09453125 0.03828125 0.05390625
3 0.515625 0.09375 0.0140625 0.0296875
10 0.50859375 0.10546875 0.0453125 0.0609375
3 0.54453125 0.08828125 0.01640625 0.0359375
10 0.54140625 0.09921875 0.03359375 0.05546875
6 0.58515625 0.08203125 0.015625 0.0390625
10 0.5828125 0.096875 0.03515625 0.06875
3 0.621875 0.1 0.0171875 0.03515625
1 0.62265625 0.11171875 0.04453125 0.05859375
6 0.66796875 0.109375 0.0171875 0.03515625
10 0.665625 0.12109375 0.0390625 0.06171875
3 0.31640625 0.05859375 0.015625 0.034375
10 0.3140625 0.06953125 0.0375 0.0546875
3 0.35625 0.05546875 0.015625 0.028125
3 0.39375 0.04921875 0.01640625 0.034375
1 0.38984375 0.059375 0.0390625 0.05625
1 0.4296875 0.05859375 0.03359375 0.0484375
3 0.4625 0.04296875 0.0125 0.03046875
10 0.46328125 0.0640625 0.03828125 0.0390625
3 0.50390625 0.0421875 0.01484375 0.03203125
8 0.5734375 0.06796875 0.03984375 0.04921875
6 0.61328125 0.05 0.015625 0.03125
10 0.609375 0.06640625 0.03046875 0.06328125
3 0.65859375 0.08046875 0.0140625 0.02421875
1 0.65078125 0.08671875 0.03828125 0.04375
7 0.6484375 0.10546875 0.02109375 0.00546875
3 0.32578125 0.028125 0.01171875 0.0265625
10 0.32890625 0.03828125 0.03046875 0.04375
3 0.41875 0.02265625 0.0140625 0.03046875
10 0.41640625 0.03125 0.03046875 0.04921875
3 0.453125 0.01796875 0.01171875 0.0234375
10 0.45390625 0.028125 0.02578125 0.0453125
3 0.49453125 0.01640625 0.01171875 0.02578125
10 0.4921875 0.02734375 0.028125 0.05078125
10 0.52265625 0.03203125 0.02421875 0.04453125
3 0.55625 0.02890625 0.0109375 0.025
10 0.54921875 0.04140625 0.034375 0.04609375
3 0.584375 0.04140625 0.01171875 0.025
1 0.58359375 0.0484375 0.03125 0.04375
3 0.6828125 0.0640625 0.01484375 0.021875
10 0.67578125 0.06875 0.02734375 0.040625
3 0.71328125 0.06484375 0.0125 0.021875
10 0.70625 0.07578125 0.02734375 0.04921875
3 0.7375 0.1015625 0.01484375 0.028125
10 0.7328125 0.109375 0.02890625 0.05078125
3 0.81953125 0.23046875 0.01796875 0.03671875
10 0.81328125 0.25546875 0.040625 0.071875
0 0.82265625 0.290625 0.01015625 0.015625
3 0.78359375 0.23125 0.01484375 0.03203125
1 0.775 0.24296875 0.03984375 0.05625
1 0.7859375 0.20546875 0.02890625 0.04609375
3 0.76171875 0.171875 0.0171875 0.03828125
10 0.75703125 0.1890625 0.040625 0.06953125
3 0.76015625 0.14453125 0.01640625 0.03046875
1 0.75234375 0.15234375 0.040625 0.0453125
3 0.98125 0.78828125 0.0265625 0.05859375
0 0.96484375 0.8625 0.015625 0.04375
10 0.95703125 0.81171875 0.078125 0.14296875
2 0.653125 0.53046875 0.0546875 0.05078125
7 0.378125 0.38125 0.0265625 0.04375
2 0.61953125 0.28046875 0.03671875 0.02890625
2 0.32421875 0.37890625 0.0453125 0.0390625
5 0.50390625 0.95234375 0.03046875 0.07109375
2 0.346875 0.1875 0.02890625 0.025
2 0.41328125 0.25546875 0.01953125 0.0359375
7 0.446875 0.25859375 0.04140625 0.0359375
7 0.2140625 0.35703125 0.0375 0.0453125
7 0.265625 0.36796875 0.04296875 0.03984375
2 0.115625 0.31796875 0.02109375 0.02421875
2 0.1890625 0.2359375 0.03046875 0.02890625
3 0.19609375 0.153125 0.0171875 0.03671875
2 0.2546875 0.11484375 0.028125 0.01640625
10 0.3515625 0.065625 0.03828125 0.05546875
2 0.46484375 0.12578125 0.02578125 0.0203125
10 0.50390625 0.05546875 0.034375 0.0609375
2 0.525 0.05625 0.0140625 0.015625
2 0.546875 0.13203125 0.0234375 0.0203125
3 0.5203125 0.028125 0.01484375 0.0265625
10 0.56953125 0.15703125 0.04296875 0.06953125
2 0.6359375 0.14453125 0.015625 0.02421875
2 0.678125 0.15546875 0.02265625 0.0203125
2 0.56875 0.27421875 0.046875 0.0296875
2 0.58359375 0.375 0.0453125 0.040625
5 0.67578125 0.38125 0.015625 0.0296875
2 0.50703125 0.49765625 0.028125 0.0546875
2 0.9203125 0.671875 0.03359375 0.0390625
2 0.96875 0.85859375 0.02734375 0.065625
2 0.84375 0.453125 0.0328125 0.03828125
3 0.8546875 0.3390625 0.02109375 0.04453125
2 0.8078125 0.365625 0.025 0.0265625
7 0.7609375 0.21796875 0.01875 0.02109375
7 0.73515625 0.13515625 0.01796875 0.01875