7 0.81171875 0.6984375 0.04609375 0.05625
6 0.84765625 0.63203125 0.03359375 0.071875
1 0.80859375 0.66015625 0.1109375 0.13125
0 0.9640625 0.859375 0.01484375 0.03671875
2 0.96875 0.859375 0.0296875 0.06171875
7 0.990625 0.84296875 0.01875 0.0609375
3 0.98125 0.79140625 0.02578125 0.05546875
10 0.95703125 0.80625 0.07890625 0.13046875
5 0.93046875 0.66328125 0.01171875 0.03125
7 0.95234375 0.65703125 0.03828125 0.04140625
5 0.9484375 0.68984375 0.00859375 0.02578125
7 0.92109375 0.66875 0.03359375 0.0484375
3 0.925 0.58046875 0.021875 0.0546875
3 0.9625 0.60625 0.02109375 0.0515625
10 0.95 0.628125 0.05078125 0.1
10 0.9015625 0.60859375 0.06875 0.1203125
7 0.77578125 0.525 0.04140625 0.05
7 0.72265625 0.528125 0.05 0.05703125
6 0.7671875 0.428125 0.02578125 0.06328125
6 0.72265625 0.39375 0.02578125 0.06640625
10 0.7640625 0.46796875 0.05859375 0.15078125
10 0.715625 0.440625 0.0703125 0.15703125
0 0.8375 0.45 0.01796875 0.0296875
2 0.8421875 0.45234375 0.03125 0.0359375
7 0.878125 0.44375 0.0203125 0.0296875
3 0.88828125 0.3859375 0.021875 0.0546875
3 0.84453125 0.36953125 0.02109375 0.05
10 0.83359375 0.403125 0.0453125 0.1140625
10 0.8765625 0.4078125 0.04375 0.10078125
0 0.81796875 0.35546875 0.01640625 0.0296875
3 0.84375 0.30390625 0.0203125 0.03984375
3 0.81953125 0.31171875 0.02421875 0.046875
1 0.803125 0.3234375 0.0578125 0.08203125
3 0.8234375 0.24375 0.01953125 0.0390625
3 0.784375 0.23046875 0.01796875 0.0390625
10 0.815625 0.25625 0.0390625 0.071875
1 0.77890625 0.24453125 0.03984375 0.07421875
0 0.67421875 0.38046875 0.0171875 0.03203125
3 0.68515625 0.3 0.025 0.05546875
10 0.67578125 0.3265625 0.04765625 0.1109375
2 0.696875 0.38984375 0.034375 0.03515625
2 0.653125 0.53046875 0.0515625 0.0515625
6 0.64375 0.378125 0.02890625 0.06171875
10 0.63828125 0.41796875 0.06953125 0.153125
7 0.58828125 0.6734375 0.06640625 0.08046875
7 0.4890625 0.68046875 0.06484375 0.0703125
3 0.5859375 0.53125 0.03125 0.071875
10 0.58125 0.5765625 0.0734375 0.1640625
3 0.4734375 0.534375 0.0375 0.08046875
10 0.47578125 0.59296875 0.07734375 0.196875
2 0.23671875 0.6640625 0.0578125 0.06484375
2 0.31328125 0.68828125 0.06015625 0.06875
2 0.39296875 0.68515625 0.06328125 0.06875
3 0.3875 0.55703125 0.03359375 0.0703125
10 0.39609375 0.5875 0.0765625 0.13046875
3 0.3109375 0.515625 0.03203125 0.0859375
10 0.31953125 0.56875 0.071875 0.18125
3 0.24609375 0.52265625 0.03046875 0.06796875
10 0.25234375 0.56953125 0.0703125 0.16328125
3 0.02890625 0.56328125 0.02734375 0.0640625
10 0.046875 0.6 0.0703125 0.15546875
5 0.1234375 0.315625 0.01015625 0.015625
2 0.1171875 0.31640625 0.02109375 0.021875
6 0.15390625 0.2265625 0.02109375 0.046875
10 0.15703125 0.25625 0.04375 0.103125
2 0.190625 0.23046875 0.0265625 0.021875
3 0.15703125 0.19375 0.01640625 0.03359375
3 0.18515625 0.18203125 0.01953125 0.04296875
10 0.19453125 0.19921875 0.046875 0.06875
3 0.2515625 0.22578125 0.02265625 0.04375
0 0.265625 0.36796875 0.02109375 0.0296875
7 0.21640625 0.36015625 0.03515625 0.04453125
3 0.2109375 0.31328125 0.02578125 0.05078125
1 0.21328125 0.3375 0.05859375 0.11953125
3 0.25546875 0.29296875 0.02734375 0.05078125
10 0.2671875 0.33125 0.0625 0.13515625
1 0.253125 0.23828125 0.0609375 0.06953125
0 0.31328125 0.37421875 0.01953125 0.03046875
2 0.325 0.37890625 0.0421875 0.03828125
3 0.33046875 0.29921875 0.02734375 0.05625
10 0.32265625 0.3296875 0.065625 0.11640625
3 0.19453125 0.15078125 0.01796875 0.03046875
1 0.19453125 0.15625 0.03828125 0.0453125
2 0.25625 0.11328125 0.0265625 0.01953125
5 0.2515625 0.1109375 0.01328125 0.009375
3 0.38203125 0.2609375 0.02578125 0.05703125
7 0.378125 0.38046875 0.02890625 0.04453125
5 0.4015625 0.37890625 0.0125 0.0234375
5 0.4265625 0.3734375 0.01328125 0.03046875
7 0.44453125 0.371875 0.025 0.0359375
3 0.31328125 0.19921875 0.02109375 0.04609375
5 0.3125 0.25546875 0.01484375 0.01328125
2 0.32109375 0.26171875 0.0359375 0.03125
10 0.315625 0.2171875 0.05234375 0.08046875
3 0.25703125 0.0734375 0.01796875 0.03203125
10 0.25703125 0.09140625 0.04375 0.06875
3 0.290625 0.09609375 0.0171875 0.03671875
10 0.28828125 0.1109375 0.040625 0.05625
3 0.33125 0.09453125 0.01953125 0.03203125
1 0.334375 0.10625 0.0421875 0.053125
3 0.31640625 0.05390625 0.01484375 0.02890625
10 0.3140625 0.06796875 0.03984375 0.05625
2 0.50625 0.49453125 0.0296875 0.0546875
3 0.49140625 0.40078125 0.03125 0.06328125
10 0.48515625 0.434375 0.07890625 0.13828125
7 0.584375 0.51796875 0.0546875 0.06171875
3 0.578125 0.41796875 0.03203125 0.065625
10 0.571875 0.4515625 0.08203125 0.13671875
0 0.57265625 0.3578125 0.02421875 0.0265625
2 0.584375 0.3765625 0.04453125 0.03828125
3 0.5796875 0.30390625 0.02421875 0.046875
10 0.571875 0.321875 0.0546875 0.08125
3 0.63828125 0.32890625 0.02578125 0.04375
1 0.62890625 0.34375 0.06875 0.08515625
1 0.72578125 0.3671875 0.05859375 0.084375
5 0.59609375 0.27890625 0.01015625 0.01640625
5 0.490625 0.2609375 0.01328125 0.0265625
10 0.57265625 0.26796875 0.05546875 0.03046875
2 0.61953125 0.2796875 0.0375 0.03125
2 0.51875 0.25703125 0.03671875 0.03046875
6 0.60703125 0.17890625 0.01796875 0.03984375
10 0.60625 0.209375 0.0421875 0.10546875
6 0.5703125 0.19609375 0.02265625 0.04921875
10 0.5671875 0.21953125 0.04453125 0.09921875
3 0.7875 0.1828125 0.01953125 0.0359375
10 0.78515625 0.19375 0.02578125 0.05390625
7 0.76015625 0.215625 0.02109375 0.02578125
3 0.76328125 0.1703125 0.01953125 0.0390625
10 0.75703125 0.18828125 0.03984375 0.06953125
6 0.66015625 0.1609375 0.01875 0.03203125
0 0.6578125 0.1984375 0.01640625 0.01953125
10 0.653125 0.17265625 0.04296875 0.06171875
3 0.615625 0.15625 0.01484375 0.03046875
1 0.61171875 0.16875 0.0453125 0.06484375
3 0.57578125 0.14296875 0.01640625 0.03828125
6 0.5171875 0.15625 0.01796875 0.03984375
10 0.5125 0.1921875 0.0484375 0.11796875
10 0.5640625 0.16796875 0.04921875 0.090625
3 0.6703125 0.11875 0.01640625 0.03125
2 0.678125 0.15546875 0.02265625 0.021875
1 0.66328125 0.12578125 0.0375 0.05
3 0.7609375 0.14453125 0.01796875 0.0296875
1 0.7515625 0.1484375 0.04140625 0.04375
7 0.7359375 0.134375 0.01796875 0.01953125
3 0.7375 0.10078125 0.0140625 0.03046875
10 0.734375 0.11171875 0.03203125 0.0546875
3 0.7125 0.0640625 0.0140625 0.0265625
10 0.70703125 0.07578125 0.02578125 0.05546875
3 0.68203125 0.05546875 0.01484375 0.0265625
10 0.675 0.06796875 0.03125 0.06015625
0 0.3375 0.18046875 0.0203125 0.01875
6 0.29921875 0.13359375 0.01796875 0.040625
10 0.3 0.15390625 0.0453125 0.07890625
7 0.29296875 0.19296875 0.03046875 0.02421875
7 0.346875 0.18828125 0.03046875 0.0234375
3 0.3453125 0.1359375 0.01875 0.04375
10 0.3453125 0.15078125 0.04140625 0.08046875
3 0.38515625 0.1515625 0.021875 0.03828125
1 0.38671875 0.15546875 0.0390625 0.0515625
7 0.4375 0.178125 0.03046875 0.01953125
3 0.4421875 0.115625 0.01875 0.04296875
10 0.44296875 0.13828125 0.04765625 0.09375
3 0.38125 0.09375 0.01796875 0.03359375
1 0.37734375 0.10625 0.04453125 0.0546875
0 0.37890625 0.12578125 0.01484375 0.01875
3 0.45078125 0.2078125 0.02421875 0.046875
3 0.3953125 0.20546875 0.02265625 0.04453125
7 0.446875 0.25859375 0.03828125 0.03359375
2 0.41328125 0.25546875 0.01875 0.0296875
1 0.4546875 0.21796875 0.06015625 0.08828125
1 0.38828125 0.21875 0.059375 0.08125
10 0.38515625 0.30625 0.053125 0.153125
3 0.46015625 0.30625 0.02890625 0.0546875
1 0.44453125 0.33046875 0.0625 0.10390625
3 0.49453125 0.34140625 0.02890625 0.05625
1 0.5015625 0.34375 0.06640625 0.0953125
3 0.51328125 0.1203125 0.01953125 0.03671875
10 0.5140625 0.14375 0.05390625 0.08046875
3 0.459375 0.09296875 0.01484375 0.02890625
2 0.4640625 0.1234375 0.02578125 0.0203125
10 0.46328125 0.0953125 0.03828125 0.0515625
3 0.51328125 0.09375 0.01640625 0.03125
10 0.50625 0.10546875 0.05078125 0.0515625
3 0.3875 0.053125 0.01640625 0.03046875
3 0.35546875 0.05625 0.01484375 0.02890625
3 0.32578125 0.02890625 0.01484375 0.028125
10 0.3296875 0.03515625 0.03046875 0.04453125
10 0.35234375 0.06328125 0.0328125 0.05078125
3 0.41953125 0.05546875 0.015625 0.02578125
1 0.425 0.05859375 0.0328125 0.05
3 0.415625 0.03046875 0.01484375 0.0296875
3 0.5015625 0.0421875 0.01484375 0.03203125
3 0.4625 0.04375 0.01640625 0.03359375
10 0.46328125 0.05546875 0.040625 0.059375
10 0.50234375 0.05390625 0.0328125 0.05859375
3 0.45390625 0.01875 0.015625 0.0265625
10 0.45078125 0.03046875 0.02578125 0.0484375
3 0.54375 0.08671875 0.01640625 0.03203125
10 0.5421875 0.0984375 0.03515625 0.05625
3 0.51875 0.03203125 0.0140625 0.025
3 0.49375 0.0171875 0.0125 0.0265625
10 0.490625 0.02890625 0.02890625 0.05
3 0.546875 0.0234375 0.0140625 0.03046875
10 0.52265625 0.0359375 0.025 0.04140625
2 0.5234375 0.05625 0.01328125 0.0140625
2 0.546875 0.05546875 0.0171875 0.0109375
10 0.546875 0.03125 0.02734375 0.04921875
3 0.5890625 0.04375 0.01328125 0.02578125
10 0.58671875 0.046875 0.03046875 0.0390625
3 0.56875 0.06640625 0.01484375 0.02890625
1 0.56484375 0.071875 0.0296875 0.04453125
6 0.58359375 0.07890625 0.0140625 0.034375
10 0.5828125 0.09375 0.03359375 0.06875
3 0.625 0.10625 0.01640625 0.034375
1 0.62265625 0.11796875 0.04453125 0.06015625
7 0.628125 0.14296875 0.0328125 0.0234375
2 0.546875 0.13125 0.021875 0.01796875
2 0.59140625 0.140625 0.02109375 0.01640625
3 0.61328125 0.05546875 0.01484375 0.0296875
10 0.61015625 0.06796875 0.03671875 0.0546875
9 0.65078125 0.06875 0.01484375 0.02890625
10 0.646875 0.0796875 0.0296875 0.05
3 0.621875 0.0359375 0.01484375 0.03125
10 0.3875 0.06171875 0.03984375 0.05625
2 0.8125 0.36875 0.0296875 0.01875
5 0.5046875 0.95546875 0.03046875 0.06875