10 0.0109375 0.6296875 0.02109375 0.04453125
3 0.025 0.56328125 0.0265625 0.05546875
10 0.0453125 0.5984375 0.07578125 0.1453125
2 0.2375 0.65703125 0.0578125 0.07109375
3 0.24609375 0.5234375 0.0296875 0.06875
10 0.25078125 0.56875 0.06796875 0.16328125
2 0.31328125 0.6921875 0.06015625 0.0734375
3 0.31015625 0.51796875 0.02890625 0.08046875
10 0.31953125 0.5625 0.07421875 0.18046875
2 0.39375 0.68828125 0.06328125 0.0734375
3 0.38828125 0.56171875 0.0375 0.08046875
10 0.396875 0.5890625 0.0796875 0.12890625
7 0.490625 0.68125 0.06484375 0.0734375
3 0.48125 0.5484375 0.03515625 0.08046875
10 0.478125 0.60390625 0.07890625 0.18046875
2 0.5875 0.678125 0.0671875 0.071875
3 0.58203125 0.53203125 0.034375 0.0734375
10 0.5796875 0.5796875 0.07734375 0.16875
5 0.1234375 0.315625 0.009375 0.01484375
2 0.11796875 0.31796875 0.0234375 0.02109375
6 0.1546875 0.22734375 0.01875 0.046875
10 0.15859375 0.25625 0.0453125 0.10625
7 0.215625 0.35703125 0.03828125 0.04453125
0 0.2671875 0.365625 0.02109375 0.0265625
3 0.2109375 0.3109375 0.02421875 0.05390625
1 0.21484375 0.33828125 0.0578125 0.125
3 0.2546875 0.29375 0.02578125 0.05
10 0.2671875 0.33046875 0.059375 0.13359375
3 0.32578125 0.29140625 0.03046875 0.05546875
0 0.31328125 0.37578125 0.02109375 0.025
2 0.32421875 0.37890625 0.0453125 0.03984375
10 0.32421875 0.3265625 0.0671875 0.12578125
7 0.378125 0.38046875 0.0265625 0.04375
5 0.40234375 0.37890625 0.01328125 0.0234375
5 0.42734375 0.3734375 0.0140625 0.03125
7 0.44453125 0.36953125 0.02421875 0.040625
9 0.4390625 0.28125 0.02890625 0.06015625
6 0.38203125 0.259375 0.02734375 0.06328125
10 0.4390625 0.30859375 0.065625 0.12421875
10 0.38515625 0.30546875 0.05546875 0.15390625
3 0.1546875 0.19375 0.01640625 0.03125
3 0.18515625 0.184375 0.01796875 0.04375
2 0.18828125 0.23203125 0.02734375 0.02421875
10 0.19609375 0.19296875 0.0421875 0.06171875
10 0.16015625 0.20390625 0.034375 0.06015625
3 0.19453125 0.15390625 0.01796875 0.03671875
1 0.19453125 0.15546875 0.03828125 0.0484375
5 0.25078125 0.1109375 0.01015625 0.00703125
2 0.25625 0.11484375 0.0265625 0.01640625
3 0.2546875 0.0734375 0.015625 0.03203125
10 0.25625 0.09375 0.04453125 0.0703125
9 0.24609375 0.21796875 0.02265625 0.04375
1 0.25390625 0.23203125 0.05859375 0.08046875
5 0.31328125 0.25546875 0.01640625 0.01328125
10 0.31328125 0.21796875 0.05234375 0.07890625
6 0.2984375 0.13515625 0.01953125 0.04453125
3 0.31484375 0.203125 0.02265625 0.04296875
7 0.29375 0.190625 0.03046875 0.0234375
10 0.29921875 0.15546875 0.04296875 0.08046875
3 0.28828125 0.096875 0.015625 0.03125
10 0.2875 0.1078125 0.03984375 0.0640625
3 0.315625 0.0546875 0.0171875 0.0296875
10 0.3140625 0.06796875 0.0375 0.059375
3 0.32578125 0.028125 0.01484375 0.0265625
10 0.3296875 0.03203125 0.02890625 0.04453125
3 0.34375 0.0984375 0.01953125 0.034375
7 0.32421875 0.13125 0.02421875 0.0234375
1 0.3359375 0.10546875 0.04375 0.0515625
3 0.38125 0.09296875 0.01953125 0.034375
0 0.378125 0.1265625 0.01796875 0.01484375
1 0.3765625 0.10546875 0.04375 0.0515625
3 0.35390625 0.04921875 0.01640625 0.03046875
10 0.35078125 0.05859375 0.03515625 0.05546875
3 0.38515625 0.0546875 0.01640625 0.0296875
10 0.38671875 0.0609375 0.0390625 0.05546875
3 0.41953125 0.028125 0.01484375 0.02890625
10 0.41875 0.03125 0.0359375 0.04140625
3 0.41953125 0.05625 0.01796875 0.03046875
1 0.425 0.06015625 0.0328125 0.04453125
3 0.34375 0.13046875 0.01875 0.0390625
5 0.340625 0.18203125 0.015625 0.01484375
2 0.346875 0.18671875 0.03203125 0.02109375
5 0.3453125 0.14453125 0.04296875 0.078125
3 0.38515625 0.15234375 0.02109375 0.03828125
1 0.38671875 0.15546875 0.0390625 0.0515625
3 0.3953125 0.20625 0.02421875 0.04921875
1 0.38828125 0.21875 0.06171875 0.08125
10 0.41328125 0.25390625 0.01796875 0.02890625
7 0.4375 0.178125 0.0328125 0.0234375
3 0.44296875 0.11328125 0.0171875 0.0359375
10 0.4421875 0.1390625 0.04921875 0.08984375
2 0.465625 0.125 0.0265625 0.01875
3 0.46015625 0.07890625 0.01484375 0.03046875
10 0.46328125 0.09296875 0.0375 0.05859375
3 0.4625 0.04140625 0.01171875 0.03125
10 0.4625 0.05546875 0.03828125 0.05625
3 0.45390625 0.01875 0.01484375 0.028125
10 0.45234375 0.0296875 0.0265625 0.05
3 0.51328125 0.09296875 0.01796875 0.034375
3 0.45078125 0.2109375 0.02421875 0.04375
1 0.45390625 0.2125 0.06015625 0.08046875
7 0.453125 0.25625 0.0296875 0.034375
1 0.50625 0.10546875 0.0484375 0.06015625
3 0.5015625 0.0421875 0.015625 0.03046875
10 0.50234375 0.05625 0.0328125 0.05859375
3 0.49453125 0.01875 0.01484375 0.0296875
10 0.4890625 0.028125 0.02578125 0.046875
3 0.51953125 0.01875 0.01328125 0.0296875
10 0.521875 0.028125 0.028125 0.046875
2 0.52421875 0.05546875 0.01484375 0.01640625
3 0.54453125 0.021875 0.01484375 0.03046875
7 0.54453125 0.05625 0.01875 0.015625
10 0.54453125 0.03203125 0.03359375 0.0515625
3 0.4890625 0.40546875 0.02890625 0.05859375
0 0.48203125 0.490625 0.02109375 0.03359375
10 0.484375 0.4375 0.07578125 0.13046875
3 0.49453125 0.33984375 0.028125 0.0609375
1 0.5015625 0.34375 0.06953125 0.0984375
6 0.515625 0.15625 0.01875 0.04375
5 0.490625 0.259375 0.01171875 0.0265625
2 0.515625 0.25625 0.04609375 0.0359375
10 0.51328125 0.1921875 0.046875 0.1140625
3 0.51953125 0.12109375 0.01953125 0.03671875
10 0.5125 0.146875 0.05390625 0.08125
3 0.54375 0.0859375 0.01640625 0.03125
10 0.53828125 0.1 0.034375 0.05546875
2 0.54609375 0.13046875 0.0203125 0.0203125
3 0.56953125 0.06875 0.01484375 0.028125
2 0.5640625 0.09296875 0.01640625 0.0140625
1 0.56953125 0.0703125 0.03671875 0.0484375
3 0.58984375 0.0484375 0.0140625 0.03125
1 0.58671875 0.0515625 0.03046875 0.03671875
3 0.61328125 0.05546875 0.01484375 0.0296875
3 0.62265625 0.034375 0.015625 0.03046875
10 0.61015625 0.06796875 0.03515625 0.0546875
10 0.6203125 0.04609375 0.028125 0.05078125
3 0.6515625 0.075 0.015625 0.03125
3 0.64765625 0.08046875 0.02890625 0.04609375
5 0.596875 0.27890625 0.00859375 0.015625
7 0.5734375 0.26875 0.05703125 0.0390625
2 0.6203125 0.28046875 0.03671875 0.03046875
3 0.57421875 0.14375 0.0171875 0.03671875
10 0.5640625 0.16640625 0.05 0.08359375
3 0.57265625 0.1984375 0.021875 0.04453125
10 0.565625 0.2234375 0.04609375 0.0953125
6 0.6125 0.19296875 0.0203125 0.0453125
10 0.60625 0.2171875 0.04140625 0.09375
3 0.61328125 0.15703125 0.01640625 0.034375
3 0.5859375 0.09375 0.015625 0.03359375
10 0.584375 0.103125 0.0359375 0.05625
3 0.625 0.10703125 0.0171875 0.03203125
1 0.62265625 0.11875 0.04453125 0.05703125
2 0.5921875 0.1390625 0.02109375 0.015625
2 0.67578125 0.15546875 0.021875 0.0203125
3 0.66953125 0.11875 0.01640625 0.03125
1 0.6640625 0.12734375 0.03671875 0.053125
1 0.6125 0.16875 0.0453125 0.06484375
3 0.66015625 0.16328125 0.01875 0.03671875
0 0.65703125 0.1984375 0.015625 0.01875
10 0.653125 0.171875 0.04296875 0.06171875
2 0.653125 0.53046875 0.0515625 0.05
3 0.578125 0.41875 0.03515625 0.06953125
10 0.571875 0.45234375 0.0828125 0.13828125
5 0.5734375 0.3640625 0.01953125 0.01484375
2 0.584375 0.37578125 0.04375 0.0390625
3 0.58203125 0.30546875 0.02109375 0.04921875
10 0.571875 0.31796875 0.0546875 0.07890625
6 0.64453125 0.378125 0.03125 0.0703125
10 0.63828125 0.41796875 0.06953125 0.15625
3 0.6359375 0.328125 0.02265625 0.04375
1 0.62890625 0.34296875 0.06640625 0.08046875
10 0.6734375 0.37890625 0.01796875 0.03125
2 0.696875 0.38828125 0.03515625 0.0359375
3 0.684375 0.3015625 0.02421875 0.059375
10 0.67734375 0.3265625 0.0484375 0.109375
3 0.73515625 0.35625 0.01953125 0.03828125
1 0.728125 0.36796875 0.05234375 0.0859375
7 0.72265625 0.5234375 0.04765625 0.06953125
7 0.775 0.5265625 0.03984375 0.0515625
6 0.725 0.39375 0.0234375 0.06640625
10 0.71640625 0.43046875 0.06796875 0.15546875
6 0.76640625 0.42578125 0.02421875 0.0609375
10 0.76328125 0.46796875 0.059375 0.15078125
6 0.82109375 0.578125 0.0328125 0.075
7 0.8125 0.7 0.0453125 0.05546875
10 0.79453125 0.63125 0.09296875 0.17890625
0 0.9640625 0.85390625 0.01484375 0.03984375
7 0.96953125 0.85703125 0.03125 0.06328125
0 0.990625 0.83671875 0.015625 0.04375
3 0.98125 0.7703125 0.0296875 0.06484375
10 0.95703125 0.79921875 0.08203125 0.13125
5 0.9296875 0.6625 0.0125 0.03046875
7 0.95078125 0.659375 0.03828125 0.04453125
7 0.92109375 0.66796875 0.0328125 0.046875
3 0.9625 0.60703125 0.025 0.053125
3 0.92578125 0.5796875 0.021875 0.0515625
10 0.95 0.62890625 0.05078125 0.09453125
10 0.90234375 0.60546875 0.0703125 0.11875
0 0.8375 0.44609375 0.0171875 0.03046875
2 0.84765625 0.45234375 0.02265625 0.03984375
7 0.8765625 0.44296875 0.021875 0.03046875
3 0.88828125 0.3890625 0.02109375 0.05
3 0.84453125 0.36796875 0.01953125 0.0453125
10 0.878125 0.40859375 0.04140625 0.0984375
10 0.83125 0.4015625 0.04609375 0.11328125
0 0.81875 0.36015625 0.01640625 0.01875
3 0.853125 0.31796875 0.0203125 0.04296875
3 0.82109375 0.31640625 0.0234375 0.0453125
1 0.803125 0.3234375 0.0578125 0.084375
10 0.84453125 0.328125 0.040625 0.06953125
2 0.78515625 0.27890625 0.02734375 0.0203125
3 0.82265625 0.24375 0.01953125 0.0390625
3 0.7828125 0.22421875 0.01796875 0.04375
3 0.815625 0.25546875 0.0390625 0.0703125
10 0.7765625 0.2390625 0.04140625 0.07109375
3 0.78515625 0.18203125 0.01796875 0.0359375
10 0.78515625 0.19375 0.028125 0.05390625
7 0.76015625 0.2140625 0.01640625 0.02421875
3 0.76328125 0.1734375 0.01796875 0.034375
10 0.75625 0.18671875 0.03828125 0.06953125
3 0.76171875 0.1453125 0.0203125 0.03515625
1 0.75234375 0.15078125 0.0421875 0.0484375
3 0.7375 0.09921875 0.0140625 0.03125
10 0.73359375 0.10625 0.0328125 0.0515625
7 0.7359375 0.134375 0.01640625 0.01953125
3 0.684375 0.05625 0.01171875 0.02890625
3 0.71328125 0.0640625 0.01328125 0.0265625
10 0.70703125 0.07421875 0.02734375 0.05625
10 0.6765625 0.06875 0.02578125 0.05625
2 0.3203125 0.2625 0.03515625 0.03046875
2 0.50703125 0.49609375 0.02890625 0.05625
5 0.5046875 0.953125 0.02734375 0.06640625