3 0.02265625 0.5671875 0.02890625 0.05625
10 0.04453125 0.60546875 0.07421875 0.13359375
0 0.0328125 0.64375 0.02734375 0.05390625
3 0.24765625 0.51796875 0.03515625 0.0640625
10 0.253125 0.5671875 0.0640625 0.15859375
2 0.2375 0.66328125 0.0578125 0.06171875
3 0.31171875 0.51875 0.0328125 0.07890625
10 0.321875 0.56796875 0.071875 0.18125
2 0.3140625 0.68515625 0.06015625 0.06875
3 0.39296875 0.53359375 0.0328125 0.075
10 0.3984375 0.57578125 0.08125 0.15546875
2 0.39375 0.68359375 0.06328125 0.06875
3 0.47578125 0.5296875 0.03359375 0.071875
10 0.47890625 0.56875 0.07578125 0.16953125
2 0.4890625 0.68046875 0.06484375 0.07109375
3 0.58125 0.53046875 0.03359375 0.0703125
1 0.57890625 0.57890625 0.07421875 0.16484375
7 0.5875 0.6765625 0.065625 0.071875
8 0.81171875 0.68046875 0.03515625 0.07421875
3 0.92890625 0.58515625 0.02265625 0.05703125
10 0.90703125 0.61875 0.06953125 0.12421875
3 0.95078125 0.59296875 0.02109375 0.053125
3 0.98046875 0.78984375 0.02578125 0.06328125
10 0.95625 0.8109375 0.0765625 0.14140625
0 0.9640625 0.8640625 0.01796875 0.04453125
6 0.76875 0.42421875 0.0265625 0.065625
10 0.765625 0.4734375 0.05703125 0.15546875
6 0.72265625 0.39609375 0.02734375 0.07109375
10 0.71640625 0.43671875 0.07109375 0.15625
6 0.640625 0.38203125 0.0296875 0.0703125
10 0.640625 0.421875 0.0765625 0.14921875
2 0.6515625 0.53046875 0.053125 0.05
3 0.58125 0.41171875 0.03359375 0.0703125
10 0.56875 0.44375 0.07421875 0.14296875
3 0.49296875 0.40390625 0.02890625 0.06171875
10 0.4859375 0.43125 0.07890625 0.12421875
3 0.6875 0.30625 0.021875 0.0546875
10 0.67890625 0.32734375 0.04609375 0.1046875
5 0.6765625 0.38046875 0.01328125 0.028125
3 0.64375 0.31875 0.02578125 0.0484375
10 0.571875 0.31796875 0.05078125 0.09375
3 0.58046875 0.30078125 0.0234375 0.05
0 0.575 0.35625 0.02421875 0.02890625
3 0.49765625 0.33203125 0.028125 0.06328125
1 0.50234375 0.34296875 0.06796875 0.0953125
9 0.45625 0.30546875 0.0328125 0.05546875
1 0.44453125 0.32421875 0.06484375 0.09140625
5 0.4265625 0.371875 0.0125 0.0265625
6 0.37734375 0.26171875 0.0296875 0.065625
10 0.38515625 0.30546875 0.05625 0.1484375
5 0.40234375 0.37734375 0.01171875 0.0234375
3 0.32578125 0.2859375 0.02734375 0.05625
10 0.32265625 0.3203125 0.06640625 0.12578125
0 0.31328125 0.371875 0.02109375 0.03125
6 0.25703125 0.27421875 0.02890625 0.05625
10 0.265625 0.31640625 0.05703125 0.14609375
3 0.2109375 0.3109375 0.025 0.04609375
1 0.21484375 0.3359375 0.053125 0.12421875
7 0.215625 0.35703125 0.0375 0.046875
3 0.8453125 0.38046875 0.02109375 0.0484375
10 0.834375 0.40390625 0.04765625 0.08671875
5 0.8390625 0.4515625 0.01328125 0.0234375
3 0.88828125 0.37890625 0.02109375 0.046875
10 0.87890625 0.40546875 0.03828125 0.1015625
6 0.15234375 0.22890625 0.01796875 0.04140625
10 0.15703125 0.25390625 0.046875 0.09296875
3 0.82109375 0.31796875 0.0203125 0.04609375
1 0.803125 0.33046875 0.0609375 0.08359375
0 0.81875 0.35859375 0.0171875 0.0265625
3 0.85234375 0.33359375 0.0203125 0.04453125
6 0.8234375 0.23359375 0.01875 0.046875
10 0.81640625 0.25390625 0.04296875 0.08515625
3 0.78359375 0.23046875 0.0171875 0.0390625
1 0.7765625 0.24921875 0.04453125 0.08125
6 0.6109375 0.19375 0.02265625 0.05
10 0.609375 0.21796875 0.0421875 0.1
2 0.61953125 0.28046875 0.03671875 0.03125
6 0.56875 0.1953125 0.02421875 0.0515625
10 0.5671875 0.2171875 0.046875 0.09140625
5 0.596875 0.278125 0.01171875 0.021875
3 0.51953125 0.2109375 0.021875 0.04375
1 0.51328125 0.22734375 0.05546875 0.0765625
3 0.45390625 0.209375 0.02265625 0.04453125
1 0.4546875 0.21796875 0.059375 0.078125
3 0.39609375 0.20390625 0.0234375 0.04453125
1 0.38828125 0.21875 0.059375 0.08671875
3 0.31328125 0.196875 0.02109375 0.04375
10 0.31015625 0.22109375 0.06015625 0.0890625
3 0.25703125 0.2140625 0.02265625 0.0390625
10 0.25703125 0.23046875 0.05390625 0.078125
3 0.1859375 0.184375 0.01796875 0.03984375
1 0.19140625 0.2015625 0.04453125 0.07578125
3 0.2984375 0.13515625 0.01796875 0.04296875
10 0.29765625 0.15234375 0.04765625 0.0765625
3 0.340625 0.13125 0.01796875 0.03828125
10 0.34296875 0.1515625 0.03828125 0.0765625
0 0.3375 0.18125 0.0203125 0.01796875
3 0.38515625 0.14375 0.01640625 0.03359375
1 0.38203125 0.15546875 0.05078125 0.05546875
3 0.446875 0.115625 0.01953125 0.0390625
10 0.44140625 0.13984375 0.04765625 0.0890625
3 0.51875 0.13046875 0.01953125 0.04296875
10 0.51640625 0.14609375 0.05859375 0.08046875
9 0.5734375 0.14375 0.01796875 0.03671875
10 0.571875 0.15546875 0.03671875 0.06484375
3 0.659375 0.16328125 0.0171875 0.0359375
1 0.6515625 0.17421875 0.04375 0.05703125
5 0.659375 0.2015625 0.0125 0.01953125
3 0.7625 0.171875 0.01484375 0.0359375
10 0.75546875 0.1890625 0.0328125 0.06953125
3 0.79453125 0.19375 0.01875 0.03671875
1 0.7875 0.2015625 0.03515625 0.053125
6 0.66953125 0.10625 0.01640625 0.0359375
10 0.66328125 0.12109375 0.040625 0.06328125
3 0.62109375 0.09453125 0.01796875 0.03828125
1 0.62109375 0.11328125 0.04375 0.06875
6 0.584375 0.08203125 0.01484375 0.03828125
10 0.5828125 0.096875 0.03671875 0.06875
3 0.54609375 0.0859375 0.01484375 0.03046875
1 0.54140625 0.09765625 0.03671875 0.05625
3 0.515625 0.09375 0.01640625 0.03125
1 0.5078125 0.10625 0.04609375 0.053125
3 0.459375 0.08203125 0.0171875 0.0359375
10 0.4625 0.0953125 0.0375 0.05546875
3 0.3796875 0.08125 0.01640625 0.03203125
10 0.3796875 0.09453125 0.04140625 0.065625
3 0.290625 0.096875 0.0171875 0.03515625
1 0.2875 0.109375 0.04140625 0.06171875
3 0.3296875 0.09453125 0.01796875 0.034375
1 0.3359375 0.10625 0.05 0.05625
3 0.19453125 0.15078125 0.015625 0.03359375
1 0.1953125 0.15390625 0.03515625 0.0453125
3 0.7625 0.1390625 0.0171875 0.03046875
1 0.75390625 0.14921875 0.03984375 0.0515625
3 0.7375 0.1 0.0140625 0.0296875
10 0.734375 0.11171875 0.03203125 0.05546875
3 0.71328125 0.06640625 0.01328125 0.02578125
10 0.70625 0.078125 0.0265625 0.0484375
3 0.68359375 0.0640625 0.0140625 0.0234375
10 0.675 0.06953125 0.02734375 0.04453125
1 0.66484375 0.08125 0.0171875 0.0265625
1 0.65625 0.0875 0.03515625 0.04375
6 0.6125 0.04921875 0.0140625 0.03046875
10 0.61015625 0.065625 0.03203125 0.06796875
6 0.50390625 0.04140625 0.015625 0.03046875
10 0.503125 0.05546875 0.03359375 0.0609375
3 0.46484375 0.04375 0.01328125 0.03359375
10 0.4625 0.05546875 0.0390625 0.05625
1 0.42890625 0.05703125 0.03203125 0.05
9 0.3875 0.046875 0.01796875 0.03125
1 0.39140625 0.06015625 0.0375 0.05703125
9 0.36328125 0.0546875 0.015625 0.02578125
1 0.3546875 0.06484375 0.0375 0.05
3 0.315625 0.05703125 0.01484375 0.03203125
10 0.3140625 0.0703125 0.03359375 0.05703125
3 0.253125 0.08125 0.01484375 0.02890625
1 0.26015625 0.08984375 0.0375 0.0484375
0 0.25 0.10859375 0.015625 0.01796875
6 0.328125 0.01875 0.01328125 0.02578125
10 0.3296875 0.03046875 0.02890625 0.05390625
6 0.42265625 0.015625 0.01484375 0.02578125
10 0.41875 0.0265625 0.0296875 0.04921875
3 0.45390625 0.02109375 0.015625 0.0265625
10 0.453125 0.03125 0.02578125 0.046875
3 0.49453125 0.0171875 0.01328125 0.02890625
10 0.4921875 0.02890625 0.028125 0.053125
3 0.51953125 0.03046875 0.01328125 0.02421875
10 0.521875 0.034375 0.0234375 0.03671875
3 0.55390625 0.03046875 0.01484375 0.028125
10 0.55 0.0390625 0.0328125 0.04375
3 0.5875 0.040625 0.01484375 0.0296875
1 0.5859375 0.0484375 0.03125 0.04453125
3 0.578125 0.0609375 0.01796875 0.03125
1 0.571875 0.06796875 0.03828125 0.05078125
1 0.796875 0.65625 0.10390625 0.11875
7 0.378125 0.378125 0.0265625 0.04296875
7 0.44765625 0.25703125 0.03984375 0.03515625
7 0.51953125 0.2609375 0.0375 0.03046875
1 0.63046875 0.3390625 0.06328125 0.09453125
7 0.26484375 0.36796875 0.0421875 0.03828125
2 0.32578125 0.38046875 0.04609375 0.040625
2 0.584375 0.37421875 0.04453125 0.04375
7 0.69609375 0.38203125 0.0328125 0.0484375
1 0.72578125 0.36875 0.05546875 0.08359375
7 0.72265625 0.528125 0.04921875 0.0609375
2 0.50625 0.49453125 0.03046875 0.053125
5 0.50625 0.9546875 0.02890625 0.0703125
2 0.96875 0.85703125 0.02890625 0.06640625
7 0.91953125 0.66796875 0.03515625 0.04375
2 0.2546875 0.1140625 0.02890625 0.01953125
2 0.18984375 0.234375 0.0296875 0.025
2 0.346875 0.1875 0.03203125 0.0234375
2 0.29140625 0.19375 0.02890625 0.02578125
7 0.321875 0.13125 0.02421875 0.021875
2 0.434375 0.18046875 0.0296875 0.025
2 0.4671875 0.125 0.01953125 0.0203125
8 0.42890625 0.05625 0.01484375 0.028125
2 0.525 0.05625 0.0140625 0.01640625
2 0.546875 0.13203125 0.0234375 0.01953125
2 0.6359375 0.14453125 0.015625 0.021875
2 0.678125 0.15546875 0.02265625 0.0203125
0 0.62578125 0.14140625 0.01171875 0.01875
2 0.5921875 0.14140625 0.02265625 0.01953125
1 0.60859375 0.16796875 0.0421875 0.05546875
2 0.5640625 0.2734375 0.03984375 0.02890625
5 0.490625 0.26015625 0.01171875 0.021875
0 0.31015625 0.25703125 0.021875 0.0203125
7 0.84375 0.453125 0.03125 0.0390625
2 0.8125 0.36796875 0.03046875 0.0234375
7 0.7609375 0.2171875 0.01875 0.02109375