3 0.0203125 0.56875 0.03359375 0.0703125
10 0.0421875 0.60546875 0.07890625 0.134375
5 0.02890625 0.6390625 0.0125 0.02109375
3 0.24453125 0.51953125 0.02890625 0.06875
10 0.2515625 0.56953125 0.06640625 0.16484375
2 0.23828125 0.665625 0.05859375 0.06875
3 0.31015625 0.51875 0.02890625 0.08125
10 0.31953125 0.57109375 0.06953125 0.18046875
2 0.31484375 0.6890625 0.0640625 0.06875
3 0.39375 0.5359375 0.0328125 0.06953125
10 0.3984375 0.57890625 0.07890625 0.159375
2 0.39375 0.68671875 0.06796875 0.06875
3 0.47578125 0.528125 0.03515625 0.06953125
10 0.48046875 0.57109375 0.08203125 0.171875
2 0.4890625 0.68125 0.06484375 0.07109375
3 0.58046875 0.53125 0.0328125 0.07109375
10 0.5796875 0.578125 0.071875 0.16171875
7 0.5890625 0.67890625 0.06953125 0.071875
6 0.83203125 0.61796875 0.03515625 0.07421875
3 0.98125 0.790625 0.02578125 0.065625
10 0.95546875 0.81328125 0.0765625 0.1359375
0 0.96640625 0.86328125 0.01640625 0.04453125
3 0.92578125 0.578125 0.02421875 0.0546875
10 0.90390625 0.60546875 0.06796875 0.11640625
0 0.92734375 0.659375 0.01640625 0.03046875
3 0.9609375 0.603125 0.02109375 0.04921875
10 0.95 0.63046875 0.0453125 0.10859375
6 0.76640625 0.42734375 0.02421875 0.06015625
10 0.76328125 0.47265625 0.05703125 0.15625
6 0.725 0.39375 0.02578125 0.06640625
10 0.715625 0.43515625 0.06953125 0.15546875
7 0.721875 0.52890625 0.0484375 0.05703125
6 0.646875 0.39296875 0.02890625 0.065625
10 0.6421875 0.43046875 0.06796875 0.13671875
2 0.653125 0.53046875 0.0546875 0.05
3 0.58203125 0.41328125 0.03359375 0.06875
10 0.56953125 0.44453125 0.078125 0.13984375
3 0.49375 0.40390625 0.02734375 0.06015625
10 0.4859375 0.43125 0.07578125 0.11953125
3 0.84765625 0.3765625 0.01875 0.053125
10 0.834375 0.4 0.04921875 0.1
0 0.8375 0.44609375 0.01796875 0.03046875
6 0.8875 0.378125 0.0203125 0.04609375
10 0.878125 0.40546875 0.040625 0.10703125
3 0.21015625 0.30703125 0.02578125 0.05390625
1 0.21328125 0.334375 0.05546875 0.12421875
3 0.2546875 0.284375 0.02890625 0.05625
10 0.26484375 0.31953125 0.0546875 0.13046875
3 0.3265625 0.2890625 0.02421875 0.05625
10 0.325 0.3234375 0.0640625 0.11875
0 0.31328125 0.3765625 0.01953125 0.025
6 0.3765625 0.2625 0.02890625 0.05859375
10 0.38515625 0.30546875 0.05546875 0.14609375
5 0.403125 0.378125 0.0109375 0.0234375
3 0.45625 0.30703125 0.03046875 0.05546875
1 0.44453125 0.33125 0.06328125 0.1046875
5 0.4265625 0.3734375 0.0125 0.03125
3 0.496875 0.3375 0.0265625 0.05625
1 0.5015625 0.34375 0.06953125 0.09140625
3 0.57890625 0.2984375 0.02265625 0.053125
10 0.56953125 0.31875 0.05234375 0.0890625
5 0.5734375 0.36640625 0.01953125 0.0140625
3 0.64453125 0.3171875 0.025 0.04921875
10 0.6296875 0.34296875 0.06328125 0.1015625
3 0.68828125 0.30625 0.02265625 0.05625
10 0.6796875 0.32890625 0.04765625 0.10703125
5 0.6765625 0.38125 0.01484375 0.03203125
3 0.81953125 0.31875 0.02109375 0.04296875
1 0.803125 0.321875 0.0578125 0.08125
3 0.853125 0.33125 0.0203125 0.0453125
10 0.8140625 0.25 0.0375 0.08125
3 0.81875 0.23046875 0.01796875 0.03984375
3 0.78359375 0.23046875 0.0171875 0.03203125
1 0.77734375 0.24375 0.04140625 0.0703125
1 0.61640625 0.19296875 0.02109375 0.04921875
10 0.609375 0.21796875 0.04453125 0.09921875
6 0.56953125 0.19375 0.02265625 0.046875
10 0.56640625 0.21796875 0.04921875 0.08984375
3 0.5203125 0.21171875 0.02109375 0.04140625
10 0.51328125 0.22734375 0.05859375 0.07890625
5 0.490625 0.259375 0.01171875 0.0234375
3 0.453125 0.20625 0.02265625 0.03984375
1 0.4546875 0.21796875 0.06015625 0.08828125
3 0.39375 0.20390625 0.02265625 0.04453125
1 0.38828125 0.21796875 0.059375 0.08046875
3 0.3125 0.19296875 0.02109375 0.04375
10 0.31171875 0.2203125 0.0578125 0.090625
3 0.25625 0.215625 0.02109375 0.03984375
10 0.25703125 0.23046875 0.05078125 0.07421875
3 0.15390625 0.2296875 0.01875 0.04296875
10 0.15625 0.253125 0.046875 0.08984375
3 0.79609375 0.19375 0.01953125 0.0359375
1 0.78828125 0.19921875 0.034375 0.05546875
3 0.76328125 0.1734375 0.01796875 0.034375
10 0.75703125 0.1890625 0.03828125 0.06875
3 0.659375 0.15546875 0.01640625 0.03125
1 0.6515625 0.16875 0.04375 0.05546875
5 0.659375 0.19296875 0.01328125 0.01953125
3 0.6171875 0.15546875 0.01796875 0.03125
1 0.6109375 0.16796875 0.04375 0.0546875
3 0.5734375 0.14453125 0.01796875 0.040625
10 0.56953125 0.15625 0.040625 0.06875
3 0.51953125 0.1359375 0.02109375 0.04375
10 0.51640625 0.15078125 0.05859375 0.08125
3 0.446875 0.11640625 0.01796875 0.040625
10 0.4421875 0.134375 0.05 0.08671875
3 0.3875 0.1453125 0.01953125 0.03671875
1 0.38125 0.15703125 0.04921875 0.059375
3 0.34296875 0.13125 0.0203125 0.04453125
10 0.34375 0.1515625 0.0390625 0.08046875
0 0.3375 0.18046875 0.01953125 0.0203125
6 0.2984375 0.13046875 0.01640625 0.03671875
10 0.2984375 0.15078125 0.04296875 0.07578125
3 0.18515625 0.18046875 0.01796875 0.03671875
3 0.19453125 0.153125 0.01328125 0.03046875
1 0.196875 0.15625 0.0390625 0.0453125
3 0.290625 0.0984375 0.01640625 0.03359375
10 0.28828125 0.109375 0.04140625 0.0609375
3 0.33046875 0.09375 0.01640625 0.0296875
1 0.33515625 0.10625 0.04609375 0.05625
3 0.38359375 0.0921875 0.0171875 0.03203125
1 0.37734375 0.1046875 0.0453125 0.059375
3 0.46171875 0.08046875 0.01484375 0.03125
10 0.4625 0.09296875 0.0390625 0.05625
1 0.515625 0.09375 0.01640625 0.03125
1 0.5078125 0.10390625 0.04765625 0.05703125
3 0.546875 0.08828125 0.01640625 0.03046875
10 0.5421875 0.09921875 0.03515625 0.05625
6 0.58515625 0.0796875 0.01484375 0.03515625
10 0.58359375 0.09375 0.0359375 0.071875
3 0.61953125 0.103125 0.01953125 0.034375
1 0.62265625 0.115625 0.046875 0.0609375
6 0.66875 0.1078125 0.0171875 0.0359375
10 0.66640625 0.11953125 0.03828125 0.059375
3 0.76015625 0.1453125 0.01796875 0.03515625
1 0.7515625 0.1515625 0.040625 0.04375
3 0.7375 0.10078125 0.0140625 0.03046875
10 0.73359375 0.1109375 0.03125 0.05
3 0.65703125 0.08203125 0.01484375 0.02890625
1 0.6484375 0.090625 0.03359375 0.04140625
6 0.61328125 0.04921875 0.015625 0.03046875
10 0.6109375 0.06640625 0.03359375 0.06328125
3 0.57578125 0.05625 0.01484375 0.03203125
10 0.56953125 0.06796875 0.02890625 0.053125
3 0.253125 0.08046875 0.0140625 0.02890625
1 0.259375 0.090625 0.0359375 0.05
3 0.315625 0.06171875 0.01640625 0.03359375
10 0.31484375 0.06953125 0.03671875 0.05546875
9 0.36328125 0.04609375 0.01640625 0.034375
10 0.35390625 0.05859375 0.03828125 0.0609375
3 0.3921875 0.04765625 0.015625 0.03046875
10 0.390625 0.05703125 0.04140625 0.059375
1 0.428125 0.0578125 0.03359375 0.04921875
3 0.46640625 0.04296875 0.015625 0.03046875
10 0.46328125 0.05625 0.0375 0.05625
3 0.50390625 0.040625 0.01640625 0.03125
10 0.50390625 0.0546875 0.03515625 0.059375
3 0.7125 0.06640625 0.0140625 0.025
10 0.70625 0.0765625 0.0265625 0.05
3 0.6828125 0.0640625 0.01484375 0.02421875
10 0.67578125 0.06875 0.03046875 0.040625
3 0.32578125 0.0265625 0.01484375 0.028125
10 0.32890625 0.034375 0.03125 0.0484375
3 0.421875 0.01875 0.0140625 0.02578125
10 0.41953125 0.0296875 0.02890625 0.0484375
3 0.45390625 0.0203125 0.01484375 0.02578125
10 0.453125 0.03046875 0.025 0.0453125
3 0.55625 0.02890625 0.01171875 0.02578125
10 0.55 0.03671875 0.03515625 0.04453125
3 0.5875 0.03671875 0.0140625 0.03125
1 0.584375 0.04609375 0.0328125 0.04375
3 0.5203125 0.03046875 0.01328125 0.02421875
3 0.49453125 0.01796875 0.01484375 0.0265625
2 0.9203125 0.67109375 0.03515625 0.04140625
1 0.80234375 0.65234375 0.0984375 0.14921875
7 0.378125 0.3765625 0.02890625 0.05
2 0.61953125 0.28125 0.03671875 0.02890625
1 0.19375 0.1984375 0.0453125 0.0703125
0 0.25 0.10859375 0.01328125 0.0140625
1 0.728125 0.3671875 0.0578125 0.08203125
2 0.325 0.38046875 0.04453125 0.0390625
0 0.81796875 0.36015625 0.0171875 0.0296875
2 0.18828125 0.23125 0.02890625 0.025
2 0.2546875 0.115625 0.02890625 0.01796875
2 0.290625 0.19375 0.0296875 0.02578125
2 0.34765625 0.1859375 0.028125 0.021875
8 0.428125 0.05703125 0.01484375 0.0265625
2 0.46640625 0.12421875 0.02109375 0.01953125
10 0.490625 0.02890625 0.02421875 0.0546875
2 0.52421875 0.05625 0.0140625 0.015625
2 0.546875 0.13125 0.0234375 0.0203125
10 0.52265625 0.034375 0.025 0.04375
7 0.64921875 0.10703125 0.02265625 0.0203125
2 0.67890625 0.15625 0.021875 0.01953125
0 0.62578125 0.140625 0.01171875 0.01875
2 0.6359375 0.14375 0.015625 0.021875
2 0.59140625 0.140625 0.02265625 0.01875
2 0.434375 0.18125 0.03046875 0.025
0 0.378125 0.12890625 0.0140625 0.01796875
0 0.31015625 0.25625 0.021875 0.021875
2 0.41328125 0.25546875 0.01875 0.034375
7 0.446875 0.25625 0.0390625 0.03359375
7 0.51875 0.2609375 0.0390625 0.03046875
2 0.56328125 0.2734375 0.0375 0.03125
5 0.596875 0.27890625 0.01171875 0.01953125
7 0.69453125 0.38125 0.03359375 0.04609375
2 0.5828125 0.37421875 0.04375 0.040625
7 0.265625 0.36796875 0.0421875 0.0390625
7 0.21484375 0.35546875 0.03671875 0.0484375
2 0.50703125 0.49609375 0.03046875 0.05625
5 0.50390625 0.9546875 0.028125 0.06875
2 0.96796875 0.85859375 0.0296875 0.065625
2 0.84453125 0.45390625 0.03359375 0.03828125
2 0.8125 0.36875 0.0296875 0.0203125
7 0.7609375 0.21640625 0.01953125 0.021875