10 0.13671875 0.34296875 0.04609375 0.08984375
2 0.121875 0.403125 0.02578125 0.0296875
10 0.1796875 0.23125 0.04453125 0.096875
10 0.14921875 0.23984375 0.0328125 0.078125
10 0.18828125 0.16484375 0.03046875 0.0515625
1 0.21875 0.16796875 0.0453125 0.05546875
10 0.24453125 0.1109375 0.03359375 0.05625
10 0.2109375 0.11796875 0.03359375 0.053125
1 0.27578125 0.06953125 0.04140625 0.04453125
1 0.278125 0.040625 0.03046875 0.040625
10 0.30859375 0.034375 0.0296875 0.05546875
1 0.35078125 0.11171875 0.04453125 0.06953125
10 0.43203125 0.04765625 0.03984375 0.0546875
1 0.43125 0.10390625 0.0484375 0.0546875
1 0.4796875 0.09296875 0.05390625 0.065625
10 0.4703125 0.04140625 0.03984375 0.059375
10 0.5109375 0.04296875 0.0375 0.05703125
10 0.55 0.04296875 0.03984375 0.0546875
10 0.5265625 0.090625 0.04375 0.07421875
10 0.565625 0.09296875 0.04140625 0.0640625
10 0.590625 0.03984375 0.03984375 0.0609375
1 0.6375 0.05546875 0.03984375 0.05
10 0.60703125 0.084375 0.03984375 0.08125
10 0.65390625 0.09375 0.04609375 0.08359375
1 0.703125 0.178125 0.05390625 0.075
10 0.65859375 0.1640625 0.0421875 0.0890625
10 0.61328125 0.14453125 0.03984375 0.08828125
10 0.575 0.15859375 0.0609375 0.08125
2 0.48203125 0.13125 0.01953125 0.0265625
10 0.50703125 0.153125 0.04609375 0.08828125
10 0.453125 0.15859375 0.0609375 0.09453125
10 0.39375 0.09453125 0.04453125 0.08046875
10 0.4 0.16875 0.0546875 0.0890625
1 0.35546875 0.171875 0.04765625 0.06953125
1 0.30859375 0.18125 0.04609375 0.0953125
1 0.265625 0.1921875 0.04765625 0.08203125
10 0.2390625 0.2734375 0.05625 0.13125
10 0.2890625 0.25546875 0.05234375 0.1
10 0.34765625 0.253125 0.06015625 0.10546875
1 0.4078125 0.24375 0.06640625 0.0953125
1 0.46796875 0.2546875 0.0578125 0.071875
10 0.53125 0.24296875 0.0734375 0.096875
10 0.6328125 0.25234375 0.06015625 0.11171875
10 0.696875 0.25546875 0.0578125 0.103125
10 0.75 0.271875 0.06015625 0.11875
2 0.6734375 0.30546875 0.028125 0.03515625
10 0.77890625 0.38046875 0.05703125 0.10703125
1 0.7203125 0.378125 0.06640625 0.103125
1 0.65390625 0.36875 0.06640625 0.12578125
10 0.58515625 0.33125 0.08515625 0.14375
8 0.73515625 0.39296875 0.03125 0.0640625
8 0.659375 0.38046875 0.03046875 0.05546875
5 0.64921875 0.43125 0.0203125 0.0359375
5 0.72890625 0.43671875 0.02265625 0.03046875
10 0.51171875 0.35546875 0.07421875 0.14453125
10 0.4546875 0.31953125 0.059375 0.15625
10 0.390625 0.33671875 0.07578125 0.14453125
1 0.3125 0.3734375 0.0859375 0.11875
1 0.253125 0.36796875 0.05703125 0.115625
10 0.2 0.390625 0.059375 0.11171875
1 0.1484375 0.55546875 0.07265625 0.08515625
10 0.21328125 0.53125 0.06484375 0.128125
1 0.27578125 0.54375 0.075 0.134375
10 0.35078125 0.53984375 0.08203125 0.16328125
10 0.43203125 0.5203125 0.08203125 0.14453125
10 0.6 0.5265625 0.10078125 0.15078125
1 0.68515625 0.540625 0.084375 0.14921875
10 0.75703125 0.553125 0.075 0.16328125
1 0.825 0.54375 0.07109375 0.15546875
10 0.66953125 0.73984375 0.109375 0.17578125
10 0.96640625 0.70234375 0.06640625 0.1046875
0 0.98984375 0.74375 0.0203125 0.03125
10 0.89765625 0.46796875 0.05703125 0.1359375
1 0.8609375 0.35546875 0.04921875 0.10390625
1 0.9015625 0.35625 0.03984375 0.10859375
10 0.82578125 0.253125 0.05078125 0.1046875
10 0.859375 0.25546875 0.03671875 0.071875
10 0.78828125 0.18046875 0.05 0.071875
5 0.7921875 0.22890625 0.01328125 0.01640625
10 0.83203125 0.19296875 0.0375 0.06796875
10 0.75703125 0.11796875 0.03828125 0.07890625
10 0.79765625 0.128125 0.03203125 0.06328125
1 0.77890625 0.09375 0.03046875 0.046875
1 0.73671875 0.0796875 0.02890625 0.04609375
10 0.7140625 0.03984375 0.03046875 0.0609375
1 0.7453125 0.05546875 0.02578125 0.03671875
2 0.38828125 0.428125 0.05078125 0.0484375
2 0.453125 0.40703125 0.0515625 0.04921875
2 0.23984375 0.44375 0.0296875 0.04375
5 0.5015625 0.20546875 0.01171875 0.021875
2 0.6625 0.2109375 0.04140625 0.03046875
5 0.58125 0.81875 0.03203125 0.05390625
5 0.93515625 0.57265625 0.0125 0.03046875
3 0.12578125 0.33046875 0.02109375 0.04453125
3 0.1453125 0.221875 0.01875 0.04453125
3 0.16875 0.20625 0.01796875 0.03984375
3 0.215625 0.16015625 0.01640625 0.04453125
3 0.1859375 0.15546875 0.01484375 0.03125
6 0.20703125 0.10859375 0.01484375 0.03125
3 0.23828125 0.096875 0.01484375 0.03125
3 0.27265625 0.0671875 0.015625 0.03203125
0 0.2703125 0.0890625 0.0125 0.015625
3 0.35390625 0.10078125 0.01875 0.03828125
3 0.39296875 0.08046875 0.02109375 0.04375
3 0.440625 0.09375 0.0203125 0.03828125
3 0.42890625 0.0375 0.01484375 0.03046875
3 0.46875 0.028125 0.01328125 0.03046875
2 0.434375 0.07421875 0.02890625 0.01953125
3 0.484375 0.08203125 0.02109375 0.0359375
3 0.51640625 0.03046875 0.01484375 0.03046875
7 0.51171875 0.06875 0.01953125 0.021875
3 0.53046875 0.0734375 0.0171875 0.04453125
0 0.52890625 0.1140625 0.021875 0.02109375
3 0.55546875 0.034375 0.01640625 0.03125
9 0.56328125 0.08046875 0.01953125 0.040625
2 0.56875 0.1296875 0.01953125 0.02578125
3 0.60859375 0.06796875 0.0171875 0.03984375
3 0.59453125 0.028125 0.01640625 0.03671875
3 0.65390625 0.0765625 0.01875 0.03984375
3 0.64140625 0.0484375 0.01796875 0.03125
3 0.71328125 0.1671875 0.02109375 0.04140625
0 0.70859375 0.20625 0.01953125 0.0234375
9 0.66015625 0.13984375 0.02421875 0.040625
3 0.609375 0.1296875 0.02265625 0.04453125
0 0.62109375 0.178125 0.01796875 0.021875
2 0.61875 0.1984375 0.02578125 0.03046875
0 0.575 0.19140625 0.01953125 0.01875
9 0.5875 0.14296875 0.0234375 0.0453125
3 0.509375 0.13125 0.02265625 0.05
2 0.51328125 0.20390625 0.02109375 0.028125
3 0.45 0.13671875 0.0234375 0.04453125
0 0.44765625 0.19375 0.025 0.02578125
3 0.40625 0.14609375 0.0234375 0.04375
0 0.38671875 0.19921875 0.01796875 0.03125
3 0.35234375 0.16796875 0.02109375 0.03984375
3 0.30546875 0.15546875 0.0203125 0.04453125
0 0.3015625 0.215625 0.01953125 0.02421875
3 0.26875 0.1734375 0.0203125 0.04375
3 0.23515625 0.240625 0.021875 0.05078125
0 0.22890625 0.32421875 0.02890625 0.03125
3 0.28046875 0.23046875 0.0234375 0.0515625
0 0.28046875 0.2921875 0.0203125 0.0265625
2 0.29609375 0.30625 0.0265625 0.034375
0 0.34296875 0.29296875 0.02265625 0.025
3 0.3484375 0.2296875 0.02421875 0.059375
3 0.4 0.23046875 0.02578125 0.05625
3 0.46640625 0.246875 0.02578125 0.05625
3 0.53203125 0.21875 0.02578125 0.05625
0 0.528125 0.28046875 0.01953125 0.03359375
3 0.634375 0.21796875 0.0234375 0.05078125
0 0.634375 0.29375 0.02734375 0.02578125
3 0.70078125 0.23046875 0.02421875 0.0484375
0 0.7 0.29296875 0.02578125 0.025
3 0.759375 0.24375 0.025 0.05546875
0 0.75703125 0.31796875 0.02421875 0.0265625
0 0.7796875 0.41953125 0.02109375 0.03046875
3 0.79140625 0.35546875 0.02734375 0.0515625
3 0.59375 0.29296875 0.0296875 0.05859375
5 0.59375 0.41171875 0.01796875 0.03046875
2 0.5765625 0.41640625 0.03359375 0.05
9 0.496875 0.31796875 0.03359375 0.0640625
5 0.48828125 0.43046875 0.01640625 0.03125
7 0.5171875 0.41796875 0.04921875 0.0515625
6 0.45 0.2765625 0.0265625 0.059375
9 0.40078125 0.29921875 0.034375 0.06875
3 0.3 0.34453125 0.0328125 0.06015625
0 0.30703125 0.41328125 0.03359375 0.03125
3 0.246875 0.34921875 0.02578125 0.05625
0 0.25234375 0.4140625 0.0359375 0.02890625
3 0.19296875 0.37578125 0.0265625 0.05625
0 0.18828125 0.428125 0.021875 0.034375
9 0.128125 0.559375 0.03203125 0.05546875
5 0.13828125 0.60546875 0.01484375 0.03515625
2 0.14375 0.61875 0.04609375 0.05390625
3 0.19609375 0.51015625 0.02734375 0.05703125
0 0.20078125 0.59140625 0.03125 0.04609375
3 0.278125 0.5125 0.0328125 0.06953125
0 0.271875 0.60546875 0.0265625 0.0515625
3 0.34453125 0.49375 0.03125 0.0703125
0 0.35 0.60546875 0.03203125 0.03125
3 0.425 0.49296875 0.0328125 0.0859375
0 0.42578125 0.58046875 0.028125 0.03203125
3 0.6 0.50625 0.03828125 0.07890625
0 0.59140625 0.58125 0.028125 0.0359375
0 0.67265625 0.60390625 0.02578125 0.06328125
2 0.6984375 0.61875 0.053125 0.06640625
3 0.6984375 0.54296875 0.04140625 0.07421875
3 0.76875 0.50625 0.03046875 0.07109375
3 0.8359375 0.53359375 0.034375 0.06875
0 0.83125 0.60546875 0.02265625 0.0296875
6 0.678125 0.69453125 0.03671875 0.0890625
7 0.70703125 0.83984375 0.07265625 0.1
3 0.91328125 0.43125 0.021875 0.05859375
7 0.92734375 0.53515625 0.0328125 0.05546875
3 0.87265625 0.33125 0.02421875 0.04921875
3 0.909375 0.33046875 0.01796875 0.05
6 0.83203125 0.22734375 0.02109375 0.04921875
3 0.86875 0.24375 0.01953125 0.04296875
3 0.803125 0.16640625 0.0203125 0.04140625
3 0.84140625 0.18046875 0.01796875 0.040625
3 0.7640625 0.09453125 0.01796875 0.0359375
3 0.803125 0.11640625 0.015625 0.03828125
3 0.78203125 0.09296875 0.01796875 0.034375
3 0.71875 0.02421875 0.01484375 0.03046875
2 0.76953125 0.15546875 0.02265625 0.02421875
2 0.48046875 0.94375 0.0859375 0.11015625
2 0.5375 0.93671875 0.06796875 0.1265625