3 0.02109375 0.58046875 0.02578125 0.059375
3 0.04140625 0.60546875 0.06640625 0.13671875
5 0.12421875 0.31640625 0.01328125 0.01796875
2 0.11796875 0.31796875 0.0265625 0.025
3 0.15078125 0.221875 0.01953125 0.04453125
10 0.16015625 0.24375 0.040625 0.09296875
2 0.1921875 0.23046875 0.03359375 0.02578125
3 0.1921875 0.13046875 0.01484375 0.03515625
3 0.2546875 0.08046875 0.01796875 0.03125
2 0.2546875 0.109375 0.028125 0.01953125
1 0.26015625 0.0890625 0.03515625 0.0484375
10 0.32890625 0.034375 0.03046875 0.04453125
10 0.31484375 0.06875 0.03671875 0.05546875
10 0.2875 0.10546875 0.04296875 0.06328125
10 0.340625 0.09375 0.0359375 0.05625
10 0.353125 0.0609375 0.0359375 0.05625
10 0.37734375 0.10390625 0.04296875 0.059375
10 0.390625 0.05703125 0.0390625 0.05546875
10 0.41953125 0.02890625 0.03359375 0.05546875
10 0.45078125 0.0296875 0.028125 0.05390625
1 0.428125 0.05625 0.03515625 0.053125
10 0.46328125 0.0546875 0.03828125 0.05703125
10 0.4609375 0.084375 0.04296875 0.06875
10 0.4875 0.02734375 0.0296875 0.053125
10 0.5 0.05546875 0.03671875 0.05546875
10 0.51953125 0.028125 0.03046875 0.05390625
10 0.50390625 0.096875 0.04296875 0.06953125
10 0.540625 0.09296875 0.0390625 0.05625
10 0.55 0.03984375 0.03359375 0.0484375
10 0.56875 0.06796875 0.03515625 0.06796875
1 0.5875 0.04296875 0.0234375 0.04375
10 0.58359375 0.09375 0.03671875 0.06953125
10 0.61328125 0.06875 0.03359375 0.05703125
1 0.621875 0.115625 0.04609375 0.059375
1 0.665625 0.13046875 0.04140625 0.05
10 0.65 0.08046875 0.03046875 0.04453125
10 0.65390625 0.171875 0.04921875 0.06953125
10 0.6109375 0.16875 0.04296875 0.06953125
10 0.5640625 0.16484375 0.05 0.0890625
1 0.5125 0.16015625 0.0609375 0.05546875
1 0.440625 0.15625 0.0640625 0.07890625
10 0.38515625 0.15625 0.03828125 0.05625
10 0.3453125 0.153125 0.04375 0.08046875
10 0.296875 0.1484375 0.04453125 0.08125
1 0.25390625 0.24140625 0.06171875 0.0734375
10 0.3140625 0.21015625 0.053125 0.09453125
1 0.38828125 0.21796875 0.06875 0.084375
1 0.453125 0.215625 0.06015625 0.08046875
10 0.50390625 0.21796875 0.04921875 0.0734375
10 0.56796875 0.22578125 0.0484375 0.1
10 0.60625 0.23125 0.04140625 0.08203125
2 0.51953125 0.25859375 0.03828125 0.03125
2 0.55625 0.27109375 0.0234375 0.03046875
7 0.58203125 0.271875 0.03828125 0.03046875
2 0.62109375 0.28046875 0.0390625 0.03046875
5 0.6 0.28046875 0.01171875 0.0203125
1 0.73046875 0.3640625 0.0546875 0.08828125
10 0.68125 0.33046875 0.0484375 0.10390625
1 0.634375 0.33359375 0.06015625 0.08125
10 0.575 0.3234375 0.05859375 0.08125
2 0.584375 0.371875 0.0453125 0.04375
1 0.5015625 0.34296875 0.06875 0.09375
10 0.44140625 0.30390625 0.06640625 0.1203125
10 0.38984375 0.30078125 0.05859375 0.1109375
2 0.378125 0.38125 0.02890625 0.03984375
10 0.32578125 0.31796875 0.05859375 0.14375
2 0.32421875 0.38046875 0.0484375 0.040625
10 0.2734375 0.29296875 0.06015625 0.13046875
7 0.26484375 0.36171875 0.0421875 0.04375
1 0.21640625 0.328125 0.06015625 0.10390625
3 0.21015625 0.31640625 0.02578125 0.04921875
7 0.21328125 0.36796875 0.03828125 0.03984375
10 0.48671875 0.41875 0.0703125 0.1203125
2 0.4859375 0.49375 0.053125 0.05390625
10 0.57109375 0.44375 0.0703125 0.1203125
2 0.59375 0.51875 0.03671875 0.0515625
10 0.63828125 0.43046875 0.06953125 0.13515625
2 0.65390625 0.53125 0.05390625 0.05625
10 0.7046875 0.45546875 0.07109375 0.11875
7 0.72265625 0.528125 0.04765625 0.059375
10 0.76328125 0.46875 0.05546875 0.15
1 0.7921875 0.64453125 0.08828125 0.1296875
7 0.81015625 0.696875 0.04921875 0.05625
10 0.56640625 0.59375 0.07265625 0.190625
7 0.58203125 0.68046875 0.07109375 0.08515625
10 0.47578125 0.58828125 0.071875 0.15
2 0.48515625 0.68046875 0.06640625 0.0703125
10 0.4 0.5796875 0.07421875 0.15
2 0.39375 0.68046875 0.0640625 0.06875
10 0.321875 0.56875 0.07109375 0.1796875
2 0.31328125 0.68359375 0.06328125 0.06875
10 0.25234375 0.56640625 0.0703125 0.1734375
2 0.23671875 0.665625 0.06015625 0.065625
5 0.50390625 0.953125 0.02734375 0.065625
10 0.95625 0.80625 0.0796875 0.1234375
2 0.96640625 0.85546875 0.03359375 0.06484375
3 0.98046875 0.79296875 0.03203125 0.06171875
10 0.89453125 0.59296875 0.07578125 0.09375
10 0.94453125 0.615625 0.04921875 0.11796875
2 0.91796875 0.6640625 0.0359375 0.05078125
2 0.9546875 0.65546875 0.03125 0.04453125
5 0.925 0.65234375 0.0140625 0.034375
10 0.83203125 0.403125 0.05078125 0.10703125
10 0.87890625 0.40625 0.04140625 0.103125
10 0.8 0.31796875 0.05703125 0.09140625
1 0.846875 0.33203125 0.0484375 0.05546875
10 0.77890625 0.24296875 0.040625 0.065625
10 0.8140625 0.25546875 0.03984375 0.06875
10 0.75625 0.18203125 0.0390625 0.06875
10 0.78515625 0.20078125 0.02890625 0.05078125
1 0.75390625 0.15390625 0.04453125 0.0453125
10 0.73359375 0.10546875 0.0328125 0.05546875
10 0.709375 0.078125 0.0234375 0.046875
10 0.6859375 0.06953125 0.03046875 0.04453125
3 0.95703125 0.58125 0.02265625 0.05078125
10 0.19765625 0.14375 0.04296875 0.06875
3 0.18125 0.20390625 0.01796875 0.03984375
1 0.19453125 0.20625 0.046875 0.05078125
0 0.19453125 0.16875 0.01484375 0.01640625
2 0.5234375 0.05625 0.01796875 0.0140625
2 0.4625 0.121875 0.02890625 0.01875
2 0.546875 0.13125 0.0234375 0.01953125
2 0.590625 0.140625 0.02109375 0.01875
5 0.628125 0.14140625 0.0109375 0.01484375
2 0.6375 0.14296875 0.0140625 0.02109375
5 0.66875 0.153125 0.00859375 0.0109375
2 0.68046875 0.15546875 0.0171875 0.0203125
7 0.76171875 0.2171875 0.01796875 0.02109375
0 0.25 0.1109375 0.01171875 0.00625
0 0.81640625 0.35546875 0.02109375 0.02578125
5 0.8546875 0.36875 0.01328125 0.021875
3 0.92265625 0.571875 0.02109375 0.05625
7 0.4375 0.18046875 0.03515625 0.028125
0 0.9640625 0.85625 0.01875 0.03671875
0 0.178125 0.23046875 0.01328125 0.028125
3 0.375 0.028125 0.0140625 0.0296875
3 0.84140625 0.37578125 0.02109375 0.05078125
3 0.8875 0.38828125 0.01953125 0.05
0 0.840625 0.44296875 0.02109375 0.02109375
3 0.859375 0.334375 0.01953125 0.04375
3 0.81640625 0.309375 0.02421875 0.04375
2 0.8125 0.36796875 0.03125 0.02109375
3 0.82265625 0.2421875 0.01953125 0.04140625
3 0.78515625 0.23046875 0.01875 0.0390625
3 0.79140625 0.19375 0.01640625 0.03671875
3 0.7609375 0.16875 0.01796875 0.03671875
3 0.7375 0.09453125 0.0140625 0.03046875
0 0.7375 0.13046875 0.01328125 0.01640625
3 0.71015625 0.0671875 0.01484375 0.0265625
3 0.69140625 0.06640625 0.01328125 0.02890625
0 0.6890625 0.09375 0.0125 0.01484375
3 0.32578125 0.028125 0.01484375 0.02890625
3 0.315625 0.05546875 0.015625 0.03125
3 0.290625 0.09296875 0.01640625 0.034375
3 0.3375 0.0859375 0.01640625 0.03125
2 0.3171875 0.13125 0.01875 0.02109375
3 0.353125 0.05546875 0.0171875 0.03203125
3 0.38515625 0.0484375 0.015625 0.03046875
3 0.38125 0.09375 0.0171875 0.03359375
0 0.37734375 0.121875 0.01484375 0.01875
6 0.421875 0.01328125 0.0140625 0.02421875
3 0.425 0.04609375 0.0171875 0.03046875
3 0.45078125 0.01796875 0.0125 0.02890625
3 0.465625 0.04296875 0.0140625 0.03125
3 0.4890625 0.0140625 0.01328125 0.02578125
3 0.50234375 0.04296875 0.01640625 0.03359375
3 0.459375 0.06875 0.0171875 0.03671875
3 0.51953125 0.01640625 0.01484375 0.0265625
3 0.5109375 0.08671875 0.01640625 0.03125
0 0.50703125 0.12421875 0.01796875 0.01953125
2 0.51640625 0.13046875 0.02890625 0.01640625
3 0.54375 0.08671875 0.01484375 0.03046875
3 0.5546875 0.03125 0.01328125 0.02890625
3 0.584375 0.04296875 0.0140625 0.03046875
6 0.57109375 0.0484375 0.01484375 0.03046875
6 0.58671875 0.08046875 0.0171875 0.03515625
3 0.62109375 0.05859375 0.0171875 0.03125
3 0.62890625 0.10546875 0.01796875 0.03359375
3 0.65234375 0.08046875 0.01484375 0.03125
3 0.6734375 0.121875 0.01953125 0.03125
3 0.659375 0.16015625 0.01875 0.03125
0 0.65625 0.1984375 0.01875 0.01875
0 0.615625 0.15546875 0.01953125 0.0390625
3 0.61328125 0.2109375 0.02265625 0.04453125
3 0.5734375 0.1984375 0.02265625 0.04453125
3 0.57421875 0.14375 0.01953125 0.04609375
3 0.50625 0.209375 0.021875 0.04375
3 0.5171875 0.15625 0.021875 0.04140625
0 0.49375 0.25546875 0.0171875 0.03203125
3 0.43515625 0.13671875 0.02109375 0.04453125
3 0.45 0.2109375 0.0234375 0.04453125
3 0.39140625 0.215625 0.02421875 0.046875
3 0.38828125 0.146875 0.01875 0.03046875
3 0.34140625 0.13203125 0.01875 0.04453125
0 0.3375 0.18125 0.02265625 0.01953125
2 0.346875 0.1859375 0.0328125 0.01875
5 0.2984375 0.18984375 0.01015625 0.01484375
2 0.29140625 0.19296875 0.03125 0.025
6 0.3 0.13125 0.01796875 0.03828125
3 0.2515625 0.228125 0.02421875 0.04296875
0 0.24765625 0.26875 0.01875 0.02578125
3 0.31640625 0.19375 0.021875 0.0484375
5 0.3140625 0.25546875 0.01796875 0.01484375
3 0.26796875 0.259375 0.0265625 0.05625
3 0.32734375 0.278125 0.0265625 0.06015625
0 0.31484375 0.36875 0.0234375 0.03046875
3 0.39140625 0.27109375 0.02890625 0.05625
9 0.4390625 0.2765625 0.03359375 0.06171875
2 0.4421875 0.37265625 0.02734375 0.04375
3 0.496875 0.3359375 0.0265625 0.05625
3 0.58125 0.30625 0.0234375 0.0515625
0 0.57265625 0.35625 0.02421875 0.03203125
3 0.640625 0.31953125 0.02421875 0.05
3 0.68828125 0.30546875 0.02421875 0.05
7 0.68515625 0.37421875 0.02578125 0.03046875
3 0.734375 0.35625 0.02421875 0.053125
5 0.728125 0.39375 0.0140625 0.02578125
6 0.76328125 0.428125 0.02421875 0.06484375
3 0.721875 0.434375 0.0328125 0.06875
3 0.64375 0.3953125 0.0296875 0.0609375
3 0.57578125 0.41875 0.034375 0.06875
3 0.48203125 0.39140625 0.02734375 0.06328125
3 0.24375 0.51328125 0.03046875 0.06875
6 0.3125 0.51640625 0.03515625 0.078125
3 0.39765625 0.54296875 0.034375 0.071875
3 0.46640625 0.5515625 0.03515625 0.07421875
6 0.56953125 0.54296875 0.03515625 0.0859375
3 0.815625 0.6390625 0.03359375 0.075