3 0.01953125 0.58046875 0.02578125 0.059375
3 0.03828125 0.60546875 0.06640625 0.13671875
5 0.12421875 0.31640625 0.01328125 0.01796875
2 0.11796875 0.31796875 0.0265625 0.025
3 0.15078125 0.221875 0.01953125 0.04375
10 0.1609375 0.24375 0.040625 0.0890625
2 0.1921875 0.23046875 0.03359375 0.02578125
3 0.196875 0.13046875 0.0140625 0.03515625
3 0.2515625 0.0796875 0.01796875 0.03125
2 0.2546875 0.11171875 0.028125 0.01875
1 0.26015625 0.0890625 0.03515625 0.0484375
10 0.32890625 0.034375 0.03046875 0.04375
10 0.315625 0.06875 0.03671875 0.05546875
10 0.28828125 0.10546875 0.04296875 0.0609375
10 0.33828125 0.09296875 0.03828125 0.06015625
10 0.353125 0.0609375 0.03359375 0.05625
10 0.378125 0.10390625 0.04296875 0.059375
10 0.38984375 0.05859375 0.0390625 0.05546875
10 0.41953125 0.02890625 0.03359375 0.05546875
10 0.45078125 0.0296875 0.028125 0.05390625
1 0.428125 0.05625 0.03515625 0.053125
10 0.46328125 0.0546875 0.03828125 0.05703125
10 0.4609375 0.08125 0.04296875 0.06875
10 0.4875 0.02734375 0.0296875 0.053125
10 0.5015625 0.05546875 0.03515625 0.06015625
10 0.51953125 0.03125 0.028125 0.0390625
1 0.50390625 0.10546875 0.04296875 0.05703125
10 0.540625 0.09296875 0.0390625 0.05625
10 0.55 0.03984375 0.03359375 0.0484375
10 0.56875 0.0671875 0.03515625 0.06796875
1 0.5875 0.04375 0.0234375 0.04375
10 0.58125 0.09296875 0.04140625 0.06953125
10 0.61328125 0.06875 0.03359375 0.05703125
1 0.621875 0.115625 0.04609375 0.059375
1 0.665625 0.13046875 0.04140625 0.05
10 0.65 0.08046875 0.03046875 0.04453125
10 0.653125 0.178125 0.04765625 0.06953125
10 0.61015625 0.17109375 0.04296875 0.06953125
10 0.5640625 0.16484375 0.05 0.0890625
1 0.5109375 0.159375 0.06015625 0.05625
1 0.43984375 0.15546875 0.06484375 0.07578125
10 0.38515625 0.15625 0.03828125 0.05625
10 0.3484375 0.14375 0.03828125 0.07578125
10 0.2984375 0.15546875 0.04765625 0.07578125
1 0.25390625 0.24140625 0.06171875 0.0734375
10 0.3140625 0.2109375 0.053125 0.09375
1 0.38828125 0.21875 0.06796875 0.08125
1 0.45390625 0.209375 0.06015625 0.08046875
10 0.50703125 0.21953125 0.04921875 0.08046875
10 0.56796875 0.22578125 0.0484375 0.1
10 0.60703125 0.21875 0.040625 0.09296875
2 0.51953125 0.25625 0.03828125 0.03125
2 0.55625 0.271875 0.0234375 0.03125
7 0.58359375 0.271875 0.03984375 0.03125
2 0.615625 0.2796875 0.03046875 0.02578125
5 0.6 0.28046875 0.01171875 0.0203125
1 0.73046875 0.3640625 0.0546875 0.08828125
10 0.68125 0.33046875 0.0484375 0.10390625
10 0.6328125 0.31796875 0.06171875 0.10859375
10 0.575 0.31875 0.0578125 0.08046875
2 0.58359375 0.3734375 0.0453125 0.04453125
1 0.5015625 0.34296875 0.06875 0.09375
10 0.44453125 0.30546875 0.06171875 0.13671875
10 0.38828125 0.29375 0.059375 0.11953125
2 0.378125 0.38125 0.02890625 0.03984375
10 0.328125 0.3140625 0.0578125 0.15
2 0.32421875 0.38046875 0.0484375 0.040625
10 0.278125 0.29375 0.0609375 0.13359375
2 0.265625 0.365625 0.0421875 0.0390625
1 0.21640625 0.328125 0.06015625 0.10390625
3 0.21015625 0.31640625 0.02578125 0.04921875
7 0.21328125 0.36796875 0.03828125 0.03984375
10 0.4875 0.415625 0.0703125 0.12578125
2 0.4859375 0.49375 0.053125 0.05390625
10 0.571875 0.44296875 0.06875 0.11953125
2 0.5859375 0.51796875 0.053125 0.0546875
10 0.63671875 0.41796875 0.07421875 0.16015625
2 0.65390625 0.53046875 0.05234375 0.05390625
10 0.7046875 0.45625 0.06953125 0.1234375
7 0.72265625 0.528125 0.04765625 0.059375
10 0.76328125 0.46875 0.05546875 0.15
10 0.78828125 0.59375 0.07890625 0.178125
7 0.809375 0.69296875 0.0515625 0.06953125
10 0.56953125 0.60546875 0.07734375 0.18125
7 0.58203125 0.68046875 0.07109375 0.08515625
10 0.475 0.58046875 0.0734375 0.15546875
2 0.48515625 0.68046875 0.06640625 0.0703125
10 0.3984375 0.56875 0.075 0.171875
2 0.39375 0.68046875 0.0640625 0.06875
10 0.31953125 0.56640625 0.07109375 0.18359375
2 0.31328125 0.68203125 0.06328125 0.06875
10 0.25234375 0.56640625 0.0703125 0.1734375
2 0.23671875 0.665625 0.06015625 0.065625
5 0.50390625 0.953125 0.02734375 0.065625
10 0.95625 0.80625 0.0796875 0.1234375
2 0.96796875 0.859375 0.03046875 0.065625
3 0.98046875 0.79296875 0.03203125 0.06171875
10 0.89453125 0.59296875 0.07578125 0.09375
10 0.94609375 0.609375 0.04765625 0.13125
2 0.91796875 0.6640625 0.0359375 0.05078125
7 0.9546875 0.65546875 0.03125 0.04453125
5 0.925 0.65234375 0.0140625 0.034375
10 0.83203125 0.40546875 0.05078125 0.11171875
10 0.87890625 0.40625 0.04140625 0.103125
10 0.80234375 0.31796875 0.05703125 0.09140625
1 0.846875 0.33359375 0.0484375 0.05546875
10 0.7765625 0.24375 0.04453125 0.08125
10 0.81328125 0.25234375 0.03828125 0.075
10 0.75625 0.18125 0.0390625 0.06875
10 0.7859375 0.19375 0.02890625 0.04375
1 0.75390625 0.15390625 0.04453125 0.0453125
10 0.734375 0.10546875 0.0328125 0.05546875
10 0.709375 0.078125 0.0234375 0.046875
10 0.68515625 0.06875 0.03203125 0.04453125
6 0.9546875 0.57734375 0.01953125 0.05859375
10 0.196875 0.14375 0.03828125 0.06875
3 0.18125 0.19453125 0.01796875 0.04375
1 0.19453125 0.20625 0.046875 0.05078125
0 0.19453125 0.16875 0.01484375 0.01640625
2 0.5234375 0.05625 0.01796875 0.0140625
2 0.4625 0.121875 0.02890625 0.01953125
2 0.546875 0.13125 0.0234375 0.01953125
2 0.5921875 0.140625 0.02109375 0.01875
5 0.628125 0.14140625 0.01015625 0.015625
2 0.63671875 0.14296875 0.0140625 0.02109375
5 0.66953125 0.153125 0.00703125 0.0109375
2 0.68046875 0.15625 0.0171875 0.02109375
7 0.76171875 0.2171875 0.01796875 0.02109375
0 0.25078125 0.11015625 0.01171875 0.00546875
0 0.81640625 0.35625 0.02109375 0.0265625
0 0.8546875 0.36796875 0.015625 0.02890625
3 0.92265625 0.57109375 0.02109375 0.05625
7 0.4375 0.18046875 0.03515625 0.028125
0 0.9640625 0.85546875 0.01875 0.03671875
0 0.178125 0.23046875 0.01328125 0.028125
3 0.3765625 0.02265625 0.01484375 0.03046875
3 0.846875 0.378125 0.02109375 0.05
3 0.88671875 0.38515625 0.02109375 0.04453125
0 0.84140625 0.44375 0.02421875 0.02578125
2 0.81328125 0.36796875 0.03046875 0.0234375
3 0.859375 0.33359375 0.02109375 0.04453125
3 0.81640625 0.309375 0.02421875 0.04453125
3 0.821875 0.23359375 0.01953125 0.04453125
3 0.7875 0.22109375 0.01796875 0.04375
3 0.79140625 0.19296875 0.01640625 0.0359375
3 0.7609375 0.16875 0.01640625 0.03671875
3 0.7375 0.09609375 0.01328125 0.03046875
0 0.73828125 0.13125 0.01484375 0.015625
3 0.7109375 0.0671875 0.0125 0.025
3 0.69140625 0.06640625 0.0125 0.0265625
0 0.68984375 0.09375 0.01328125 0.01484375
3 0.3265625 0.02890625 0.01328125 0.02890625
3 0.31484375 0.05625 0.01484375 0.02890625
3 0.28828125 0.09296875 0.015625 0.034375
3 0.3359375 0.08125 0.01640625 0.034375
2 0.31796875 0.13046875 0.0171875 0.01875
3 0.35390625 0.05546875 0.015625 0.03359375
3 0.3859375 0.0484375 0.01640625 0.03046875
3 0.38125 0.09375 0.01953125 0.03359375
0 0.378125 0.1234375 0.01640625 0.01875
6 0.41953125 0.015625 0.015625 0.0265625
3 0.42578125 0.04375 0.01796875 0.028125
3 0.4515625 0.01875 0.01328125 0.0296875
3 0.459375 0.06875 0.01796875 0.03515625
3 0.465625 0.04296875 0.01640625 0.03046875
3 0.4890625 0.0140625 0.01484375 0.02578125
3 0.5015625 0.04140625 0.01640625 0.03359375
3 0.5140625 0.09296875 0.01796875 0.03046875
0 0.50625 0.12734375 0.01640625 0.015625
2 0.515625 0.13046875 0.0296875 0.01640625
3 0.52109375 0.03125 0.01328125 0.025
3 0.54453125 0.08671875 0.01484375 0.03046875
3 0.55546875 0.03046875 0.0140625 0.028125
6 0.56953125 0.0484375 0.015625 0.03046875
6 0.5796875 0.08046875 0.01484375 0.0390625
3 0.58515625 0.04296875 0.01328125 0.02890625
3 0.62578125 0.10546875 0.01640625 0.03515625
3 0.6203125 0.05703125 0.01640625 0.03125
3 0.6515625 0.07734375 0.01484375 0.02890625
3 0.67265625 0.12109375 0.01796875 0.03046875
3 0.659375 0.15703125 0.01875 0.03828125
0 0.65703125 0.20390625 0.01796875 0.01875
3 0.61640625 0.15625 0.01796875 0.03828125
3 0.57421875 0.14296875 0.01796875 0.0453125
3 0.51875 0.15546875 0.02109375 0.04296875
3 0.43671875 0.1375 0.01953125 0.04375
3 0.38515625 0.1515625 0.01875 0.0359375
3 0.3453125 0.13046875 0.01953125 0.04296875
5 0.34140625 0.18046875 0.015625 0.0109375
2 0.346875 0.1859375 0.0328125 0.01953125
3 0.3 0.140625 0.01796875 0.040625
7 0.29140625 0.19296875 0.03046875 0.0265625
3 0.25078125 0.22890625 0.02109375 0.04375
3 0.31640625 0.19453125 0.02265625 0.04375
3 0.39296875 0.21484375 0.0234375 0.0484375
3 0.45078125 0.21015625 0.02421875 0.04453125
3 0.51015625 0.20625 0.02109375 0.03984375
0 0.49375 0.25625 0.0171875 0.02890625
3 0.575 0.19609375 0.02109375 0.04375
3 0.60703125 0.1984375 0.021875 0.04375
3 0.73515625 0.35625 0.02109375 0.05078125
5 0.728125 0.39296875 0.01328125 0.025
7 0.6875 0.3734375 0.0265625 0.03046875
3 0.6890625 0.30546875 0.02421875 0.0484375
3 0.63828125 0.29296875 0.02265625 0.0484375
3 0.58203125 0.30625 0.02265625 0.046875
0 0.57265625 0.35546875 0.02421875 0.028125
3 0.49453125 0.33125 0.02734375 0.0546875
9 0.43203125 0.26875 0.03515625 0.06328125
7 0.4421875 0.36796875 0.02578125 0.0453125
7 0.4609375 0.38125 0.01640625 0.02890625
3 0.3953125 0.26796875 0.02734375 0.053125
0 0.3140625 0.36875 0.02265625 0.0296875
6 0.33046875 0.26875 0.02421875 0.05546875
6 0.26640625 0.25625 0.02578125 0.05859375
3 0.484375 0.38125 0.02890625 0.06328125
3 0.5796875 0.41875 0.03515625 0.06875
3 0.64140625 0.3734375 0.02734375 0.06875
3 0.721875 0.43046875 0.03203125 0.0703125
6 0.76328125 0.428125 0.02734375 0.06484375
3 0.809375 0.54375 0.03046875 0.07578125
3 0.571875 0.55390625 0.0328125 0.06953125
3 0.46640625 0.54296875 0.03359375 0.075
3 0.396875 0.51875 0.0328125 0.0703125
3 0.3125 0.51796875 0.03125 0.0765625
3 0.24375 0.515625 0.0328125 0.065625
0 0.246875 0.26875 0.01953125 0.03125