3 0.0234375 0.55390625 0.02578125 0.05859375
10 0.0421875 0.59375 0.06640625 0.15
10 0.1234375 0.315625 0.0125 0.01640625
2 0.1171875 0.31796875 0.02421875 0.0234375
3 0.14765625 0.24375 0.01953125 0.040625
10 0.15625 0.25546875 0.04921875 0.08125
3 0.15625 0.20390625 0.01640625 0.034375
3 0.18359375 0.19296875 0.01640625 0.0359375
3 0.159375 0.20703125 0.03046875 0.05546875
0 0.178125 0.23046875 0.0109375 0.02578125
1 0.19453125 0.2046875 0.04453125 0.059375
0 0.1921875 0.16875 0.0125 0.01953125
3 0.19765625 0.13046875 0.01484375 0.03515625
10 0.196875 0.14296875 0.0359375 0.06953125
2 0.19296875 0.23046875 0.03203125 0.02578125
5 0.25078125 0.1109375 0.0125 0.00703125
2 0.2546875 0.11484375 0.02890625 0.01640625
3 0.2484375 0.08046875 0.01875 0.03046875
1 0.259375 0.08203125 0.0390625 0.04453125
3 0.31953125 0.03046875 0.01484375 0.03125
3 0.3140625 0.05625 0.015625 0.034375
3 0.29375 0.09375 0.01484375 0.0390625
3 0.3296875 0.1015625 0.01875 0.03515625
3 0.35390625 0.04296875 0.01328125 0.03046875
3 0.38203125 0.09296875 0.01796875 0.03515625
3 0.3875 0.04453125 0.01484375 0.03046875
3 0.29453125 0.13046875 0.01796875 0.04453125
3 0.3453125 0.14296875 0.01875 0.04375
3 0.384375 0.1546875 0.01875 0.0390625
10 0.321875 0.04375 0.04140625 0.04453125
10 0.31640625 0.06796875 0.03515625 0.06171875
10 0.290625 0.10625 0.04296875 0.0640625
10 0.29375 0.15546875 0.04453125 0.08125
10 0.34765625 0.15625 0.04375 0.06953125
10 0.3765625 0.103125 0.04140625 0.06015625
10 0.384375 0.15625 0.03828125 0.053125
10 0.35078125 0.05625 0.0375 0.05546875
10 0.38828125 0.05546875 0.03828125 0.05546875
1 0.33828125 0.10546875 0.0375 0.0484375
10 0.41875 0.02890625 0.03515625 0.04921875
1 0.425 0.05625 0.0328125 0.04921875
10 0.45 0.03046875 0.02890625 0.05546875
10 0.46328125 0.0546875 0.04296875 0.059375
10 0.4609375 0.084375 0.04296875 0.06875
10 0.48671875 0.02734375 0.0328125 0.053125
10 0.5015625 0.0546875 0.03515625 0.059375
10 0.50390625 0.09296875 0.03828125 0.06875
10 0.521875 0.03046875 0.0265625 0.04296875
10 0.5484375 0.0390625 0.034375 0.046875
10 0.540625 0.09296875 0.0390625 0.06015625
10 0.58046875 0.09375 0.03671875 0.07421875
1 0.58203125 0.04375 0.03125 0.04375
10 0.6109375 0.06953125 0.0375 0.05546875
1 0.621875 0.1171875 0.046875 0.06171875
10 0.65 0.08125 0.03984375 0.05546875
1 0.66875 0.13046875 0.0484375 0.05390625
10 0.65078125 0.178125 0.04921875 0.05703125
10 0.60703125 0.16875 0.04296875 0.0609375
10 0.60703125 0.21796875 0.04921875 0.0859375
10 0.5640625 0.21796875 0.04375 0.08203125
10 0.5640625 0.16328125 0.05078125 0.08828125
10 0.51328125 0.14296875 0.05625 0.084375
10 0.43984375 0.15546875 0.06640625 0.0765625
10 0.25546875 0.23125 0.0515625 0.0765625
10 0.31015625 0.21796875 0.06015625 0.08984375
1 0.3875 0.21796875 0.0671875 0.08046875
1 0.4546875 0.21796875 0.06171875 0.0859375
1 0.50625 0.221875 0.05078125 0.05546875
2 0.55625 0.26953125 0.0234375 0.03046875
2 0.58203125 0.271875 0.0375 0.03125
2 0.51953125 0.25703125 0.03828125 0.03125
2 0.6125 0.27890625 0.02578125 0.0296875
1 0.73203125 0.35546875 0.059375 0.0890625
1 0.68125 0.34296875 0.059375 0.084375
10 0.575 0.31796875 0.05859375 0.08828125
10 0.6265625 0.309375 0.05546875 0.10546875
2 0.584375 0.3765625 0.04453125 0.040625
1 0.5015625 0.34375 0.06875 0.09453125
10 0.4421875 0.31875 0.05859375 0.121875
10 0.38828125 0.30625 0.05390625 0.14921875
10 0.3265625 0.31875 0.06328125 0.13125
10 0.2703125 0.31796875 0.06015625 0.1359375
1 0.2140625 0.328125 0.06171875 0.10546875
10 0.48203125 0.43046875 0.075 0.11953125
7 0.21328125 0.36796875 0.040625 0.0390625
2 0.4859375 0.49375 0.053125 0.05390625
10 0.57109375 0.44375 0.0703125 0.11484375
2 0.584375 0.51875 0.05390625 0.05390625
10 0.63828125 0.446875 0.07421875 0.16953125
7 0.65390625 0.52890625 0.053125 0.0546875
10 0.709375 0.46875 0.06953125 0.16328125
7 0.72421875 0.53046875 0.04609375 0.05
10 0.7640625 0.48125 0.05234375 0.14921875
10 0.79765625 0.65546875 0.10234375 0.1484375
10 0.58515625 0.615625 0.08203125 0.21328125
10 0.478125 0.59296875 0.0703125 0.1640625
7 0.4875 0.68125 0.0671875 0.06953125
10 0.3953125 0.59375 0.071875 0.1515625
2 0.39375 0.68203125 0.06328125 0.06875
10 0.321875 0.565625 0.0734375 0.18671875
2 0.3140625 0.68984375 0.0625 0.06640625
2 0.2375 0.66484375 0.0578125 0.06640625
10 0.253125 0.55625 0.07109375 0.1859375
5 0.50390625 0.953125 0.02734375 0.06328125
3 0.98125 0.80546875 0.0234375 0.06328125
0 0.96328125 0.85625 0.01875 0.03828125
2 0.96640625 0.85625 0.03125 0.0640625
10 0.95390625 0.80546875 0.08125 0.109375
2 0.9171875 0.66484375 0.03671875 0.05
2 0.95546875 0.65625 0.03046875 0.03984375
10 0.89453125 0.6015625 0.07421875 0.08828125
10 0.94453125 0.61796875 0.046875 0.1140625
10 0.8296875 0.40546875 0.04453125 0.11484375
10 0.87890625 0.4140625 0.04453125 0.1015625
10 0.79921875 0.31796875 0.04921875 0.084375
1 0.8453125 0.33515625 0.046875 0.05546875
0 0.81640625 0.35625 0.01953125 0.03046875
2 0.8109375 0.365625 0.03203125 0.02421875
10 0.8078125 0.2421875 0.03515625 0.084375
10 0.77890625 0.24375 0.04140625 0.08046875
10 0.78515625 0.19453125 0.028125 0.05625
10 0.75703125 0.184375 0.04453125 0.06875
1 0.75703125 0.15390625 0.040625 0.05390625
10 0.73203125 0.10703125 0.034375 0.05546875
0 0.7375 0.13125 0.0140625 0.01796875
10 0.7109375 0.0796875 0.02421875 0.04296875
10 0.6875 0.071875 0.0296875 0.05546875
0 0.325 0.12734375 0.0109375 0.025
0 0.37734375 0.1234375 0.01484375 0.01875
3 0.41953125 0.05625 0.01796875 0.03046875
3 0.41953125 0.01875 0.01484375 0.028125
3 0.45 0.01875 0.01328125 0.03125
3 0.46328125 0.04296875 0.01484375 0.0359375
3 0.4578125 0.07578125 0.01796875 0.03671875
2 0.4625 0.1234375 0.02890625 0.01953125
6 0.50390625 0.071875 0.015625 0.03046875
3 0.503125 0.04296875 0.01640625 0.034375
3 0.48671875 0.01484375 0.0140625 0.028125
3 0.51953125 0.0265625 0.01484375 0.028125
2 0.52265625 0.05625 0.01796875 0.015625
3 0.5546875 0.03046875 0.01328125 0.0296875
3 0.54453125 0.09140625 0.01640625 0.0359375
3 0.54453125 0.13046875 0.02421875 0.0203125
6 0.58125 0.06796875 0.01640625 0.03828125
3 0.584375 0.04296875 0.0140625 0.028125
2 0.59140625 0.14140625 0.02265625 0.02109375
3 0.62578125 0.10625 0.01796875 0.03828125
3 0.61875 0.065625 0.01484375 0.03359375
3 0.65625 0.07890625 0.01484375 0.03359375
2 0.63671875 0.14296875 0.01640625 0.0234375
0 0.65390625 0.10625 0.015625 0.015625
3 0.66953125 0.11796875 0.015625 0.034375
2 0.68125 0.15625 0.01796875 0.02109375
3 0.66484375 0.16875 0.01953125 0.03671875
3 0.61796875 0.15625 0.01796875 0.03984375
0 0.65703125 0.2015625 0.01875 0.02421875
0 0.61328125 0.19296875 0.01484375 0.0265625
2 0.62890625 0.20390625 0.01796875 0.02421875
3 0.575 0.14375 0.0171875 0.04609375
6 0.5109375 0.12734375 0.02421875 0.0453125
3 0.43828125 0.13671875 0.02109375 0.04375
7 0.43671875 0.18046875 0.0359375 0.0296875
0 0.3375 0.18046875 0.02109375 0.021875
2 0.34765625 0.184375 0.03359375 0.01875
0 0.29375 0.184375 0.01796875 0.01875
3 0.2484375 0.21875 0.02265625 0.04453125
3 0.31484375 0.19453125 0.02265625 0.04375
0 0.31171875 0.2546875 0.02265625 0.01875
3 0.38828125 0.209375 0.021875 0.04375
3 0.45078125 0.20546875 0.02421875 0.04453125
7 0.45390625 0.25625 0.02890625 0.034375
3 0.509375 0.21796875 0.02109375 0.04140625
0 0.49375 0.2546875 0.0171875 0.03515625
3 0.5734375 0.20390625 0.02109375 0.046875
3 0.60078125 0.20390625 0.02109375 0.04609375
5 0.59375 0.265625 0.0203125 0.01796875
5 0.6 0.28125 0.01328125 0.02109375
3 0.73515625 0.3515625 0.021875 0.04921875
0 0.68828125 0.38046875 0.02265625 0.0296875
3 0.69609375 0.33046875 0.02421875 0.05546875
3 0.634375 0.28125 0.02265625 0.05078125
7 0.6265625 0.35546875 0.03515625 0.02578125
0 0.5734375 0.35546875 0.02421875 0.03125
3 0.584375 0.30546875 0.02421875 0.0515625
3 0.49296875 0.334375 0.0265625 0.05625
9 0.43828125 0.28203125 0.03203125 0.05546875
9 0.396875 0.2609375 0.02734375 0.05625
0 0.434375 0.365625 0.02890625 0.03046875
2 0.3765625 0.38046875 0.02578125 0.0390625
0 0.3140625 0.36796875 0.02421875 0.03046875
0 0.32265625 0.38046875 0.046875 0.03671875
3 0.3296875 0.28125 0.02421875 0.06171875
3 0.26015625 0.28046875 0.02890625 0.059375
7 0.26328125 0.36796875 0.04453125 0.04375
3 0.209375 0.31640625 0.02421875 0.05
3 0.76953125 0.4421875 0.02578125 0.0640625
3 0.7234375 0.4265625 0.03203125 0.071875
3 0.65078125 0.40390625 0.03125 0.0734375
3 0.57578125 0.42265625 0.03203125 0.06953125
3 0.48203125 0.40546875 0.03359375 0.06328125
3 0.81640625 0.63125 0.03046875 0.07109375
7 0.80859375 0.70078125 0.0546875 0.0609375
6 0.5953125 0.54765625 0.034375 0.08046875
7 0.58828125 0.68359375 0.075 0.06875
3 0.47734375 0.55390625 0.0359375 0.071875
6 0.3921875 0.55625 0.0375 0.0859375
3 0.315625 0.51640625 0.03046875 0.08203125
6 0.24453125 0.503125 0.03515625 0.07578125
5 0.925 0.653125 0.0140625 0.03359375
3 0.95703125 0.59375 0.02265625 0.05390625
3 0.91953125 0.58046875 0.02421875 0.05390625
0 0.8390625 0.440625 0.01953125 0.0203125
7 0.84453125 0.45625 0.03671875 0.03046875
3 0.840625 0.37734375 0.02109375 0.046875
6 0.88671875 0.38203125 0.0203125 0.04453125
3 0.81328125 0.30390625 0.02109375 0.0453125
3 0.85703125 0.33359375 0.02109375 0.04453125
0 0.8546875 0.3671875 0.01640625 0.02890625
3 0.7828125 0.23046875 0.01875 0.03671875
3 0.815625 0.21953125 0.01875 0.04375
3 0.76328125 0.16875 0.01640625 0.03671875
3 0.78828125 0.19296875 0.01796875 0.03828125
7 0.76171875 0.215625 0.01796875 0.021875
3 0.759375 0.14375 0.01796875 0.0296875
3 0.73828125 0.09921875 0.01484375 0.03046875
3 0.71640625 0.06875 0.0125 0.025
3 0.69140625 0.065625 0.01328125 0.02890625
0 0.68984375 0.09375 0.01328125 0.01640625