3 0.01953125 0.584375 0.02421875 0.05546875
3 0.04140625 0.60546875 0.06640625 0.13671875
5 0.12421875 0.31640625 0.01328125 0.01796875
2 0.11796875 0.31796875 0.0265625 0.025
3 0.15 0.24375 0.01953125 0.040625
10 0.15703125 0.2609375 0.05 0.08046875
3 0.1515625 0.20546875 0.01796875 0.03671875
3 0.1828125 0.20546875 0.01953125 0.0390625
1 0.15703125 0.21875 0.03515625 0.05
1 0.19453125 0.20625 0.04609375 0.04921875
0 0.1765625 0.23125 0.01171875 0.0234375
2 0.1921875 0.23046875 0.03203125 0.02578125
3 0.19765625 0.13046875 0.01484375 0.03359375
3 0.196875 0.14296875 0.0359375 0.07109375
3 0.2484375 0.07890625 0.01875 0.02890625
5 0.25078125 0.11328125 0.01171875 0.01171875
2 0.2546875 0.11171875 0.028125 0.01875
1 0.259375 0.08671875 0.0390625 0.04453125
1 0.321875 0.04375 0.04140625 0.040625
10 0.31640625 0.06875 0.03359375 0.0609375
10 0.29140625 0.10625 0.04296875 0.065625
10 0.33125 0.10390625 0.03671875 0.05625
10 0.35078125 0.06171875 0.03359375 0.05625
10 0.37734375 0.10390625 0.04296875 0.059375
10 0.38828125 0.05546875 0.03984375 0.05546875
10 0.41875 0.02890625 0.03515625 0.05546875
10 0.45078125 0.03046875 0.03046875 0.05546875
1 0.4234375 0.05546875 0.03515625 0.0515625
3 0.41796875 0.05625 0.0171875 0.02890625
10 0.46015625 0.0546875 0.03828125 0.05703125
10 0.4625 0.08125 0.03984375 0.0734375
10 0.48671875 0.0265625 0.0328125 0.0515625
10 0.50078125 0.05546875 0.03515625 0.059375
10 0.52265625 0.03046875 0.02578125 0.04296875
1 0.50703125 0.10625 0.04921875 0.0546875
10 0.54140625 0.09296875 0.03671875 0.06015625
10 0.5484375 0.0390625 0.03515625 0.04921875
10 0.5625 0.06796875 0.03046875 0.05859375
10 0.5890625 0.04375 0.02890625 0.04375
10 0.58125 0.09296875 0.0390625 0.06953125
10 0.61171875 0.06875 0.0359375 0.0609375
1 0.621875 0.11875 0.0484375 0.0609375
1 0.66875 0.13046875 0.04765625 0.05390625
10 0.6515625 0.08125 0.03828125 0.05546875
10 0.6515625 0.16796875 0.05078125 0.06953125
10 0.609375 0.1671875 0.0375 0.0640625
10 0.5640625 0.16484375 0.05 0.0890625
10 0.51328125 0.153125 0.05625 0.08359375
10 0.4390625 0.15625 0.065625 0.08046875
10 0.38515625 0.15625 0.04140625 0.053125
10 0.34453125 0.1484375 0.04375 0.08125
10 0.2984375 0.15625 0.04453125 0.08203125
10 0.26953125 0.20859375 0.05 0.09453125
10 0.31484375 0.21796875 0.0546875 0.08125
1 0.38828125 0.21875 0.06640625 0.08125
1 0.45390625 0.21640625 0.06171875 0.0890625
1 0.50625 0.221875 0.0484375 0.05546875
10 0.56640625 0.21875 0.04375 0.08125
10 0.60625 0.21875 0.0421875 0.08515625
2 0.51875 0.25625 0.0390625 0.03125
2 0.55625 0.26953125 0.0234375 0.03046875
2 0.58359375 0.2734375 0.03671875 0.03125
2 0.6171875 0.278125 0.034375 0.0265625
5 0.59453125 0.265625 0.01875 0.01640625
5 0.6 0.28046875 0.01171875 0.0203125
1 0.73203125 0.35546875 0.06015625 0.08671875
10 0.68046875 0.33046875 0.05390625 0.08359375
10 0.62890625 0.31796875 0.05625 0.09375
10 0.575 0.31875 0.0578125 0.08515625
2 0.584375 0.3765625 0.04609375 0.040625
2 0.69609375 0.38125 0.0296875 0.0359375
1 0.5015625 0.34296875 0.06875 0.09375
10 0.4421875 0.31796875 0.059375 0.1265625
10 0.3875 0.30625 0.0546875 0.15078125
2 0.378125 0.38125 0.02890625 0.03984375
10 0.32734375 0.31796875 0.06328125 0.134375
2 0.32421875 0.38046875 0.0484375 0.040625
10 0.26875 0.31875 0.0578125 0.121875
7 0.2625 0.36875 0.04453125 0.04375
1 0.21328125 0.32734375 0.059375 0.103125
3 0.21015625 0.3171875 0.02578125 0.04921875
7 0.21328125 0.36796875 0.03828125 0.03984375
10 0.48203125 0.41875 0.071875 0.13046875
2 0.4859375 0.49375 0.053125 0.05390625
10 0.571875 0.44375 0.06953125 0.11875
2 0.58515625 0.51796875 0.05546875 0.05625
10 0.63828125 0.4515625 0.07421875 0.1515625
7 0.65390625 0.53125 0.05390625 0.05625
10 0.70703125 0.46796875 0.06640625 0.14140625
7 0.72265625 0.53046875 0.046875 0.0515625
10 0.7609375 0.47734375 0.05859375 0.13984375
10 0.796875 0.64375 0.1015625 0.128125
7 0.81015625 0.6984375 0.04921875 0.05546875
10 0.57578125 0.62890625 0.08671875 0.16015625
7 0.5859375 0.69140625 0.06640625 0.0734375
10 0.47578125 0.58515625 0.071875 0.15546875
7 0.4859375 0.68046875 0.06640625 0.071875
10 0.3984375 0.5734375 0.07734375 0.15546875
2 0.39375 0.68359375 0.0640625 0.06875
10 0.32265625 0.559375 0.075 0.19375
2 0.3140625 0.684375 0.06328125 0.06953125
10 0.25390625 0.56796875 0.06640625 0.17109375
2 0.2375 0.66015625 0.0578125 0.06875
5 0.50390625 0.953125 0.02734375 0.065625
10 0.953125 0.79296875 0.0828125 0.11953125
5 0.96640625 0.85703125 0.0125 0.03125
2 0.96796875 0.86796875 0.0296875 0.05078125
3 0.9796875 0.7859375 0.02578125 0.05625
10 0.89453125 0.596875 0.07421875 0.09375
10 0.94453125 0.61875 0.05 0.11640625
2 0.9171875 0.665625 0.0375 0.05390625
2 0.9546875 0.65546875 0.03203125 0.04453125
5 0.925 0.65234375 0.0140625 0.034375
10 0.83359375 0.40546875 0.05078125 0.1015625
10 0.87890625 0.4109375 0.04609375 0.09375
10 0.8015625 0.31875 0.05234375 0.08671875
1 0.8453125 0.3390625 0.04765625 0.0609375
10 0.77890625 0.24453125 0.04140625 0.08046875
10 0.809375 0.24375 0.03359375 0.078125
10 0.75625 0.1859375 0.0390625 0.06875
10 0.78515625 0.196875 0.028125 0.05625
10 0.75703125 0.14375 0.03828125 0.06328125
10 0.734375 0.109375 0.0328125 0.05625
10 0.7109375 0.07578125 0.02578125 0.05
10 0.6875 0.0765625 0.02734375 0.053125
0 0.19296875 0.171875 0.0140625 0.01953125
3 0.91953125 0.58046875 0.02265625 0.05390625
3 0.95703125 0.59375 0.02421875 0.0484375
3 0.315625 0.04921875 0.01484375 0.03125
3 0.29453125 0.09296875 0.01484375 0.03828125
3 0.353125 0.053125 0.0140625 0.034375
3 0.32421875 0.09375 0.0171875 0.03359375
0 0.32734375 0.13046875 0.0140625 0.0203125
3 0.38125 0.09140625 0.01796875 0.03515625
0 0.37734375 0.12421875 0.0171875 0.01875
3 0.38828125 0.046875 0.01484375 0.03046875
3 0.34140625 0.13046875 0.01875 0.04296875
0 0.3375 0.18046875 0.02109375 0.0203125
2 0.346875 0.184375 0.0328125 0.01875
3 0.384375 0.1515625 0.01953125 0.03671875
6 0.4234375 0.0140625 0.01640625 0.02578125
3 0.45078125 0.01796875 0.01328125 0.02890625
3 0.4625 0.04140625 0.01484375 0.03046875
3 0.46015625 0.06875 0.01640625 0.0390625
2 0.4625 0.12265625 0.02890625 0.01953125
3 0.440625 0.134375 0.01953125 0.04453125
7 0.43515625 0.18046875 0.03203125 0.02421875
3 0.4890625 0.01328125 0.0125 0.025
3 0.51953125 0.028125 0.01328125 0.0296875
3 0.5046875 0.04375 0.01796875 0.03125
3 0.515625 0.09296875 0.0171875 0.03203125
0 0.50703125 0.12421875 0.01484375 0.01875
2 0.52265625 0.05546875 0.01796875 0.01484375
3 0.540625 0.08359375 0.01640625 0.03125
3 0.55390625 0.03046875 0.0125 0.0296875
3 0.54609375 0.13046875 0.02421875 0.01875
3 0.571875 0.05625 0.0140625 0.03203125
3 0.58359375 0.08046875 0.0171875 0.03515625
3 0.5875 0.040625 0.01328125 0.0296875
2 0.59140625 0.13671875 0.02109375 0.01875
3 0.6171875 0.05625 0.01640625 0.03203125
3 0.65234375 0.07421875 0.01484375 0.03125
3 0.62578125 0.10546875 0.01796875 0.03515625
3 0.671875 0.11953125 0.0171875 0.03046875
0 0.625 0.140625 0.0140625 0.01796875
2 0.6375 0.14296875 0.0171875 0.0234375
0 0.653125 0.10546875 0.0140625 0.01640625
2 0.67890625 0.15625 0.01796875 0.01953125
0 0.65703125 0.19296875 0.01796875 0.0234375
3 0.66015625 0.15546875 0.01875 0.03671875
3 0.61171875 0.15625 0.01796875 0.03984375
2 0.62890625 0.203125 0.01796875 0.0234375
3 0.575 0.14375 0.01640625 0.04453125
3 0.521875 0.13125 0.02109375 0.04140625
3 0.29921875 0.134375 0.0171875 0.04375
3 0.265625 0.1890625 0.0203125 0.0484375
3 0.3140625 0.19453125 0.021875 0.04375
5 0.3140625 0.25546875 0.01796875 0.01328125
2 0.3140625 0.26015625 0.02109375 0.03125
3 0.38828125 0.2109375 0.021875 0.04453125
3 0.44375 0.20546875 0.02421875 0.04296875
7 0.453125 0.25546875 0.0296875 0.03671875
3 0.51171875 0.2171875 0.0203125 0.03984375
0 0.49296875 0.25546875 0.0171875 0.03203125
3 0.5734375 0.2046875 0.021875 0.04453125
3 0.609375 0.203125 0.0203125 0.04453125
5 0.72890625 0.39296875 0.01328125 0.025
3 0.734375 0.3515625 0.02265625 0.04921875
3 0.690625 0.31796875 0.02265625 0.05625
5 0.675 0.38046875 0.0140625 0.02578125
7 0.628125 0.3671875 0.04375 0.034375
3 0.6359375 0.29765625 0.02265625 0.05625
0 0.5734375 0.35546875 0.02421875 0.03125
3 0.58203125 0.30546875 0.02421875 0.0484375
3 0.49453125 0.334375 0.02734375 0.05625
0 0.43515625 0.3609375 0.02578125 0.03046875
3 0.4421875 0.28125 0.02890625 0.06171875
3 0.38125 0.2671875 0.02734375 0.06015625
3 0.328125 0.28046875 0.02421875 0.0609375
0 0.3140625 0.36796875 0.02421875 0.03046875
3 0.25859375 0.28203125 0.02890625 0.05546875
3 0.76953125 0.43984375 0.02421875 0.0609375
3 0.72265625 0.43359375 0.03203125 0.06875
3 0.64609375 0.40703125 0.03046875 0.06875
3 0.57734375 0.425 0.03359375 0.06875
3 0.48203125 0.39296875 0.028125 0.06640625
3 0.24453125 0.51640625 0.02890625 0.06640625
3 0.315625 0.51796875 0.0328125 0.0796875
3 0.39375 0.53046875 0.0328125 0.0703125
3 0.4734375 0.54375 0.0375 0.07421875
3 0.58203125 0.58671875 0.03828125 0.08125
3 0.821875 0.61875 0.0359375 0.07421875
3 0.84375 0.38125 0.021875 0.05078125
0 0.84140625 0.44375 0.02421875 0.021875
2 0.84609375 0.46328125 0.03359375 0.0234375
3 0.88828125 0.39296875 0.01953125 0.046875
3 0.81640625 0.30625 0.02109375 0.0453125
3 0.859375 0.33515625 0.01953125 0.04453125
0 0.81875 0.35546875 0.0203125 0.0296875
2 0.8125 0.36796875 0.03125 0.02421875
3 0.784375 0.23359375 0.0171875 0.04453125
3 0.815625 0.228125 0.01875 0.04375
3 0.7609375 0.16875 0.01796875 0.03515625
3 0.78828125 0.190625 0.015625 0.03671875
7 0.7609375 0.21640625 0.01875 0.0203125
3 0.75703125 0.13125 0.015625 0.03984375
3 0.73828125 0.09921875 0.01328125 0.03046875
7 0.73359375 0.134375 0.0171875 0.01875
3 0.690625 0.065625 0.01328125 0.0265625
3 0.7125 0.065625 0.0140625 0.02890625
0 0.690625 0.09296875 0.0109375 0.01171875