3 0.021875 0.59375 0.0234375 0.05546875
3 0.04140625 0.60546875 0.06640625 0.13671875
5 0.12421875 0.31640625 0.01328125 0.01796875
2 0.11796875 0.31796875 0.0265625 0.025
3 0.14765625 0.24375 0.01953125 0.040625
10 0.15703125 0.25625 0.04921875 0.0734375
3 0.1515625 0.20625 0.01796875 0.03046875
3 0.1828125 0.20546875 0.01953125 0.0390625
1 0.15703125 0.21875 0.03515625 0.05
1 0.19453125 0.20625 0.04609375 0.04921875
0 0.1765625 0.23125 0.01171875 0.0234375
2 0.1921875 0.23046875 0.03203125 0.02578125
3 0.19765625 0.13046875 0.01484375 0.03359375
3 0.196875 0.14296875 0.0359375 0.07109375
3 0.2484375 0.07890625 0.01875 0.02890625
5 0.25078125 0.11328125 0.0125 0.01171875
2 0.2546875 0.1125 0.028125 0.01953125
1 0.25703125 0.08828125 0.03984375 0.05
1 0.32890625 0.04296875 0.02421875 0.0390625
10 0.31796875 0.06796875 0.0328125 0.05703125
10 0.29453125 0.10390625 0.0375 0.06796875
10 0.3296875 0.10390625 0.03671875 0.05625
10 0.35078125 0.059375 0.03359375 0.05625
10 0.37734375 0.10390625 0.04296875 0.059375
10 0.38828125 0.05546875 0.03984375 0.05546875
10 0.41953125 0.03125 0.03515625 0.053125
10 0.44765625 0.03046875 0.028125 0.05390625
1 0.425 0.05546875 0.03515625 0.0515625
3 0.41953125 0.04296875 0.01796875 0.03046875
10 0.46328125 0.0546875 0.03828125 0.05703125
10 0.4625 0.08046875 0.0421875 0.07421875
10 0.48671875 0.0265625 0.0328125 0.0515625
10 0.5015625 0.05546875 0.03515625 0.059375
10 0.521875 0.03046875 0.0265625 0.04453125
1 0.50703125 0.10625 0.04921875 0.0546875
10 0.5421875 0.09296875 0.03671875 0.06015625
10 0.54921875 0.0390625 0.03515625 0.04921875
10 0.565625 0.06796875 0.03046875 0.05859375
10 0.5859375 0.04296875 0.02890625 0.04375
10 0.58125 0.09296875 0.03828125 0.07109375
10 0.6125 0.06796875 0.03671875 0.0640625
1 0.621875 0.11875 0.0484375 0.0609375
1 0.66875 0.13046875 0.04765625 0.05390625
10 0.65078125 0.08125 0.03671875 0.05546875
10 0.65234375 0.16875 0.05078125 0.06953125
10 0.609375 0.1671875 0.0375 0.0640625
10 0.5640625 0.16484375 0.05 0.0890625
10 0.51328125 0.153125 0.05625 0.08359375
10 0.4390625 0.15546875 0.0625 0.08125
10 0.38515625 0.15625 0.04140625 0.053125
10 0.34453125 0.146875 0.04375 0.08125
10 0.29765625 0.15625 0.04453125 0.08203125
1 0.25390625 0.240625 0.06171875 0.0734375
10 0.3140625 0.21796875 0.05546875 0.0859375
1 0.3875 0.21796875 0.0671875 0.08046875
1 0.4546875 0.21640625 0.06171875 0.0890625
10 0.50703125 0.21796875 0.05 0.0765625
10 0.56640625 0.21640625 0.04453125 0.09140625
10 0.60625 0.20625 0.04296875 0.10546875
2 0.51875 0.25546875 0.0390625 0.03125
2 0.55625 0.26796875 0.0234375 0.03046875
2 0.584375 0.2734375 0.03671875 0.03125
2 0.61953125 0.2796875 0.0375 0.028125
5 0.59453125 0.265625 0.01875 0.01640625
5 0.6 0.28046875 0.01171875 0.0203125
1 0.734375 0.35546875 0.0609375 0.08671875
10 0.678125 0.31875 0.04921875 0.10703125
10 0.63125 0.33046875 0.05546875 0.09453125
10 0.575 0.31953125 0.0578125 0.08046875
2 0.584375 0.3765625 0.04609375 0.040625
1 0.50078125 0.34296875 0.06875 0.09375
10 0.44453125 0.30546875 0.065625 0.14453125
10 0.38828125 0.30625 0.05625 0.1546875
2 0.378125 0.38125 0.02890625 0.03984375
10 0.32578125 0.31015625 0.0625 0.14453125
2 0.32421875 0.38046875 0.0484375 0.040625
10 0.2703125 0.315625 0.06015625 0.14296875
7 0.2625 0.36875 0.04453125 0.04375
1 0.21640625 0.32734375 0.059375 0.103125
3 0.21015625 0.31640625 0.02578125 0.04921875
7 0.21328125 0.36796875 0.03828125 0.03984375
10 0.48359375 0.41796875 0.07109375 0.13046875
2 0.4859375 0.49375 0.053125 0.05390625
10 0.56953125 0.44375 0.07109375 0.1203125
2 0.58515625 0.51796875 0.05546875 0.05625
10 0.640625 0.44375 0.0734375 0.171875
7 0.65390625 0.53125 0.05390625 0.05625
10 0.7109375 0.46875 0.071875 0.14453125
7 0.72265625 0.53046875 0.046875 0.0515625
10 0.76328125 0.48046875 0.05390625 0.14296875
1 0.796875 0.64296875 0.0953125 0.1140625
7 0.81015625 0.696875 0.04921875 0.05546875
10 0.56875 0.63046875 0.08359375 0.16875
7 0.58203125 0.69140625 0.07109375 0.07421875
10 0.47578125 0.59296875 0.07109375 0.19375
7 0.4859375 0.68046875 0.06640625 0.071875
10 0.39921875 0.571875 0.07734375 0.15546875
2 0.39375 0.68046875 0.0640625 0.06875
10 0.321875 0.56484375 0.0734375 0.18671875
2 0.3140625 0.68046875 0.06328125 0.06875
10 0.25390625 0.56796875 0.06640625 0.17109375
2 0.2375 0.665625 0.0578125 0.06953125
5 0.50390625 0.953125 0.02734375 0.065625
10 0.95 0.80234375 0.08203125 0.115625
5 0.965625 0.85546875 0.01171875 0.03125
2 0.96796875 0.8671875 0.0296875 0.05078125
3 0.97734375 0.79296875 0.02734375 0.06171875
10 0.89453125 0.59296875 0.07421875 0.09375
10 0.94375 0.603125 0.0484375 0.1265625
2 0.9171875 0.665625 0.0375 0.05390625
7 0.95078125 0.65625 0.03671875 0.04140625
5 0.925 0.65234375 0.0140625 0.034375
10 0.83359375 0.40546875 0.05078125 0.1015625
10 0.87890625 0.41171875 0.04296875 0.09375
10 0.803125 0.31875 0.05234375 0.08671875
1 0.8453125 0.3390625 0.04765625 0.0609375
10 0.77890625 0.246875 0.04140625 0.08046875
10 0.81015625 0.24453125 0.03828125 0.06953125
10 0.75390625 0.18203125 0.03828125 0.06875
10 0.78515625 0.19296875 0.028125 0.05625
10 0.75625 0.14375 0.03828125 0.05703125
10 0.734375 0.10546875 0.0328125 0.05546875
10 0.71015625 0.078125 0.025 0.04609375
10 0.68828125 0.0765625 0.028125 0.053125
0 0.19296875 0.16796875 0.0140625 0.01953125
3 0.91953125 0.58046875 0.02265625 0.05390625
3 0.9546875 0.56796875 0.02421875 0.05078125
10 0.32265625 0.0390625 0.01328125 0.028125
3 0.303125 0.09375 0.0171875 0.0390625
3 0.32578125 0.09375 0.01796875 0.03359375
3 0.315625 0.05546875 0.01484375 0.0296875
3 0.35078125 0.05390625 0.01484375 0.034375
3 0.38203125 0.0921875 0.01875 0.03203125
3 0.38828125 0.04609375 0.01328125 0.03046875
3 0.2984375 0.134375 0.01875 0.04453125
3 0.34375 0.13046875 0.01953125 0.04453125
3 0.384375 0.15078125 0.01796875 0.0390625
0 0.3765625 0.121875 0.01484375 0.01875
7 0.29296875 0.19375 0.02890625 0.028125
0 0.3359375 0.18046875 0.01875 0.02421875
2 0.35234375 0.184375 0.0234375 0.01875
3 0.42265625 0.01796875 0.01484375 0.02890625
3 0.45234375 0.01796875 0.01328125 0.02890625
3 0.4640625 0.040625 0.01484375 0.02890625
3 0.4625 0.06640625 0.0171875 0.0359375
2 0.4625 0.121875 0.028125 0.01953125
3 0.50078125 0.04296875 0.01640625 0.03125
2 0.48828125 0.01484375 0.01484375 0.028125
3 0.51640625 0.09375 0.01875 0.03125
3 0.5421875 0.08125 0.01640625 0.03125
3 0.5546875 0.03125 0.0125 0.02890625
3 0.51953125 0.02890625 0.01328125 0.028125
2 0.521875 0.05546875 0.01796875 0.01484375
2 0.54453125 0.13046875 0.02265625 0.01875
3 0.584375 0.040625 0.0140625 0.02890625
6 0.58203125 0.07890625 0.015625 0.03671875
2 0.59140625 0.140625 0.021875 0.01796875
3 0.6171875 0.05546875 0.01640625 0.03515625
3 0.653125 0.07421875 0.0140625 0.03125
3 0.62734375 0.10625 0.0171875 0.034375
3 0.671875 0.11875 0.01640625 0.03125
0 0.625 0.140625 0.01171875 0.01796875
2 0.6375 0.14375 0.01640625 0.0203125
2 0.68046875 0.15546875 0.0171875 0.01875
3 0.659375 0.15546875 0.01796875 0.03671875
3 0.6109375 0.1546875 0.01875 0.03359375
3 0.57421875 0.14375 0.0171875 0.04296875
0 0.65625 0.19375 0.01953125 0.01953125
3 0.5234375 0.13046875 0.021875 0.04296875
3 0.4375 0.13203125 0.02109375 0.04453125
7 0.4375 0.18046875 0.0359375 0.0296875
3 0.2515625 0.228125 0.021875 0.040625
3 0.3140625 0.19453125 0.021875 0.04375
3 0.3875 0.20625 0.0234375 0.04453125
3 0.44453125 0.20546875 0.025 0.04453125
3 0.50703125 0.203125 0.02109375 0.04296875
3 0.49375 0.25546875 0.0171875 0.03359375
2 0.51875 0.25703125 0.0390625 0.03125
6 0.57265625 0.19375 0.02109375 0.0515625
6 0.6046875 0.18125 0.01953125 0.04921875
3 0.73515625 0.353125 0.02421875 0.04921875
3 0.6875 0.3015625 0.0234375 0.05078125
5 0.728125 0.39296875 0.01171875 0.0265625
7 0.6875 0.36796875 0.03203125 0.03984375
5 0.675 0.38125 0.01328125 0.025
3 0.63828125 0.30859375 0.02421875 0.04453125
7 0.625 0.38046875 0.034375 0.040625
5 0.57421875 0.36640625 0.02109375 0.01875
3 0.5796875 0.30625 0.02421875 0.04921875
3 0.496875 0.33125 0.02734375 0.06015625
9 0.44609375 0.26796875 0.03046875 0.06015625
0 0.43984375 0.36875 0.0265625 0.02421875
9 0.38515625 0.265625 0.028125 0.06328125
6 0.328125 0.271875 0.02578125 0.05625
0 0.31484375 0.36875 0.02109375 0.0296875
6 0.26015625 0.271875 0.02734375 0.05625
3 0.48203125 0.39140625 0.02890625 0.06875
3 0.57734375 0.4265625 0.03359375 0.0640625
6 0.64921875 0.39296875 0.0296875 0.06953125
3 0.71875 0.43046875 0.0296875 0.06640625
3 0.76875 0.43984375 0.02421875 0.059375
8 0.8046875 0.65625 0.03359375 0.07109375
3 0.575 0.58046875 0.03203125 0.06484375
6 0.47109375 0.53984375 0.0359375 0.0796875
3 0.396875 0.534375 0.03046875 0.06875
6 0.31796875 0.50625 0.03046875 0.075
3 0.24609375 0.51640625 0.03203125 0.06875
3 0.84375 0.38046875 0.02109375 0.046875
0 0.84140625 0.44296875 0.02421875 0.02109375
3 0.890625 0.39375 0.0203125 0.0484375
3 0.85859375 0.340625 0.0203125 0.04296875
3 0.81640625 0.30625 0.021875 0.0453125
0 0.81640625 0.35625 0.02109375 0.02890625
2 0.81015625 0.3671875 0.03125 0.025
3 0.784375 0.23046875 0.0171875 0.0390625
3 0.81953125 0.23125 0.01796875 0.04453125
3 0.7625 0.16875 0.01640625 0.03671875
3 0.78828125 0.1859375 0.01640625 0.03046875
3 0.7578125 0.13828125 0.01640625 0.03828125
3 0.73828125 0.09296875 0.01328125 0.03046875
0 0.73828125 0.13046875 0.0125 0.01484375
3 0.7109375 0.06796875 0.0125 0.025
3 0.690625 0.0640625 0.01171875 0.0265625
0 0.690625 0.09296875 0.01171875 0.015625
7 0.76171875 0.21640625 0.01796875 0.02109375