3 0.0203125 0.58359375 0.02890625 0.05546875
10 0.03828125 0.60546875 0.06953125 0.140625
3 0.15546875 0.22890625 0.0171875 0.04140625
10 0.1609375 0.253125 0.04453125 0.09453125
2 0.19296875 0.23046875 0.0296875 0.02421875
1 0.1578125 0.20625 0.03046875 0.04921875
3 0.18046875 0.20625 0.0171875 0.0359375
1 0.19296875 0.20546875 0.0453125 0.05
0 0.1921875 0.16875 0.01015625 0.01953125
3 0.196875 0.13046875 0.0140625 0.03125
10 0.196875 0.14375 0.0359375 0.06953125
5 0.25078125 0.1140625 0.01171875 0.0109375
2 0.2546875 0.11484375 0.028125 0.01484375
3 0.253125 0.0796875 0.015625 0.0296875
1 0.259375 0.0890625 0.03671875 0.05
10 0.315625 0.06875 0.0359375 0.05546875
10 0.28828125 0.10546875 0.040625 0.0609375
10 0.378125 0.103125 0.0453125 0.06015625
10 0.35078125 0.0609375 0.03515625 0.05625
10 0.29375 0.15625 0.0484375 0.075
10 0.34453125 0.1546875 0.04921875 0.078125
10 0.38828125 0.15546875 0.04296875 0.05625
10 0.44140625 0.15546875 0.06328125 0.078125
1 0.3875 0.0640625 0.0375 0.05
1 0.4265625 0.05546875 0.03359375 0.05
10 0.4203125 0.028125 0.03359375 0.053125
10 0.45 0.03125 0.02890625 0.05078125
10 0.4625 0.05625 0.0390625 0.06015625
10 0.4609375 0.08046875 0.04921875 0.06875
10 0.5015625 0.05390625 0.04140625 0.065625
10 0.48671875 0.0265625 0.0296875 0.0515625
10 0.503125 0.09296875 0.03671875 0.06484375
10 0.521875 0.03125 0.02890625 0.04140625
10 0.53984375 0.09140625 0.04140625 0.06875
10 0.5484375 0.040625 0.03359375 0.0453125
1 0.58671875 0.04296875 0.02890625 0.0453125
10 0.609375 0.0765625 0.03671875 0.05390625
10 0.62265625 0.1140625 0.046875 0.0609375
1 0.6671875 0.12890625 0.046875 0.05078125
1 0.6515625 0.090625 0.034375 0.04921875
10 0.6515625 0.1734375 0.04921875 0.05546875
10 0.6109375 0.165625 0.03828125 0.06953125
10 0.56328125 0.16484375 0.04921875 0.08515625
10 0.515625 0.14296875 0.0578125 0.08046875
10 0.2515625 0.23203125 0.04375 0.06953125
10 0.30859375 0.21796875 0.0578125 0.0953125
1 0.3875 0.21875 0.06796875 0.0796875
1 0.45390625 0.21640625 0.06015625 0.08359375
10 0.50546875 0.21796875 0.04765625 0.075
10 0.56484375 0.21875 0.04609375 0.1015625
10 0.6046875 0.22890625 0.04453125 0.078125
1 0.734375 0.35625 0.0578125 0.08046875
10 0.68125 0.334375 0.05546875 0.08046875
1 0.628125 0.33203125 0.05703125 0.08125
10 0.575 0.31796875 0.05859375 0.08046875
1 0.5015625 0.34296875 0.06796875 0.09140625
10 0.44296875 0.31796875 0.0578125 0.13046875
10 0.39140625 0.3171875 0.06953125 0.13828125
10 0.33984375 0.28125 0.0546875 0.1359375
2 0.37578125 0.38046875 0.02421875 0.03671875
2 0.32421875 0.38046875 0.04765625 0.0390625
10 0.2734375 0.28125 0.05390625 0.14453125
1 0.215625 0.3265625 0.06484375 0.1
7 0.21328125 0.36640625 0.03984375 0.0390625
3 0.2109375 0.3171875 0.02421875 0.0453125
10 0.484375 0.41796875 0.0734375 0.134375
10 0.57578125 0.43125 0.07265625 0.134375
10 0.63828125 0.44765625 0.071875 0.16953125
3 0.7203125 0.428125 0.02890625 0.071875
10 0.70703125 0.459375 0.07109375 0.15546875
10 0.76640625 0.48828125 0.05703125 0.1359375
10 0.8 0.640625 0.0984375 0.128125
10 0.57890625 0.62890625 0.090625 0.1796875
10 0.47734375 0.58203125 0.06953125 0.14453125
10 0.3984375 0.5890625 0.078125 0.13828125
10 0.3171875 0.5671875 0.08203125 0.1859375
10 0.25234375 0.571875 0.0671875 0.15625
2 0.58515625 0.51796875 0.05546875 0.05625
7 0.653125 0.528125 0.0546875 0.05703125
7 0.5890625 0.68125 0.065625 0.06796875
2 0.478125 0.68125 0.06640625 0.0734375
2 0.39296875 0.68203125 0.06328125 0.06875
2 0.3140625 0.6859375 0.06171875 0.06875
2 0.23671875 0.6640625 0.0578125 0.065625
5 0.50390625 0.953125 0.02578125 0.06015625
0 0.9625 0.85546875 0.01796875 0.0390625
2 0.96640625 0.85625 0.03203125 0.06875
3 0.98203125 0.80546875 0.02578125 0.0609375
10 0.95390625 0.80625 0.08359375 0.10625
10 0.94609375 0.61796875 0.04921875 0.11953125
10 0.8984375 0.6015625 0.065625 0.121875
7 0.91796875 0.66328125 0.0359375 0.05078125
2 0.95625 0.65546875 0.03046875 0.040625
5 0.925 0.65 0.0140625 0.03125
10 0.83203125 0.403125 0.05234375 0.10078125
10 0.878125 0.40703125 0.0421875 0.10546875
10 0.80078125 0.31796875 0.05078125 0.08828125
1 0.83125 0.33125 0.03046875 0.06171875
10 0.77890625 0.2515625 0.04140625 0.07578125
10 0.81484375 0.25546875 0.04140625 0.0734375
10 0.75703125 0.18203125 0.04140625 0.06875
10 0.784375 0.2015625 0.0296875 0.053125
1 0.75859375 0.15390625 0.0390625 0.0546875
10 0.734375 0.10546875 0.0328125 0.05546875
10 0.68828125 0.071875 0.02890625 0.04453125
10 0.7109375 0.08125 0.025 0.05078125
2 0.11875 0.3109375 0.02578125 0.02890625
1 0.32734375 0.10546875 0.0359375 0.04453125
10 0.5796875 0.09375 0.04140625 0.06953125
10 0.56953125 0.06796875 0.03984375 0.05625
3 0.32265625 0.03203125 0.01484375 0.03125
3 0.315625 0.05546875 0.015625 0.03125
3 0.29375 0.09375 0.01640625 0.03515625
3 0.32578125 0.10078125 0.01640625 0.03046875
0 0.325 0.12890625 0.01328125 0.025
3 0.35390625 0.05234375 0.01484375 0.034375
3 0.38203125 0.0875 0.01796875 0.03046875
0 0.378125 0.128125 0.0140625 0.01640625
3 0.38515625 0.05625 0.01640625 0.02890625
3 0.42109375 0.01640625 0.01328125 0.0265625
3 0.45 0.01875 0.01328125 0.028125
3 0.41953125 0.05546875 0.01640625 0.03359375
3 0.4640625 0.04140625 0.01484375 0.02890625
3 0.4609375 0.06796875 0.01484375 0.034375
3 0.48984375 0.01328125 0.0140625 0.02421875
3 0.50625 0.0359375 0.0171875 0.03125
3 0.46328125 0.12265625 0.028125 0.01953125
3 0.50703125 0.07421875 0.01640625 0.03125
3 0.51875 0.0265625 0.0140625 0.02578125
3 0.53515625 0.0734375 0.015625 0.03046875
3 0.5546875 0.03125 0.01328125 0.0265625
3 0.56953125 0.05625 0.01640625 0.03203125
3 0.58203125 0.08046875 0.01796875 0.03515625
3 0.61796875 0.0671875 0.0171875 0.03046875
3 0.62578125 0.103125 0.01640625 0.0359375
3 0.65390625 0.0796875 0.01640625 0.028125
3 0.671875 0.11796875 0.0171875 0.034375
2 0.59140625 0.140625 0.02109375 0.01875
2 0.63671875 0.14296875 0.01640625 0.02109375
2 0.6796875 0.15625 0.01875 0.01953125
3 0.66328125 0.165625 0.01796875 0.03671875
3 0.61953125 0.1515625 0.01796875 0.03828125
0 0.6578125 0.2015625 0.01796875 0.0234375
3 0.575 0.14296875 0.01640625 0.04375
3 0.51953125 0.13046875 0.01953125 0.04609375
3 0.44453125 0.13828125 0.01875 0.04453125
7 0.43515625 0.18125 0.02578125 0.025
3 0.390625 0.14296875 0.01953125 0.0359375
3 0.34609375 0.140625 0.0203125 0.03984375
0 0.33828125 0.18125 0.02109375 0.0234375
2 0.346875 0.18828125 0.0328125 0.0234375
3 0.29140625 0.14296875 0.01875 0.03671875
7 0.2890625 0.19140625 0.02109375 0.02421875
3 0.2515625 0.21796875 0.02265625 0.04140625
0 0.25 0.26796875 0.01484375 0.028125
5 0.315625 0.25546875 0.0171875 0.01640625
3 0.30859375 0.19375 0.0234375 0.04453125
3 0.334375 0.24375 0.02578125 0.059375
6 0.2734375 0.24375 0.02265625 0.06015625
3 0.3875 0.2109375 0.0234375 0.04375
3 0.45078125 0.209375 0.021875 0.04453125
7 0.453125 0.25546875 0.028125 0.03515625
9 0.4109375 0.278125 0.028125 0.05625
3 0.440625 0.28984375 0.0296875 0.059375
0 0.43515625 0.365625 0.025 0.02890625
0 0.38984375 0.36796875 0.0265625 0.02890625
3 0.4953125 0.33203125 0.02734375 0.05546875
0 0.5734375 0.35703125 0.021875 0.03125
2 0.575 0.36875 0.02890625 0.03828125
3 0.58515625 0.30546875 0.02421875 0.04609375
3 0.63203125 0.321875 0.02421875 0.05625
7 0.62890625 0.3734375 0.03828125 0.04375
0 0.6875 0.36953125 0.021875 0.0390625
3 0.69453125 0.33046875 0.021875 0.04921875
3 0.73515625 0.34765625 0.021875 0.04375
3 0.76953125 0.453125 0.02421875 0.0609375
7 0.72265625 0.53046875 0.04375 0.05390625
3 0.6515625 0.40390625 0.03125 0.06953125
3 0.59375 0.40390625 0.0328125 0.0703125
3 0.48515625 0.39296875 0.02890625 0.06796875
2 0.4859375 0.49296875 0.05390625 0.0546875
3 0.83203125 0.6109375 0.034375 0.06953125
2 0.803125 0.69453125 0.04921875 0.06328125
3 0.58828125 0.57265625 0.03359375 0.06953125
3 0.47890625 0.553125 0.03359375 0.07421875
3 0.38828125 0.55625 0.03203125 0.06953125
3 0.3125 0.5234375 0.0328125 0.08125
3 0.24453125 0.53125 0.03125 0.06796875
3 0.91953125 0.56796875 0.02109375 0.0546875
3 0.959375 0.59296875 0.02265625 0.05078125
3 0.84453125 0.3796875 0.02109375 0.0484375
3 0.88515625 0.38125 0.01953125 0.04921875
0 0.840625 0.44140625 0.02109375 0.02421875
2 0.84453125 0.45625 0.03359375 0.0265625
3 0.834375 0.33125 0.02109375 0.04140625
0 0.81875 0.35546875 0.0203125 0.03125
2 0.809375 0.36796875 0.02421875 0.02421875
3 0.81484375 0.3109375 0.0203125 0.04375
3 0.825 0.240625 0.01796875 0.04140625
3 0.78515625 0.23046875 0.01796875 0.03515625
3 0.78828125 0.19375 0.01640625 0.03515625
3 0.76015625 0.16796875 0.01640625 0.03203125
0 0.76015625 0.21171875 0.01171875 0.01953125
3 0.7625 0.14375 0.0171875 0.028125
3 0.73671875 0.096875 0.0140625 0.03046875
3 0.71640625 0.06875 0.0125 0.028125
3 0.6890625 0.06796875 0.0125 0.02890625
0 0.73828125 0.13125 0.0125 0.01796875