3 0.01875 0.56875 0.02421875 0.0515625
10 0.03828125 0.603125 0.065625 0.14296875
5 0.1234375 0.31640625 0.01171875 0.01796875
2 0.11796875 0.31796875 0.0234375 0.021875
3 0.1484375 0.24140625 0.01796875 0.04140625
10 0.15703125 0.25546875 0.04921875 0.08125
0 0.17734375 0.23125 0.0109375 0.025
2 0.1921875 0.23046875 0.03046875 0.02421875
3 0.1546875 0.203125 0.015625 0.0296875
10 0.16015625 0.209375 0.03046875 0.05625
3 0.18203125 0.19296875 0.01640625 0.0359375
10 0.19375 0.20625 0.03984375 0.06015625
0 0.19140625 0.16953125 0.01015625 0.01953125
3 0.20078125 0.13046875 0.01484375 0.03125
10 0.19609375 0.14296875 0.0359375 0.06953125
5 0.25 0.11328125 0.0109375 0.01171875
2 0.25390625 0.115625 0.028125 0.01484375
3 0.2515625 0.07890625 0.015625 0.0296875
1 0.26015625 0.084375 0.03515625 0.04453125
3 0.321875 0.03046875 0.0140625 0.021875
10 0.315625 0.06875 0.03515625 0.05546875
10 0.28828125 0.10546875 0.040625 0.0609375
1 0.3375 0.10546875 0.03515625 0.04453125
10 0.3765625 0.10390625 0.04296875 0.05859375
10 0.35 0.05703125 0.03671875 0.05546875
10 0.29453125 0.15546875 0.04453125 0.07890625
10 0.34296875 0.15546875 0.0484375 0.07421875
1 0.38515625 0.15546875 0.03984375 0.05
10 0.4390625 0.15546875 0.06328125 0.075
10 0.3875 0.05546875 0.03984375 0.05546875
1 0.42421875 0.05625 0.0328125 0.046875
10 0.41875 0.02890625 0.03359375 0.04921875
10 0.45 0.03046875 0.02890625 0.05
10 0.46328125 0.05390625 0.03984375 0.06015625
10 0.459375 0.084375 0.04140625 0.06953125
10 0.5015625 0.0546875 0.03515625 0.059375
10 0.48515625 0.02734375 0.02890625 0.053125
10 0.49609375 0.09375 0.04453125 0.059375
10 0.521875 0.03125 0.02890625 0.04140625
10 0.53984375 0.09375 0.0390625 0.0609375
10 0.54921875 0.0390625 0.03515625 0.046875
1 0.584375 0.046875 0.03046875 0.04375
10 0.58046875 0.09296875 0.0359375 0.075
1 0.56328125 0.06953125 0.02734375 0.04453125
10 0.6125 0.07265625 0.0390625 0.05625
1 0.621875 0.11796875 0.046875 0.0609375
1 0.66875 0.1296875 0.046875 0.05
10 0.65078125 0.08125 0.0375 0.05078125
10 0.6515625 0.1796875 0.04921875 0.05546875
10 0.6109375 0.16640625 0.0375 0.06171875
10 0.56328125 0.16484375 0.04921875 0.08515625
10 0.51328125 0.14296875 0.05703125 0.08046875
10 0.25546875 0.23046875 0.04921875 0.08359375
10 0.309375 0.21875 0.05859375 0.09296875
1 0.3875 0.21875 0.06796875 0.0796875
1 0.45390625 0.21875 0.06015625 0.08359375
10 0.50390625 0.22734375 0.04453125 0.05859375
10 0.5640625 0.21796875 0.04453125 0.08046875
10 0.60703125 0.21875 0.04921875 0.08515625
1 0.734375 0.35546875 0.0578125 0.08671875
10 0.68125 0.34140625 0.05234375 0.090625
10 0.62734375 0.309375 0.05546875 0.10625
10 0.575 0.31875 0.05859375 0.08515625
1 0.50078125 0.34296875 0.06796875 0.09140625
10 0.44140625 0.31875 0.05859375 0.128125
10 0.38515625 0.30625 0.059375 0.15078125
10 0.32734375 0.31875 0.0609375 0.1296875
2 0.37734375 0.38046875 0.02578125 0.03671875
2 0.32421875 0.38046875 0.04765625 0.0390625
10 0.2703125 0.31875 0.06015625 0.1296875
1 0.21484375 0.32734375 0.0609375 0.10078125
7 0.21328125 0.36640625 0.03984375 0.0390625
3 0.21015625 0.315625 0.02421875 0.04609375
10 0.484375 0.41875 0.07421875 0.13515625
10 0.56953125 0.44296875 0.071875 0.1140625
10 0.63828125 0.43515625 0.06953125 0.18125
8 0.70703125 0.47265625 0.028125 0.05625
1 0.70703125 0.46796875 0.06484375 0.11953125
10 0.7625 0.48125 0.0546875 0.14921875
10 0.796875 0.64140625 0.09296875 0.1703125
10 0.578125 0.63046875 0.09296875 0.17578125
10 0.47578125 0.58046875 0.07109375 0.15
10 0.3953125 0.58984375 0.071875 0.15390625
10 0.321875 0.56484375 0.07421875 0.18515625
10 0.25 0.56796875 0.0734375 0.16953125
2 0.58515625 0.51796875 0.05546875 0.05625
7 0.653125 0.528125 0.0546875 0.05703125
7 0.5890625 0.68125 0.065625 0.06796875
7 0.4875 0.67734375 0.0671875 0.07890625
2 0.39375 0.684375 0.06328125 0.06875
2 0.31328125 0.684375 0.06171875 0.06875
7 0.23671875 0.65546875 0.05546875 0.078125
5 0.50390625 0.953125 0.02578125 0.06015625
0 0.9625 0.85546875 0.01796875 0.0390625
2 0.9671875 0.85625 0.03203125 0.065625
3 0.98203125 0.80546875 0.02578125 0.0609375
10 0.9546875 0.80859375 0.08359375 0.11875
10 0.94453125 0.61875 0.04765625 0.11484375
10 0.89453125 0.60625 0.07421875 0.10546875
2 0.9171875 0.665625 0.03515625 0.05078125
2 0.9546875 0.65546875 0.03046875 0.0390625
5 0.92421875 0.64921875 0.0140625 0.03125
10 0.8296875 0.40546875 0.04375 0.11484375
10 0.878125 0.41796875 0.04921875 0.07890625
10 0.80078125 0.31875 0.04921875 0.08359375
1 0.84609375 0.334375 0.04609375 0.05546875
10 0.77890625 0.24375 0.04140625 0.07578125
10 0.8140625 0.24375 0.04140625 0.08515625
10 0.75625 0.184375 0.0390625 0.06875
10 0.78515625 0.2015625 0.02578125 0.0515625
1 0.75859375 0.153125 0.0390625 0.0515625
10 0.734375 0.10546875 0.0328125 0.05
10 0.6875 0.0765625 0.0296875 0.04921875
10 0.7109375 0.08046875 0.02578125 0.040625
3 0.31484375 0.05546875 0.0140625 0.028125
3 0.353125 0.04609375 0.0140625 0.03046875
3 0.29453125 0.09375 0.01484375 0.03359375
3 0.3296875 0.103125 0.01796875 0.03203125
3 0.38203125 0.09296875 0.01640625 0.03359375
3 0.3875 0.04609375 0.0140625 0.03046875
5 0.325 0.13125 0.009375 0.01171875
0 0.37734375 0.12265625 0.0140625 0.01953125
3 0.41796875 0.05546875 0.0171875 0.0296875
3 0.42109375 0.01875 0.01328125 0.028125
3 0.45 0.01875 0.01328125 0.02578125
3 0.4578125 0.06796875 0.015625 0.034375
3 0.46328125 0.04140625 0.01484375 0.03046875
2 0.4625 0.121875 0.02890625 0.01953125
3 0.48828125 0.01328125 0.0125 0.025
3 0.5015625 0.0421875 0.015625 0.03203125
3 0.51875 0.02734375 0.01328125 0.025
2 0.52265625 0.05625 0.015625 0.0140625
3 0.49765625 0.08125 0.015625 0.03046875
3 0.55390625 0.03046875 0.01171875 0.02578125
3 0.54375 0.090625 0.01484375 0.02890625
6 0.58203125 0.07109375 0.01328125 0.03046875
3 0.58515625 0.04296875 0.01328125 0.028125
3 0.61953125 0.06171875 0.015625 0.03046875
2 0.546875 0.13125 0.0234375 0.01796875
2 0.59140625 0.140625 0.02109375 0.01640625
3 0.6484375 0.071875 0.01484375 0.03125
0 0.62578125 0.140625 0.0125 0.015625
3 0.67265625 0.11796875 0.01640625 0.02890625
3 0.625 0.10625 0.01640625 0.034375
2 0.6796875 0.15625 0.01796875 0.01796875
0 0.653125 0.10390625 0.01328125 0.01484375
2 0.63671875 0.14375 0.0171875 0.0203125
3 0.665625 0.16796875 0.01875 0.03203125
0 0.65703125 0.1984375 0.01796875 0.01953125
5 0.615625 0.19296875 0.0109375 0.015625
2 0.62890625 0.203125 0.01796875 0.021875
3 0.6125 0.15390625 0.0171875 0.03515625
3 0.575 0.14375 0.01640625 0.040625
3 0.51953125 0.13046875 0.01953125 0.04375
3 0.43671875 0.13671875 0.01953125 0.04375
7 0.43515625 0.18125 0.03671875 0.0265625
3 0.384375 0.15234375 0.01796875 0.0359375
0 0.33828125 0.18125 0.01875 0.01953125
2 0.34765625 0.184375 0.03203125 0.01953125
3 0.3453125 0.140625 0.01796875 0.03828125
3 0.29453125 0.13359375 0.01796875 0.04453125
0 0.29453125 0.184375 0.01640625 0.01953125
3 0.25078125 0.209375 0.02109375 0.04453125
3 0.3125 0.19296875 0.02109375 0.04375
0 0.31171875 0.25625 0.02109375 0.01953125
3 0.38828125 0.20859375 0.021875 0.04453125
3 0.44765625 0.215625 0.02265625 0.0453125
7 0.453125 0.25625 0.02734375 0.034375
3 0.509375 0.21875 0.0203125 0.040625
0 0.49453125 0.25390625 0.01796875 0.03359375
2 0.51875 0.25703125 0.0390625 0.03125
3 0.57578125 0.20390625 0.02109375 0.04375
3 0.60078125 0.19765625 0.01953125 0.04375
2 0.55625 0.27109375 0.02265625 0.03046875
2 0.58203125 0.2734375 0.03671875 0.03046875
5 0.59375 0.265625 0.01875 0.01640625
5 0.60078125 0.28125 0.01171875 0.01953125
2 0.61328125 0.278125 0.02421875 0.0265625
3 0.73515625 0.35390625 0.02109375 0.046875
3 0.69375 0.3296875 0.02265625 0.04609375
0 0.68828125 0.38046875 0.021875 0.02890625
5 0.72890625 0.39375 0.01015625 0.02421875
3 0.6359375 0.28046875 0.02109375 0.04609375
7 0.621875 0.35625 0.0234375 0.0234375
0 0.57421875 0.35546875 0.02265625 0.03125
2 0.584375 0.371875 0.0453125 0.04453125
3 0.584375 0.30546875 0.02265625 0.0484375
3 0.49453125 0.33203125 0.02578125 0.05546875
9 0.43515625 0.284375 0.02890625 0.05625
7 0.440625 0.37109375 0.02734375 0.04375
0 0.39375 0.36875 0.03359375 0.0296875
3 0.38359375 0.26796875 0.0265625 0.05859375
3 0.33046875 0.28046875 0.0234375 0.059375
0 0.31484375 0.36796875 0.0203125 0.02890625
7 0.26328125 0.36875 0.04453125 0.04375
3 0.25703125 0.28125 0.02734375 0.0546875
2 0.4859375 0.49296875 0.053125 0.0546875
3 0.48203125 0.3890625 0.03046875 0.07109375
3 0.57578125 0.421875 0.034375 0.06953125
6 0.64375 0.38046875 0.02890625 0.06875
7 0.72265625 0.53046875 0.04765625 0.04609375
3 0.76953125 0.440625 0.02421875 0.059375
7 0.8078125 0.69375 0.05234375 0.0609375
3 0.815625 0.59296875 0.03203125 0.07109375
3 0.5890625 0.5734375 0.03125 0.06875
3 0.47578125 0.546875 0.03359375 0.06953125
6 0.39140625 0.5546875 0.03203125 0.08125
3 0.3140625 0.51640625 0.02890625 0.0765625
3 0.24453125 0.51796875 0.02734375 0.07109375
3 0.92109375 0.58125 0.02109375 0.053125
3 0.9578125 0.59296875 0.02109375 0.05
0 0.83984375 0.44296875 0.0203125 0.021875
3 0.8921875 0.40546875 0.01875 0.04609375
3 0.84140625 0.3765625 0.01875 0.04609375
0 0.8546875 0.36640625 0.01328125 0.02890625
3 0.859375 0.33125 0.0203125 0.03984375
0 0.81953125 0.35625 0.01875 0.03046875
2 0.8125 0.36796875 0.0296875 0.021875
3 0.81640625 0.30390625 0.02109375 0.04140625
3 0.81875 0.221875 0.01796875 0.04375
3 0.78359375 0.23046875 0.0171875 0.03671875
7 0.7609375 0.215625 0.01640625 0.021875
3 0.7890625 0.19296875 0.01484375 0.03203125
3 0.7625 0.16796875 0.015625 0.0359375
3 0.759375 0.14375 0.0171875 0.03125
3 0.7375 0.0984375 0.01328125 0.03125
0 0.73828125 0.13125 0.01328125 0.015625
3 0.71640625 0.06875 0.01484375 0.02421875
3 0.6921875 0.06484375 0.01328125 0.02578125
0 0.690625 0.09375 0.01171875 0.01328125