3 0.01875 0.571875 0.0296875 0.05625
10 0.03828125 0.6046875 0.07109375 0.140625
3 0.15390625 0.23125 0.01796875 0.04140625
10 0.15703125 0.25546875 0.046875 0.090625
0 0.17734375 0.23125 0.0109375 0.025
2 0.1921875 0.23046875 0.03046875 0.02421875
3 0.15625 0.1984375 0.015625 0.03125
1 0.16015625 0.20625 0.03125 0.05078125
3 0.18203125 0.19296875 0.01640625 0.0359375
10 0.19140625 0.20625 0.03984375 0.06015625
0 0.19140625 0.16796875 0.01015625 0.01953125
3 0.196875 0.13046875 0.0140625 0.03125
10 0.196875 0.14375 0.0359375 0.06875
5 0.25 0.11328125 0.01171875 0.01328125
2 0.25390625 0.11484375 0.028125 0.01484375
3 0.2515625 0.07890625 0.015625 0.0296875
1 0.26015625 0.08046875 0.03515625 0.04453125
3 0.321875 0.034375 0.01484375 0.01953125
10 0.31640625 0.06875 0.03515625 0.05546875
10 0.290625 0.10625 0.040625 0.0609375
10 0.378125 0.10390625 0.0453125 0.06015625
10 0.35078125 0.059375 0.03515625 0.05546875
10 0.29453125 0.15625 0.04453125 0.07890625
10 0.34375 0.15390625 0.04921875 0.078125
1 0.38515625 0.15546875 0.03828125 0.0515625
10 0.440625 0.1546875 0.0640625 0.078125
10 0.38828125 0.05546875 0.04140625 0.05703125
1 0.425 0.05703125 0.0328125 0.046875
10 0.4203125 0.028125 0.03359375 0.053125
10 0.45 0.03125 0.02890625 0.05078125
10 0.4625 0.05546875 0.0390625 0.06015625
10 0.46015625 0.08125 0.04140625 0.06875
10 0.50078125 0.05625 0.03515625 0.06796875
10 0.48671875 0.0265625 0.0296875 0.0515625
10 0.50234375 0.09296875 0.03828125 0.06328125
10 0.521875 0.03125 0.02890625 0.04140625
10 0.540625 0.09375 0.0390625 0.05625
10 0.5484375 0.040625 0.03359375 0.0453125
1 0.5859375 0.0484375 0.02734375 0.04453125
10 0.609375 0.06875 0.03515625 0.06484375
1 0.621875 0.11796875 0.046875 0.0609375
1 0.66875 0.13046875 0.046875 0.05
10 0.64921875 0.08125 0.0328125 0.04921875
10 0.6515625 0.1765625 0.04921875 0.059375
10 0.6109375 0.165625 0.03828125 0.06953125
10 0.56328125 0.16484375 0.04921875 0.08515625
10 0.515625 0.146875 0.0578125 0.08046875
10 0.2515625 0.23125 0.04453125 0.071875
10 0.30703125 0.21875 0.059375 0.08671875
1 0.3875 0.21875 0.06796875 0.0796875
1 0.45390625 0.21875 0.06015625 0.08359375
10 0.50390625 0.21953125 0.04765625 0.075
10 0.565625 0.22109375 0.04609375 0.10625
10 0.60390625 0.23046875 0.04453125 0.078125
1 0.734375 0.35546875 0.0578125 0.08671875
10 0.68203125 0.34140625 0.05390625 0.08046875
1 0.62890625 0.340625 0.05546875 0.0796875
10 0.575 0.31953125 0.05859375 0.08984375
1 0.5015625 0.34296875 0.06796875 0.09140625
10 0.440625 0.31796875 0.0609375 0.13046875
10 0.384375 0.30625 0.06015625 0.1453125
10 0.3375 0.28203125 0.0546875 0.1359375
2 0.37734375 0.38046875 0.02578125 0.03671875
2 0.32421875 0.38046875 0.04765625 0.0390625
10 0.27578125 0.2859375 0.05703125 0.14453125
1 0.215625 0.3265625 0.06484375 0.1
7 0.21328125 0.36640625 0.03984375 0.0390625
3 0.2109375 0.3171875 0.02421875 0.0453125
10 0.484375 0.41796875 0.0734375 0.134375
10 0.56953125 0.44375 0.07109375 0.11875
10 0.63828125 0.44609375 0.07421875 0.16953125
6 0.71875 0.41875 0.02890625 0.071875
10 0.70703125 0.4609375 0.07109375 0.15625
10 0.76640625 0.47890625 0.05625 0.15078125
10 0.80078125 0.64296875 0.09453125 0.14921875
10 0.57890625 0.62890625 0.090625 0.1796875
10 0.4734375 0.59296875 0.08125 0.13671875
10 0.39765625 0.58828125 0.078125 0.1359375
10 0.31875 0.59296875 0.08046875 0.20859375
10 0.253125 0.56796875 0.06640625 0.16796875
2 0.5859375 0.51796875 0.05546875 0.05625
7 0.653125 0.528125 0.0546875 0.05703125
7 0.5890625 0.68125 0.065625 0.06796875
7 0.4859375 0.678125 0.06796875 0.08046875
2 0.39375 0.68046875 0.06328125 0.06875
7 0.31328125 0.68125 0.06171875 0.06875
2 0.23671875 0.6640625 0.0578125 0.065625
5 0.50390625 0.953125 0.02578125 0.06015625
0 0.9625 0.85546875 0.01796875 0.0390625
2 0.9671875 0.85625 0.03203125 0.065625
3 0.98203125 0.80546875 0.02578125 0.0609375
10 0.953125 0.80546875 0.08515625 0.109375
10 0.94609375 0.61953125 0.04921875 0.11953125
10 0.89453125 0.6015625 0.07734375 0.090625
2 0.9171875 0.665625 0.03515625 0.05078125
2 0.9546875 0.65546875 0.03046875 0.040625
5 0.92421875 0.64921875 0.0140625 0.03046875
10 0.83203125 0.3984375 0.05078125 0.09453125
10 0.878125 0.40703125 0.04296875 0.096875
10 0.80078125 0.31796875 0.05078125 0.08828125
1 0.8421875 0.33046875 0.05078125 0.06953125
10 0.77890625 0.2453125 0.04140625 0.07578125
10 0.81484375 0.25546875 0.04140625 0.0734375
10 0.75625 0.190625 0.0390625 0.06796875
10 0.784375 0.1984375 0.0296875 0.05546875
1 0.75859375 0.15390625 0.0390625 0.0546875
10 0.73515625 0.11328125 0.03359375 0.05
10 0.6875 0.0734375 0.03125 0.05625
10 0.709375 0.07578125 0.02421875 0.05078125
2 0.11875 0.30625 0.02578125 0.02890625
1 0.3296875 0.10703125 0.03515625 0.04453125
10 0.58203125 0.09375 0.03828125 0.06953125
10 0.56953125 0.05703125 0.03984375 0.06953125
3 0.29453125 0.09375 0.01484375 0.03515625
3 0.315625 0.05546875 0.01484375 0.0296875
3 0.353125 0.05234375 0.015625 0.034375
3 0.32890625 0.10546875 0.01640625 0.03359375
0 0.321875 0.12734375 0.01328125 0.025
0 0.29453125 0.18671875 0.01640625 0.01953125
0 0.33828125 0.18125 0.01953125 0.01953125
2 0.34765625 0.1859375 0.03125 0.01953125
3 0.29453125 0.13671875 0.01953125 0.04453125
3 0.3453125 0.1375 0.02109375 0.04375
3 0.38203125 0.0875 0.01796875 0.03046875
3 0.3875 0.046875 0.0140625 0.03046875
0 0.378125 0.12578125 0.0140625 0.01875
3 0.38515625 0.1515625 0.01953125 0.03671875
3 0.4171875 0.05625 0.01796875 0.03046875
3 0.421875 0.01796875 0.01328125 0.02890625
3 0.45 0.01875 0.01328125 0.028125
3 0.465625 0.0421875 0.01484375 0.03046875
3 0.46015625 0.06796875 0.01796875 0.0359375
2 0.465625 0.12421875 0.0234375 0.01953125
3 0.4890625 0.01328125 0.01484375 0.02421875
3 0.5015625 0.0421875 0.01640625 0.034375
9 0.5 0.078125 0.0171875 0.0296875
3 0.51875 0.02734375 0.01328125 0.0265625
2 0.52265625 0.05546875 0.01640625 0.01484375
3 0.54296875 0.08828125 0.0171875 0.03125
3 0.56953125 0.05625 0.015625 0.03203125
3 0.61640625 0.0546875 0.01484375 0.03359375
3 0.58828125 0.08203125 0.01796875 0.03515625
3 0.62578125 0.10625 0.015625 0.034375
3 0.5796875 0.04375 0.01484375 0.028125
3 0.51953125 0.13125 0.01953125 0.046875
3 0.57578125 0.14296875 0.01875 0.04140625
3 0.615625 0.15078125 0.01796875 0.0390625
3 0.6546875 0.0734375 0.01484375 0.03125
3 0.671875 0.11875 0.0171875 0.03046875
2 0.59140625 0.140625 0.02109375 0.01875
2 0.54453125 0.13125 0.02421875 0.01953125
3 0.66328125 0.165625 0.01875 0.03671875
2 0.6375 0.14296875 0.01484375 0.0234375
2 0.68046875 0.15625 0.0171875 0.02109375
0 0.6578125 0.19921875 0.01796875 0.01953125
3 0.446875 0.1359375 0.01875 0.04453125
7 0.43515625 0.18125 0.02734375 0.02578125
3 0.25078125 0.21875 0.02109375 0.04296875
0 0.25078125 0.265625 0.01640625 0.0296875
0 0.31015625 0.25546875 0.02265625 0.0203125
3 0.3125 0.196875 0.02109375 0.04375
3 0.390625 0.2125 0.0234375 0.04375
3 0.45078125 0.20859375 0.021875 0.04453125
7 0.453125 0.25625 0.0296875 0.0359375
3 0.50625 0.20546875 0.02109375 0.040625
0 0.49375 0.25625 0.0171875 0.03046875
2 0.51953125 0.259375 0.0375 0.03125
3 0.571875 0.19375 0.02265625 0.04609375
3 0.61015625 0.21875 0.02265625 0.04609375
2 0.55703125 0.27265625 0.02421875 0.03046875
7 0.58203125 0.26875 0.03828125 0.0359375
5 0.5875 0.2625 0.01953125 0.01953125
5 0.60078125 0.28046875 0.0125 0.021875
2 0.61953125 0.28046875 0.03828125 0.03125
3 0.734375 0.34921875 0.02109375 0.04453125
3 0.69375 0.33046875 0.02265625 0.04609375
0 0.68828125 0.3734375 0.01953125 0.03046875
3 0.63984375 0.328125 0.02421875 0.0484375
7 0.625 0.37890625 0.0390625 0.04609375
0 0.57265625 0.35625 0.02421875 0.03203125
2 0.584375 0.37421875 0.0453125 0.04453125
3 0.58125 0.30546875 0.0234375 0.0484375
3 0.49375 0.3359375 0.02421875 0.05625
9 0.434375 0.28671875 0.03046875 0.05546875
7 0.440625 0.3734375 0.02734375 0.04296875
0 0.39296875 0.36640625 0.03203125 0.02578125
3 0.39375 0.26875 0.0265625 0.059375
5 0.31875 0.36796875 0.01328125 0.025
3 0.3328125 0.24375 0.02421875 0.05859375
2 0.26328125 0.36875 0.04375 0.040625
6 0.275 0.24375 0.02109375 0.05546875
3 0.4859375 0.3875 0.028125 0.06953125
2 0.48671875 0.49375 0.05234375 0.0515625
3 0.57578125 0.4234375 0.03203125 0.06640625
6 0.6515625 0.40390625 0.03203125 0.07109375
3 0.76953125 0.43828125 0.02421875 0.0640625
7 0.725 0.53046875 0.0453125 0.0515625
3 0.8125 0.60546875 0.0296875 0.071875
2 0.803125 0.6984375 0.0484375 0.06640625
3 0.5890625 0.578125 0.03359375 0.06796875
3 0.47265625 0.55859375 0.03359375 0.06875
3 0.390625 0.55625 0.03046875 0.06953125
6 0.3 0.5296875 0.0328125 0.07421875
3 0.24453125 0.51875 0.028125 0.06484375
3 0.91953125 0.5859375 0.021875 0.05625
3 0.95703125 0.59296875 0.021875 0.05
0 0.840625 0.44296875 0.0203125 0.02578125
2 0.84375 0.45703125 0.03203125 0.02421875
3 0.8421875 0.37734375 0.02109375 0.046875
3 0.88515625 0.38828125 0.01875 0.04921875
3 0.815625 0.30546875 0.02109375 0.04609375
3 0.85625 0.3234375 0.02109375 0.04375
0 0.81875 0.35546875 0.01953125 0.0296875
2 0.81171875 0.3671875 0.0296875 0.02109375
3 0.825 0.23984375 0.01953125 0.040625
3 0.78515625 0.23125 0.01875 0.0359375
3 0.76328125 0.17421875 0.01796875 0.03125
3 0.790625 0.19375 0.01640625 0.03515625
3 0.76328125 0.14375 0.01875 0.03359375
3 0.7375 0.10234375 0.0140625 0.02890625
0 0.7375 0.13046875 0.01328125 0.01875
6 0.71328125 0.0640625 0.0125 0.0265625
3 0.6921875 0.06484375 0.01328125 0.028125
0 0.6890625 0.09296875 0.0125 0.015625