3 0.021875 0.59375 0.0234375 0.05390625
10 0.04296875 0.60625 0.06484375 0.13203125
2 0.11796875 0.309375 0.0265625 0.03125
10 0.159375 0.25625 0.0453125 0.103125
2 0.19375 0.23125 0.03046875 0.0265625
3 0.1796875 0.2046875 0.01796875 0.03515625
1 0.1921875 0.20625 0.04375 0.046875
0 0.19375 0.171875 0.0125 0.01875
3 0.19765625 0.13125 0.01328125 0.034375
10 0.196875 0.14375 0.03828125 0.06875
0 0.25 0.10703125 0.0140625 0.01875
2 0.2546875 0.11484375 0.02890625 0.01640625
3 0.253125 0.08046875 0.01640625 0.0296875
10 0.26015625 0.0890625 0.03671875 0.0484375
10 0.321875 0.04140625 0.04140625 0.04609375
10 0.3140625 0.06875 0.0375 0.05703125
10 0.28828125 0.1078125 0.04375 0.06171875
10 0.3875 0.06015625 0.03671875 0.05546875
10 0.378125 0.10390625 0.0453125 0.06171875
10 0.41953125 0.028125 0.03359375 0.0546875
1 0.4265625 0.05625 0.03125 0.053125
3 0.4203125 0.05703125 0.01875 0.03046875
10 0.45 0.03125 0.02421875 0.04921875
10 0.46328125 0.0546875 0.040625 0.0609375
10 0.4609375 0.08359375 0.040625 0.0734375
10 0.4859375 0.028125 0.02890625 0.05390625
10 0.5015625 0.09375 0.03515625 0.06328125
10 0.503125 0.05546875 0.03671875 0.06640625
10 0.52265625 0.03125 0.028125 0.0453125
10 0.53984375 0.096875 0.04140625 0.05546875
2 0.46328125 0.1234375 0.028125 0.01953125
2 0.54453125 0.13125 0.02421875 0.01953125
2 0.525 0.05546875 0.0140625 0.01484375
10 0.54765625 0.03984375 0.03515625 0.0484375
10 0.56875 0.06796875 0.0390625 0.05859375
10 0.58515625 0.04609375 0.02890625 0.04921875
10 0.58125 0.10625 0.0390625 0.06015625
2 0.59140625 0.140625 0.02265625 0.0203125
10 0.609375 0.07421875 0.03671875 0.05546875
10 0.621875 0.115625 0.04296875 0.06015625
10 0.6515625 0.08125 0.0375 0.0546875
1 0.66875 0.13046875 0.0484375 0.05390625
10 0.6515625 0.17734375 0.04921875 0.06171875
10 0.61015625 0.16328125 0.0375 0.06875
10 0.5640625 0.165625 0.05 0.08828125
10 0.51328125 0.15234375 0.05859375 0.07890625
10 0.43984375 0.14375 0.05859375 0.0890625
10 0.38828125 0.15625 0.04296875 0.0546875
10 0.34375 0.15625 0.05078125 0.0765625
0 0.33828125 0.18046875 0.02109375 0.0203125
2 0.3453125 0.1859375 0.034375 0.0203125
10 0.29453125 0.15546875 0.046875 0.06875
10 0.2515625 0.240625 0.04453125 0.078125
10 0.30703125 0.21875 0.05078125 0.09609375
1 0.38828125 0.21796875 0.06875 0.08203125
1 0.4546875 0.215625 0.0625 0.08671875
7 0.453125 0.25546875 0.02734375 0.03671875
10 0.50625 0.2203125 0.0484375 0.07421875
10 0.565625 0.21875 0.0484375 0.08515625
10 0.60703125 0.21875 0.046875 0.09609375
2 0.55625 0.27265625 0.0234375 0.03046875
2 0.58203125 0.27578125 0.03828125 0.03046875
5 0.58828125 0.265625 0.02109375 0.015625
5 0.60078125 0.28125 0.01328125 0.02109375
2 0.61953125 0.28046875 0.03828125 0.03203125
1 0.734375 0.35625 0.05859375 0.08671875
10 0.68359375 0.3421875 0.05859375 0.0859375
1 0.62890625 0.3421875 0.05546875 0.0734375
10 0.5734375 0.32265625 0.059375 0.08046875
5 0.57421875 0.365625 0.0234375 0.01796875
2 0.584375 0.37421875 0.0453125 0.04375
7 0.62578125 0.37421875 0.03203125 0.04375
1 0.5015625 0.34375 0.06875 0.09375
10 0.4421875 0.31796875 0.05859375 0.1265625
10 0.38984375 0.30625 0.0640625 0.1453125
2 0.3765625 0.38125 0.02578125 0.03984375
0 0.43203125 0.36640625 0.02578125 0.03046875
2 0.32421875 0.3796875 0.04765625 0.040625
5 0.31875 0.36796875 0.0140625 0.0265625
10 0.33828125 0.28359375 0.05546875 0.13515625
10 0.275 0.2828125 0.05625 0.13828125
2 0.26328125 0.36875 0.04296875 0.04296875
7 0.21328125 0.3671875 0.040625 0.03984375
3 0.209375 0.31796875 0.02421875 0.046875
1 0.215625 0.32734375 0.06171875 0.09921875
10 0.4890625 0.4390625 0.08671875 0.1359375
10 0.5734375 0.45546875 0.078125 0.1484375
10 0.640625 0.44609375 0.07265625 0.18046875
7 0.65390625 0.5296875 0.05390625 0.05546875
7 0.721875 0.52890625 0.0515625 0.06328125
10 0.70703125 0.446875 0.0625 0.16953125
10 0.76328125 0.48125 0.06328125 0.146875
10 0.79921875 0.63046875 0.09453125 0.15078125
2 0.80234375 0.6984375 0.04921875 0.06875
10 0.57890625 0.57890625 0.07734375 0.16328125
2 0.57421875 0.6734375 0.06328125 0.06875
2 0.47890625 0.68046875 0.06640625 0.071875
10 0.39140625 0.5921875 0.07890625 0.203125
10 0.47890625 0.58359375 0.07109375 0.14453125
7 0.39375 0.68984375 0.06484375 0.06484375
2 0.31328125 0.6859375 0.06171875 0.06875
10 0.3171875 0.56796875 0.07578125 0.17890625
10 0.253125 0.56953125 0.06640625 0.15625
2 0.23671875 0.66171875 0.05703125 0.06875
5 0.50390625 0.95234375 0.02578125 0.0640625
0 0.9625 0.85625 0.0203125 0.04140625
2 0.96640625 0.8609375 0.03203125 0.05859375
3 0.98125 0.81640625 0.02421875 0.06171875
10 0.953125 0.81015625 0.0796875 0.10546875
5 0.92578125 0.65546875 0.01328125 0.03125
2 0.91875 0.66796875 0.03671875 0.046875
2 0.9546875 0.65625 0.03203125 0.04140625
10 0.94609375 0.61875 0.0453125 0.1265625
10 0.90234375 0.60859375 0.0671875 0.10546875
10 0.83203125 0.40390625 0.053125 0.096875
10 0.87734375 0.40859375 0.0421875 0.10546875
10 0.80078125 0.321875 0.05390625 0.09375
1 0.84453125 0.3328125 0.05078125 0.06171875
10 0.778125 0.24375 0.03671875 0.06640625
10 0.81484375 0.25546875 0.0421875 0.07421875
10 0.7578125 0.1859375 0.04140625 0.06875
10 0.78515625 0.19765625 0.02578125 0.05625
1 0.75859375 0.15390625 0.0390625 0.0515625
10 0.73203125 0.11015625 0.034375 0.05546875
10 0.7125 0.08125 0.0296875 0.04453125
10 0.68515625 0.071875 0.028125 0.05546875
3 0.15625 0.23046875 0.0171875 0.04453125
1 0.3296875 0.11015625 0.03828125 0.04453125
10 0.35078125 0.05546875 0.03984375 0.06640625
3 0.321875 0.03203125 0.0140625 0.02890625
3 0.315625 0.05625 0.0171875 0.0296875
3 0.290625 0.09609375 0.01640625 0.0359375
6 0.35390625 0.04375 0.01484375 0.03359375
3 0.3296875 0.10546875 0.01640625 0.0296875
0 0.321875 0.1296875 0.0140625 0.01640625
0 0.3765625 0.12578125 0.01484375 0.01953125
3 0.38203125 0.090625 0.01875 0.03203125
3 0.3875 0.04765625 0.01484375 0.03046875
3 0.421875 0.01796875 0.0140625 0.028125
3 0.45078125 0.01953125 0.01484375 0.028125
3 0.4609375 0.040625 0.01484375 0.03046875
3 0.459375 0.06875 0.0171875 0.03671875
6 0.48828125 0.0109375 0.01484375 0.01953125
3 0.50390625 0.04140625 0.01640625 0.03359375
3 0.51953125 0.0265625 0.01484375 0.0265625
9 0.49921875 0.07890625 0.0171875 0.03125
3 0.54140625 0.090625 0.015625 0.03203125
3 0.55390625 0.03046875 0.01328125 0.028125
3 0.57109375 0.05625 0.0171875 0.03203125
3 0.58671875 0.040625 0.0140625 0.03046875
3 0.5859375 0.09375 0.01484375 0.0296875
3 0.61796875 0.0625 0.0171875 0.03046875
3 0.62578125 0.103125 0.01640625 0.034375
3 0.653125 0.071875 0.01484375 0.03046875
2 0.6359375 0.14375 0.015625 0.021875
7 0.646875 0.103125 0.0203125 0.02890625
3 0.671875 0.11875 0.0171875 0.0296875
2 0.6796875 0.15625 0.01875 0.01953125
0 0.65859375 0.2015625 0.0171875 0.021875
3 0.6640625 0.165625 0.01796875 0.034375
3 0.6171875 0.146875 0.01875 0.03828125
3 0.575 0.14375 0.01953125 0.040625
3 0.515625 0.134375 0.02109375 0.04375
3 0.44140625 0.11875 0.01875 0.03984375
7 0.43515625 0.18125 0.02578125 0.03046875
0 0.41640625 0.18046875 0.01484375 0.028125
3 0.38515625 0.146875 0.01953125 0.03828125
3 0.346875 0.140625 0.01953125 0.03984375
3 0.29140625 0.14375 0.01796875 0.0390625
2 0.29140625 0.19140625 0.01875 0.0203125
3 0.25078125 0.22265625 0.02109375 0.04375
0 0.25 0.26875 0.01796875 0.02421875
3 0.30703125 0.19375 0.021875 0.04375
0 0.31171875 0.25625 0.02578125 0.01953125
3 0.38671875 0.2125 0.0234375 0.04375
3 0.45 0.20546875 0.0234375 0.040625
3 0.50703125 0.21015625 0.02109375 0.04296875
3 0.57265625 0.20078125 0.01953125 0.04375
0 0.49375 0.25625 0.0171875 0.03046875
2 0.51875 0.26171875 0.0390625 0.03046875
3 0.61015625 0.19296875 0.021875 0.04375
3 0.6984375 0.328125 0.02265625 0.04921875
3 0.734375 0.353125 0.0203125 0.0515625
0 0.68828125 0.37578125 0.02109375 0.03125
3 0.63203125 0.33046875 0.02265625 0.04609375
3 0.58125 0.30625 0.02265625 0.046875
3 0.49453125 0.334375 0.02421875 0.05546875
3 0.44296875 0.28828125 0.02734375 0.05546875
3 0.40078125 0.2640625 0.025 0.0609375
3 0.33515625 0.246875 0.02421875 0.05546875
6 0.275 0.24609375 0.021875 0.06015625
3 0.4859375 0.40625 0.028125 0.05625
7 0.48671875 0.49453125 0.05390625 0.05390625
3 0.584375 0.42421875 0.0328125 0.06953125
6 0.6484375 0.39375 0.03203125 0.06640625
6 0.71640625 0.3984375 0.028125 0.06953125
3 0.76953125 0.44140625 0.02734375 0.0640625
6 0.8296875 0.59296875 0.03203125 0.075
3 0.58671875 0.5328125 0.0328125 0.075
3 0.4734375 0.55234375 0.03515625 0.07109375
6 0.390625 0.53046875 0.0328125 0.0796875
6 0.3125 0.51953125 0.03203125 0.084375
3 0.24453125 0.53046875 0.03359375 0.06640625
9 0.92421875 0.58125 0.02109375 0.05390625
3 0.95703125 0.58671875 0.021875 0.05546875
3 0.84375 0.38046875 0.02109375 0.0453125
3 0.8859375 0.384375 0.01796875 0.04453125
0 0.84140625 0.44296875 0.01953125 0.021875
2 0.84453125 0.4578125 0.03203125 0.025
3 0.81640625 0.30546875 0.02109375 0.04296875
8 0.859375 0.34375 0.0203125 0.04296875
0 0.815625 0.35625 0.01953125 0.02890625
0 0.8125 0.36640625 0.0296875 0.0234375
3 0.825 0.23984375 0.01953125 0.0390625
3 0.784375 0.23125 0.01953125 0.03828125
3 0.78828125 0.19140625 0.01796875 0.03359375
3 0.76484375 0.17265625 0.01640625 0.03203125
7 0.7609375 0.2140625 0.01796875 0.0265625
3 0.7609375 0.14296875 0.015625 0.03046875
3 0.73984375 0.10078125 0.0140625 0.03046875
0 0.73828125 0.13125 0.01328125 0.015625
3 0.7203125 0.07734375 0.0125 0.02890625
3 0.6890625 0.05703125 0.01328125 0.028125
0 0.690625 0.09296875 0.01171875 0.0140625