3 0.0171875 0.5765625 0.03046875 0.0609375
10 0.0375 0.603125 0.0734375 0.14296875
3 0.15390625 0.23125 0.01796875 0.04140625
10 0.15703125 0.25 0.04609375 0.09453125
0 0.17734375 0.23125 0.0109375 0.025
2 0.1921875 0.23046875 0.03046875 0.02421875
1 0.159375 0.20625 0.03203125 0.046875
3 0.18203125 0.19296875 0.01640625 0.0359375
10 0.19140625 0.20625 0.03984375 0.06015625
0 0.1921875 0.171875 0.01015625 0.01875
3 0.196875 0.13046875 0.0140625 0.03125
10 0.196875 0.146875 0.0359375 0.06953125
5 0.25 0.1140625 0.0109375 0.01171875
2 0.2546875 0.11484375 0.028125 0.01484375
3 0.2515625 0.07890625 0.015625 0.0296875
1 0.259375 0.08828125 0.03671875 0.05
3 0.33125 0.01796875 0.0140625 0.02890625
10 0.315625 0.06875 0.03515625 0.05546875
10 0.28828125 0.10546875 0.040625 0.0609375
10 0.378125 0.103125 0.0453125 0.06015625
10 0.35078125 0.06171875 0.03515625 0.05625
10 0.29375 0.15546875 0.046875 0.08671875
10 0.34375 0.1546875 0.04921875 0.078125
10 0.390625 0.14375 0.0453125 0.071875
10 0.44140625 0.15546875 0.06328125 0.078125
10 0.39140625 0.05546875 0.03671875 0.06484375
1 0.4265625 0.05546875 0.03359375 0.05
10 0.4203125 0.028125 0.03359375 0.053125
10 0.45 0.03046875 0.028125 0.05
10 0.46171875 0.05546875 0.03828125 0.05703125
10 0.46171875 0.084375 0.05078125 0.06953125
10 0.49765625 0.053125 0.03515625 0.06484375
10 0.48671875 0.0265625 0.0296875 0.0515625
10 0.50546875 0.09296875 0.03828125 0.06328125
10 0.52109375 0.03125 0.02890625 0.04140625
10 0.540625 0.09609375 0.0390625 0.05625
10 0.5484375 0.040625 0.03359375 0.0453125
10 0.58671875 0.04296875 0.02890625 0.0453125
10 0.609375 0.06796875 0.034375 0.06015625
10 0.62265625 0.1140625 0.046875 0.0609375
1 0.6671875 0.13046875 0.046875 0.05
1 0.65390625 0.0890625 0.034375 0.04921875
10 0.6515625 0.1734375 0.04921875 0.05625
10 0.6109375 0.165625 0.03828125 0.06953125
10 0.56328125 0.16484375 0.04921875 0.08515625
10 0.515625 0.14296875 0.0578125 0.08046875
10 0.2515625 0.23203125 0.04375 0.06953125
10 0.309375 0.21796875 0.0578125 0.0953125
1 0.3875 0.21875 0.06796875 0.0796875
1 0.4546875 0.21875 0.06015625 0.08359375
10 0.50546875 0.21875 0.04765625 0.075
10 0.565625 0.21875 0.0484375 0.109375
10 0.60390625 0.23046875 0.04453125 0.078125
1 0.73203125 0.35546875 0.05859375 0.08125
10 0.68125 0.334375 0.05390625 0.08046875
1 0.6296875 0.34140625 0.05703125 0.07890625
10 0.575 0.31953125 0.05859375 0.08046875
1 0.50078125 0.34296875 0.06796875 0.09140625
10 0.440625 0.31796875 0.0609375 0.125
10 0.384375 0.30546875 0.06015625 0.14453125
10 0.33828125 0.28125 0.05546875 0.1359375
2 0.37734375 0.38046875 0.02578125 0.03671875
2 0.32421875 0.38046875 0.04765625 0.0390625
10 0.275 0.28125 0.05703125 0.1359375
1 0.215625 0.3265625 0.06484375 0.1
7 0.21328125 0.36640625 0.03984375 0.0390625
3 0.2109375 0.3171875 0.02421875 0.0453125
10 0.484375 0.41796875 0.0734375 0.134375
10 0.56953125 0.44375 0.07109375 0.11875
10 0.63828125 0.44296875 0.07421875 0.16953125
6 0.71875 0.421875 0.02890625 0.06953125
10 0.70703125 0.46328125 0.07109375 0.15546875
10 0.7671875 0.48125 0.05625 0.15078125
10 0.7890625 0.6265625 0.08203125 0.10390625
10 0.57890625 0.62890625 0.090625 0.1796875
10 0.48046875 0.5796875 0.08046875 0.1703125
10 0.3984375 0.5890625 0.078125 0.13828125
10 0.3171875 0.58125 0.07890625 0.16015625
10 0.25234375 0.56875 0.0671875 0.16875
2 0.58515625 0.51796875 0.05546875 0.05625
7 0.653125 0.528125 0.0546875 0.05703125
7 0.5890625 0.68125 0.065625 0.06796875
7 0.47890625 0.6734375 0.06796875 0.08125
2 0.39375 0.68046875 0.06328125 0.06875
2 0.31328125 0.684375 0.06171875 0.06953125
2 0.23671875 0.6640625 0.0578125 0.065625
5 0.50390625 0.953125 0.02578125 0.06015625
0 0.9625 0.85546875 0.01796875 0.0390625
2 0.96640625 0.85625 0.03203125 0.06875
3 0.98203125 0.8109375 0.02578125 0.05625
10 0.95390625 0.80625 0.08359375 0.11015625
10 0.94609375 0.61796875 0.04921875 0.11953125
10 0.89453125 0.6015625 0.07734375 0.090625
2 0.9171875 0.665625 0.03515625 0.05078125
2 0.95546875 0.65546875 0.03046875 0.040625
5 0.925 0.65 0.0140625 0.03125
10 0.83203125 0.403125 0.05234375 0.10078125
10 0.87734375 0.40546875 0.04140625 0.1015625
10 0.80390625 0.31796875 0.05078125 0.08828125
1 0.834375 0.32890625 0.0359375 0.075
10 0.77890625 0.24375 0.04140625 0.07578125
10 0.81484375 0.25546875 0.04140625 0.0734375
10 0.75625 0.190625 0.0390625 0.06875
10 0.78359375 0.2015625 0.0296875 0.053125
1 0.75859375 0.15390625 0.0390625 0.0546875
10 0.734375 0.1109375 0.0328125 0.05625
10 0.6875 0.07109375 0.0328125 0.05546875
10 0.71015625 0.0765625 0.021875 0.05078125
2 0.11875 0.30546875 0.02578125 0.028125
1 0.328125 0.10703125 0.0359375 0.04453125
10 0.58125 0.1015625 0.0390625 0.06328125
10 0.56875 0.06875 0.03984375 0.05546875
10 0.3296875 0.03046875 0.03046875 0.0515625
2 0.265625 0.36796875 0.04296875 0.03828125
3 0.315625 0.05546875 0.01484375 0.028125
3 0.29453125 0.09375 0.01484375 0.03515625
3 0.325 0.10546875 0.0171875 0.03359375
0 0.32421875 0.1296875 0.01328125 0.0203125
3 0.35625 0.05 0.0140625 0.03125
3 0.38203125 0.08984375 0.01796875 0.0296875
9 0.3984375 0.04140625 0.01796875 0.03203125
3 0.41953125 0.01796875 0.01328125 0.02890625
3 0.421875 0.0484375 0.0171875 0.03046875
3 0.45078125 0.01796875 0.01484375 0.0265625
3 0.46015625 0.06875 0.01640625 0.03125
3 0.465625 0.0421875 0.01484375 0.03046875
6 0.48828125 0.01015625 0.01484375 0.01875
3 0.496875 0.0359375 0.01640625 0.03125
2 0.46328125 0.12265625 0.028125 0.01953125
9 0.51328125 0.07421875 0.01796875 0.03125
3 0.51953125 0.028125 0.01328125 0.0265625
3 0.54375 0.08671875 0.01484375 0.03125
2 0.54453125 0.13046875 0.02421875 0.01875
3 0.5546875 0.03125 0.0125 0.0265625
3 0.584375 0.03984375 0.01328125 0.0296875
3 0.56953125 0.05625 0.015625 0.03046875
3 0.584375 0.0859375 0.01640625 0.03125
3 0.615625 0.05625 0.01484375 0.03046875
3 0.63046875 0.1015625 0.01640625 0.0359375
3 0.628125 0.14140625 0.0109375 0.01484375
2 0.59140625 0.140625 0.02109375 0.01953125
2 0.63671875 0.14296875 0.01484375 0.02109375
3 0.65703125 0.08046875 0.01484375 0.0296875
3 0.671875 0.11796875 0.01640625 0.02890625
2 0.68046875 0.15546875 0.01796875 0.0203125
3 0.66484375 0.1640625 0.01953125 0.03515625
5 0.66015625 0.20390625 0.01484375 0.01796875
3 0.61484375 0.15078125 0.01953125 0.0390625
3 0.575 0.14375 0.01796875 0.040625
3 0.51953125 0.13125 0.02109375 0.046875
3 0.44375 0.1375 0.01953125 0.04375
7 0.434375 0.18125 0.02578125 0.02109375
6 0.38203125 0.13125 0.01875 0.04375
0 0.33828125 0.18046875 0.01953125 0.0203125
6 0.29453125 0.13515625 0.01796875 0.04453125
3 0.3453125 0.13671875 0.01953125 0.04453125
2 0.35390625 0.18359375 0.01953125 0.01875
3 0.2515625 0.21796875 0.02109375 0.04140625
0 0.25 0.26640625 0.015625 0.02890625
3 0.31171875 0.19296875 0.02265625 0.0453125
5 0.315625 0.25546875 0.0171875 0.01640625
3 0.390625 0.209375 0.0203125 0.04375
3 0.4515625 0.20625 0.02265625 0.04453125
7 0.453125 0.25625 0.02890625 0.0359375
3 0.50625 0.20546875 0.02109375 0.040625
0 0.49296875 0.25625 0.0171875 0.02890625
2 0.51953125 0.259375 0.03828125 0.03046875
6 0.56640625 0.1890625 0.02109375 0.046875
2 0.55625 0.271875 0.0234375 0.03125
7 0.5828125 0.271875 0.03671875 0.03125
5 0.58828125 0.26171875 0.01953125 0.01875
5 0.60078125 0.28125 0.01171875 0.02109375
3 0.61015625 0.21171875 0.02265625 0.04375
2 0.61953125 0.28046875 0.0375 0.03203125
3 0.73515625 0.35078125 0.021875 0.0484375
5 0.7296875 0.39296875 0.01015625 0.0234375
3 0.69375 0.328125 0.02109375 0.046875
0 0.68515625 0.37421875 0.021875 0.03125
0 0.575 0.35625 0.02265625 0.03046875
7 0.62265625 0.37890625 0.03828125 0.0453125
3 0.6375 0.328125 0.0234375 0.04609375
3 0.584375 0.30625 0.0234375 0.046875
2 0.584375 0.3734375 0.0453125 0.04375
3 0.49453125 0.33515625 0.02578125 0.05546875
9 0.4375 0.28671875 0.03046875 0.05625
7 0.44140625 0.371875 0.02578125 0.04453125
0 0.3921875 0.36796875 0.03046875 0.0234375
3 0.390625 0.26796875 0.02734375 0.05859375
5 0.31875 0.36875 0.01171875 0.02578125
3 0.33515625 0.24296875 0.02421875 0.05859375
6 0.27578125 0.24375 0.025 0.05703125
3 0.484375 0.38984375 0.02890625 0.06640625
2 0.4875 0.49375 0.05234375 0.05390625
3 0.57265625 0.4265625 0.03359375 0.0609375
3 0.65 0.403125 0.03203125 0.0703125
3 0.76953125 0.4390625 0.02578125 0.06328125
7 0.72421875 0.53046875 0.0453125 0.0515625
2 0.80234375 0.696875 0.0515625 0.06875
3 0.58828125 0.578125 0.03203125 0.06796875
6 0.4859375 0.53125 0.03359375 0.075
3 0.3890625 0.55546875 0.03828125 0.07421875
3 0.3140625 0.55546875 0.03359375 0.078125
3 0.24609375 0.51875 0.03359375 0.06875
3 0.921875 0.5859375 0.0203125 0.05625
3 0.88203125 0.38125 0.01796875 0.046875
3 0.84140625 0.37890625 0.01953125 0.04609375
0 0.840625 0.44140625 0.02109375 0.021875
2 0.84453125 0.45625 0.03203125 0.02578125
2 0.8359375 0.31015625 0.01875 0.04453125
2 0.81875 0.309375 0.02109375 0.04453125
0 0.81875 0.35625 0.01796875 0.0265625
2 0.8125 0.36875 0.02890625 0.0203125
3 0.825 0.240625 0.0203125 0.03984375
3 0.784375 0.23125 0.01796875 0.03828125
3 0.78984375 0.19296875 0.01640625 0.0359375
3 0.76328125 0.17265625 0.01640625 0.03046875
7 0.76015625 0.21640625 0.01953125 0.021875
3 0.76328125 0.14296875 0.01640625 0.03203125
3 0.73828125 0.0984375 0.01328125 0.03046875
0 0.73828125 0.13046875 0.0125 0.01875
0 0.6890625 0.09296875 0.0125 0.0140625
0 0.71328125 0.0640625 0.0125 0.025
9 0.690625 0.0609375 0.01328125 0.03046875