3 0.021875 0.59296875 0.0234375 0.053125
10 0.0421875 0.60625 0.06328125 0.13203125
2 0.11875 0.30546875 0.02890625 0.03125
10 0.16171875 0.25078125 0.0421875 0.0984375
1 0.19140625 0.20546875 0.04140625 0.04453125
2 0.19375 0.23046875 0.03046875 0.02421875
0 0.1921875 0.16796875 0.01171875 0.01953125
3 0.196875 0.13046875 0.0140625 0.03359375
10 0.196875 0.14296875 0.03671875 0.0640625
10 0.26015625 0.0890625 0.03671875 0.04921875
10 0.32265625 0.0421875 0.04296875 0.04375
10 0.315625 0.06875 0.0359375 0.05703125
10 0.28828125 0.10625 0.04296875 0.06171875
1 0.32890625 0.10625 0.03984375 0.04921875
10 0.35078125 0.06484375 0.0375 0.0609375
10 0.38671875 0.05859375 0.0390625 0.05546875
10 0.378125 0.1046875 0.04296875 0.06484375
10 0.41953125 0.028125 0.03359375 0.053125
10 0.45 0.03125 0.02734375 0.04921875
1 0.425 0.05625 0.0328125 0.046875
10 0.4875 0.03125 0.0328125 0.0546875
10 0.46015625 0.08515625 0.04609375 0.08125
10 0.503125 0.05546875 0.0359375 0.06484375
10 0.49375 0.09296875 0.040625 0.0640625
10 0.5234375 0.03125 0.02421875 0.046875
10 0.53828125 0.09375 0.040625 0.0703125
10 0.5484375 0.04140625 0.03359375 0.04921875
10 0.58203125 0.10546875 0.04296875 0.065625
10 0.584375 0.04375 0.03046875 0.04921875
10 0.61015625 0.0734375 0.0375 0.05546875
10 0.621875 0.11640625 0.0421875 0.065625
1 0.65234375 0.0890625 0.03828125 0.0484375
1 0.66875 0.1296875 0.04921875 0.05390625
10 0.6515625 0.1765625 0.04765625 0.06328125
10 0.6109375 0.16015625 0.040625 0.06875
10 0.5640625 0.16484375 0.04921875 0.0890625
10 0.515625 0.14453125 0.0578125 0.08046875
10 0.6046875 0.23046875 0.04453125 0.078125
10 0.5640625 0.2234375 0.04375 0.08125
10 0.50703125 0.21875 0.04921875 0.06953125
1 0.4546875 0.21640625 0.059375 0.084375
1 0.38828125 0.21875 0.06875 0.08359375
10 0.44140625 0.15625 0.06328125 0.08046875
10 0.38828125 0.15546875 0.04140625 0.05546875
10 0.34453125 0.15546875 0.05078125 0.07578125
10 0.29453125 0.15546875 0.04921875 0.071875
1 0.2171875 0.32890625 0.06640625 0.1015625
10 0.25234375 0.23515625 0.04296875 0.06875
10 0.275 0.2859375 0.05390625 0.140625
10 0.31015625 0.21796875 0.05546875 0.09375
10 0.3359375 0.2890625 0.053125 0.14453125
10 0.44375 0.31796875 0.05859375 0.128125
1 0.50078125 0.34296875 0.06953125 0.09375
10 0.575 0.321875 0.06015625 0.08125
1 0.6296875 0.34140625 0.05703125 0.0765625
10 0.68359375 0.34140625 0.05859375 0.084375
1 0.73203125 0.35625 0.05859375 0.08828125
10 0.76640625 0.48046875 0.05703125 0.14609375
10 0.70703125 0.45625 0.07109375 0.1515625
10 0.63828125 0.44765625 0.07109375 0.16953125
10 0.575 0.44453125 0.0734375 0.115625
10 0.4890625 0.40625 0.08203125 0.14609375
2 0.4859375 0.49375 0.05390625 0.05390625
2 0.5859375 0.51875 0.05390625 0.05546875
7 0.653125 0.52890625 0.0546875 0.05625
7 0.72421875 0.53046875 0.0453125 0.05390625
2 0.80078125 0.69609375 0.04921875 0.06171875
10 0.79765625 0.62890625 0.09375 0.1546875
10 0.57890625 0.628125 0.09375 0.18203125
7 0.5890625 0.68046875 0.06484375 0.0703125
10 0.478125 0.58125 0.07109375 0.14453125
2 0.47890625 0.68125 0.065625 0.075
2 0.39453125 0.68828125 0.06328125 0.07578125
10 0.3984375 0.56875 0.07890625 0.171875
2 0.31328125 0.684375 0.06171875 0.06875
2 0.23671875 0.66015625 0.0578125 0.06875
10 0.253125 0.571875 0.06875 0.15546875
10 0.31875 0.56796875 0.0796875 0.18203125
3 0.209375 0.31640625 0.0234375 0.04609375
7 0.21328125 0.36796875 0.03984375 0.03671875
2 0.265625 0.36796875 0.04375 0.03828125
2 0.32265625 0.38046875 0.04765625 0.03984375
7 0.378125 0.378125 0.02734375 0.05078125
5 0.50390625 0.953125 0.02890625 0.065625
0 0.96328125 0.85546875 0.01875 0.040625
2 0.96640625 0.85625 0.03125 0.0640625
10 0.953125 0.80625 0.08203125 0.10546875
10 0.903125 0.6109375 0.06796875 0.10625
10 0.94765625 0.61875 0.04609375 0.1203125
0 0.925 0.65546875 0.0140625 0.03203125
2 0.95546875 0.65546875 0.0296875 0.040625
10 0.8328125 0.40390625 0.04921875 0.09296875
10 0.878125 0.409375 0.0421875 0.10546875
10 0.79921875 0.31796875 0.0515625 0.08984375
1 0.8359375 0.33359375 0.03515625 0.05546875
10 0.815625 0.25546875 0.03984375 0.07421875
10 0.77890625 0.24375 0.03828125 0.0703125
10 0.7578125 0.1859375 0.04140625 0.06875
10 0.78515625 0.19453125 0.02734375 0.04296875
1 0.75859375 0.153125 0.0390625 0.053125
10 0.734375 0.10625 0.03359375 0.0546875
10 0.7125 0.08125 0.02734375 0.04375
10 0.6875 0.0703125 0.02734375 0.04453125
3 0.1546875 0.228125 0.01796875 0.04453125
3 0.18046875 0.20546875 0.01796875 0.03515625
3 0.253125 0.08046875 0.01640625 0.03125
0 0.25 0.10703125 0.01640625 0.01640625
2 0.2546875 0.1140625 0.02890625 0.01875
3 0.32265625 0.03125 0.01484375 0.02890625
3 0.31640625 0.05546875 0.015625 0.0296875
3 0.29140625 0.096875 0.015625 0.03125
3 0.32890625 0.09765625 0.01796875 0.03046875
3 0.35390625 0.053125 0.01640625 0.03515625
3 0.38515625 0.046875 0.015625 0.03125
3 0.38046875 0.090625 0.0203125 0.03515625
0 0.378125 0.128125 0.01640625 0.01640625
3 0.42265625 0.0171875 0.01484375 0.03046875
3 0.41875 0.05625 0.01640625 0.03046875
3 0.45078125 0.01796875 0.0125 0.0265625
3 0.46328125 0.040625 0.01484375 0.0296875
3 0.46015625 0.06796875 0.01796875 0.03828125
2 0.46328125 0.121875 0.028125 0.01875
3 0.49453125 0.01796875 0.01484375 0.02890625
9 0.48203125 0.08046875 0.01875 0.03359375
3 0.53828125 0.0734375 0.01640625 0.03046875
3 0.51953125 0.0234375 0.01328125 0.03125
2 0.525 0.05625 0.01328125 0.015625
2 0.54609375 0.13046875 0.02421875 0.0203125
3 0.5546875 0.03046875 0.01328125 0.028125
3 0.6171875 0.06171875 0.01796875 0.03125
3 0.58515625 0.09140625 0.01796875 0.034375
3 0.57890625 0.05859375 0.01796875 0.03125
10 0.56875 0.06796875 0.0390625 0.05625
3 0.5875 0.040625 0.0140625 0.02890625
3 0.65390625 0.08046875 0.01484375 0.0296875
3 0.6265625 0.103125 0.01796875 0.0359375
3 0.67109375 0.11796875 0.0171875 0.02890625
2 0.59140625 0.14140625 0.01953125 0.02109375
2 0.63671875 0.14296875 0.0171875 0.0234375
2 0.6796875 0.15546875 0.01953125 0.0203125
3 0.6640625 0.16640625 0.01953125 0.03671875
3 0.61875 0.1453125 0.01953125 0.03671875
0 0.6578125 0.2015625 0.01796875 0.021875
3 0.57578125 0.14296875 0.01796875 0.04375
3 0.52109375 0.13046875 0.01953125 0.04453125
3 0.44375 0.13515625 0.01953125 0.04453125
7 0.43203125 0.18125 0.02890625 0.025
3 0.384375 0.14765625 0.01953125 0.03203125
3 0.34765625 0.14375 0.02109375 0.03671875
0 0.3375 0.18046875 0.02109375 0.021875
2 0.346875 0.18828125 0.03046875 0.0234375
7 0.29375 0.1890625 0.0234375 0.02890625
3 0.29140625 0.14296875 0.01953125 0.040625
3 0.25078125 0.221875 0.02109375 0.04453125
0 0.25 0.2671875 0.0171875 0.03046875
0 0.315625 0.25625 0.01796875 0.015625
3 0.3125 0.19375 0.0203125 0.04609375
3 0.33515625 0.24453125 0.02578125 0.059375
3 0.3875 0.21015625 0.0234375 0.04453125
3 0.45 0.20625 0.0203125 0.04140625
7 0.453125 0.25546875 0.0296875 0.03515625
3 0.50703125 0.209375 0.02109375 0.04453125
3 0.49375 0.25546875 0.01640625 0.03125
2 0.51875 0.259375 0.0390625 0.03125
3 0.56953125 0.20546875 0.021875 0.04453125
2 0.55625 0.2734375 0.0234375 0.03125
2 0.5828125 0.278125 0.03671875 0.0296875
5 0.60078125 0.28046875 0.0125 0.02109375
0 0.58203125 0.25703125 0.028125 0.0234375
2 0.61953125 0.28125 0.03828125 0.03203125
6 0.60078125 0.17890625 0.02109375 0.0453125
3 0.734375 0.3546875 0.02265625 0.0515625
3 0.69921875 0.328125 0.0234375 0.0484375
0 0.68828125 0.37578125 0.02109375 0.03125
3 0.63125 0.3296875 0.02265625 0.0484375
7 0.62890625 0.378125 0.0375 0.04296875
3 0.58203125 0.30625 0.02265625 0.046875
5 0.57421875 0.365625 0.0234375 0.01640625
2 0.584375 0.37421875 0.04609375 0.04375
3 0.49453125 0.32890625 0.02890625 0.04296875
0 0.43828125 0.36796875 0.02265625 0.0234375
3 0.44375 0.28671875 0.0296875 0.06875
3 0.3765625 0.253125 0.028125 0.05703125
10 0.3828125 0.2984375 0.05859375 0.15546875
5 0.31875 0.36875 0.01171875 0.0265625
6 0.275 0.24375 0.02265625 0.059375
3 0.4921875 0.36953125 0.02890625 0.06640625
3 0.58203125 0.428125 0.03671875 0.071875
3 0.653125 0.40390625 0.03203125 0.06953125
6 0.7203125 0.41796875 0.03046875 0.06953125
3 0.76953125 0.44140625 0.025 0.06015625
6 0.82578125 0.59296875 0.03203125 0.08046875
3 0.58828125 0.571875 0.03359375 0.06875
3 0.47421875 0.5515625 0.03359375 0.075
3 0.4 0.51875 0.0328125 0.07421875
3 0.3140625 0.52421875 0.034375 0.08125
3 0.24453125 0.53125 0.03125 0.06796875
3 0.98125 0.81171875 0.02421875 0.05703125
2 0.91953125 0.6703125 0.03515625 0.0390625
3 0.92578125 0.5859375 0.02265625 0.05625
3 0.95625 0.5875 0.0234375 0.05625
3 0.84140625 0.38046875 0.01953125 0.04609375
3 0.8859375 0.38203125 0.01953125 0.046875
0 0.83984375 0.44140625 0.02109375 0.02421875
2 0.84453125 0.45859375 0.03359375 0.025
3 0.8375 0.3234375 0.01953125 0.03203125
3 0.81328125 0.303125 0.02265625 0.0453125
0 0.815625 0.35546875 0.01796875 0.02578125
2 0.8125 0.36796875 0.0296875 0.0234375
3 0.825 0.2390625 0.01953125 0.03828125
3 0.7875 0.2296875 0.01796875 0.040625
3 0.765625 0.17109375 0.01796875 0.0390625
3 0.7890625 0.19375 0.01640625 0.03515625
3 0.76015625 0.14296875 0.01796875 0.03203125
6 0.73828125 0.09296875 0.01328125 0.02890625
0 0.73828125 0.13203125 0.01328125 0.01796875
3 0.71875 0.07421875 0.01171875 0.03046875
3 0.6875 0.0609375 0.01328125 0.0203125