3 0.01875 0.56640625 0.0328125 0.05703125
10 0.03828125 0.59375 0.071875 0.14375
2 0.1171875 0.30625 0.025 0.0265625
3 0.15390625 0.23046875 0.01796875 0.04453125
10 0.15625 0.25390625 0.0453125 0.08046875
2 0.1984375 0.23125 0.01796875 0.0234375
3 0.18125 0.2 0.015625 0.03125
1 0.18828125 0.20625 0.03359375 0.0546875
5 0.19453125 0.16796875 0.0125 0.01953125
3 0.19765625 0.13046875 0.01328125 0.03125
10 0.196875 0.14375 0.03671875 0.06484375
5 0.25078125 0.1125 0.01015625 0.00625
2 0.2546875 0.115625 0.02734375 0.015625
3 0.25625 0.07578125 0.0171875 0.03125
10 0.26015625 0.08359375 0.03515625 0.05078125
10 0.25078125 0.56796875 0.06640625 0.16953125
10 0.315625 0.62734375 0.0828125 0.14921875
10 0.4 0.56796875 0.0703125 0.175
10 0.471875 0.596875 0.07421875 0.21953125
10 0.59140625 0.60546875 0.09453125 0.18671875
7 0.578125 0.678125 0.0734375 0.06796875
7 0.48125 0.67890625 0.06640625 0.06875
2 0.39375 0.684375 0.06484375 0.06953125
7 0.31328125 0.69375 0.06171875 0.06484375
2 0.23671875 0.6640625 0.0546875 0.065625
10 0.79609375 0.64375 0.0953125 0.15703125
10 0.76640625 0.48046875 0.05625 0.14453125
10 0.70703125 0.45625 0.071875 0.13125
10 0.64140625 0.446875 0.06640625 0.16875
10 0.575 0.44375 0.0703125 0.14921875
10 0.48984375 0.43046875 0.0828125 0.13671875
1 0.215625 0.328125 0.06640625 0.09453125
10 0.27421875 0.29375 0.0515625 0.121875
10 0.325 0.30703125 0.06953125 0.12578125
10 0.3921875 0.30546875 0.06328125 0.109375
10 0.4421875 0.321875 0.0625 0.11953125
10 0.50390625 0.32421875 0.06328125 0.10625
10 0.575 0.321875 0.06015625 0.08125
10 0.634375 0.34375 0.05703125 0.08515625
10 0.684375 0.34296875 0.04765625 0.075
1 0.7296875 0.3546875 0.05078125 0.08515625
10 0.603125 0.20546875 0.03984375 0.10703125
10 0.565625 0.21796875 0.0421875 0.08984375
10 0.4546875 0.21484375 0.06015625 0.0796875
1 0.3875 0.21875 0.06640625 0.0796875
10 0.30625 0.22109375 0.0578125 0.08046875
10 0.2546875 0.23125 0.04921875 0.08203125
10 0.2984375 0.15859375 0.04609375 0.07578125
10 0.34375 0.15390625 0.0484375 0.07578125
1 0.38828125 0.15546875 0.04296875 0.0515625
10 0.4421875 0.1484375 0.053125 0.06875
1 0.5109375 0.15625 0.05546875 0.065625
10 0.565625 0.15546875 0.0484375 0.071875
10 0.61015625 0.16796875 0.04140625 0.07109375
10 0.6515625 0.16875 0.04453125 0.06875
1 0.6671875 0.12890625 0.04453125 0.05
1 0.62265625 0.11640625 0.04609375 0.059375
10 0.58203125 0.1046875 0.03828125 0.06875
10 0.53828125 0.09609375 0.04140625 0.05625
10 0.5015625 0.09296875 0.03671875 0.06171875
10 0.4609375 0.0875 0.04140625 0.06953125
10 0.37890625 0.10234375 0.04453125 0.06015625
1 0.3296875 0.109375 0.0375 0.04375
10 0.29296875 0.10625 0.04765625 0.0546875
10 0.3140625 0.06875 0.0375 0.05
10 0.35078125 0.05859375 0.0375 0.05546875
10 0.3875 0.0609375 0.0390625 0.05546875
10 0.32265625 0.04296875 0.03984375 0.04375
10 0.41875 0.03046875 0.03046875 0.0484375
10 0.43125 0.05078125 0.03359375 0.05625
10 0.46328125 0.05625 0.03828125 0.05078125
10 0.45078125 0.02265625 0.028125 0.04375
10 0.4875 0.0265625 0.03046875 0.05078125
10 0.50078125 0.05625 0.03515625 0.05390625
10 0.51953125 0.03125 0.02421875 0.03828125
10 0.5484375 0.0390625 0.03359375 0.046875
10 0.56875 0.06640625 0.0390625 0.05546875
10 0.5859375 0.04609375 0.02734375 0.04375
10 0.609375 0.0671875 0.03359375 0.0640625
10 0.653125 0.08125 0.0359375 0.0546875
10 0.68515625 0.0765625 0.02890625 0.05
10 0.7125 0.08046875 0.02734375 0.04453125
10 0.73359375 0.109375 0.0328125 0.05625
1 0.75546875 0.15546875 0.04453125 0.04375
10 0.75859375 0.18828125 0.0421875 0.0640625
10 0.784375 0.19296875 0.02421875 0.0453125
10 0.7765625 0.24296875 0.04140625 0.065625
10 0.815625 0.25625 0.03984375 0.075
10 0.7984375 0.3109375 0.046875 0.09453125
1 0.84375 0.33125 0.04921875 0.0640625
10 0.83203125 0.4046875 0.05 0.0984375
10 0.8796875 0.41640625 0.04140625 0.0984375
10 0.8984375 0.61484375 0.06015625 0.128125
10 0.946875 0.61796875 0.0453125 0.11953125
10 0.95703125 0.80625 0.07734375 0.1109375
5 0.50390625 0.95390625 0.02578125 0.06171875
10 0.5015625 0.2140625 0.04375 0.08828125
7 0.725 0.53125 0.046875 0.053125
7 0.653125 0.53125 0.0546875 0.053125
7 0.48515625 0.49296875 0.05078125 0.05078125
7 0.21328125 0.36796875 0.040625 0.03671875
2 0.26328125 0.36875 0.04296875 0.03515625
5 0.3765625 0.3765625 0.0125 0.021875
2 0.378125 0.38125 0.02734375 0.0359375
0 0.31015625 0.36796875 0.021875 0.02890625
2 0.32421875 0.38046875 0.04609375 0.0359375
0 0.9625 0.85546875 0.0203125 0.04296875
2 0.9671875 0.8578125 0.02890625 0.06171875
7 0.9203125 0.66875 0.03203125 0.0484375
2 0.95546875 0.65546875 0.03046875 0.040625
3 0.98125 0.80546875 0.02578125 0.059375
3 0.96015625 0.59140625 0.02109375 0.053125
2 0.80078125 0.6953125 0.04921875 0.0609375
5 0.92578125 0.65703125 0.01328125 0.03125
3 0.321875 0.03125 0.01328125 0.028125
3 0.315625 0.06171875 0.01640625 0.03125
3 0.29140625 0.09375 0.01484375 0.03046875
0 0.28984375 0.13125 0.01640625 0.015625
0 0.33046875 0.12890625 0.01484375 0.01796875
3 0.325 0.10546875 0.0171875 0.03046875
3 0.35625 0.04609375 0.0140625 0.03046875
3 0.38203125 0.08671875 0.01796875 0.03125
3 0.38828125 0.05 0.01484375 0.03125
0 0.378125 0.12421875 0.0140625 0.01953125
9 0.43203125 0.040625 0.01484375 0.03046875
3 0.41953125 0.01875 0.0125 0.028125
3 0.45234375 0.01328125 0.01171875 0.025
3 0.46328125 0.04296875 0.01484375 0.03046875
3 0.459375 0.06875 0.01484375 0.034375
9 0.49375 0.078125 0.01640625 0.03046875
2 0.46328125 0.1234375 0.02734375 0.01953125
3 0.490625 0.0109375 0.01171875 0.01953125
3 0.51640625 0.02890625 0.01328125 0.025
3 0.503125 0.046875 0.01484375 0.03125
2 0.52421875 0.0546875 0.01484375 0.01640625
3 0.55390625 0.0296875 0.01171875 0.02578125
3 0.5421875 0.08984375 0.01328125 0.0296875
2 0.54453125 0.13046875 0.02421875 0.0203125
3 0.571875 0.05625 0.0140625 0.03203125
3 0.584375 0.08671875 0.0171875 0.03046875
7 0.59140625 0.1359375 0.01796875 0.01953125
3 0.5875 0.04140625 0.01328125 0.02890625
6 0.61640625 0.04921875 0.015625 0.03125
3 0.62890625 0.10625 0.01640625 0.03046875
0 0.625 0.1421875 0.01171875 0.015625
2 0.6359375 0.14375 0.01484375 0.01875
3 0.6515625 0.06875 0.01328125 0.028125
3 0.6734375 0.11875 0.01796875 0.03125
2 0.6796875 0.15625 0.01953125 0.01953125
0 0.6578125 0.2 0.01640625 0.01875
3 0.6625 0.15546875 0.01796875 0.03359375
3 0.6125 0.1484375 0.0171875 0.03125
3 0.575 0.1421875 0.01953125 0.03828125
3 0.51953125 0.14375 0.01953125 0.04296875
3 0.3953125 0.153125 0.01953125 0.03828125
3 0.4421875 0.13515625 0.01796875 0.04453125
7 0.4375 0.18046875 0.02578125 0.028125
0 0.33828125 0.18125 0.01796875 0.01796875
2 0.346875 0.18671875 0.0328125 0.01953125
3 0.34375 0.13515625 0.01796875 0.04296875
3 0.303125 0.14296875 0.0171875 0.03828125
7 0.28828125 0.19375 0.02734375 0.021875
0 0.25 0.26875 0.01640625 0.021875
3 0.25703125 0.21015625 0.02109375 0.04453125
3 0.309375 0.2046875 0.021875 0.04296875
3 0.3875 0.21015625 0.02265625 0.04453125
3 0.45078125 0.203125 0.02109375 0.04140625
7 0.44765625 0.25546875 0.03828125 0.03515625
3 0.503125 0.19375 0.01953125 0.04296875
0 0.49453125 0.25546875 0.01484375 0.0296875
2 0.51953125 0.259375 0.0375 0.03046875
9 0.56796875 0.19921875 0.02109375 0.04375
6 0.60390625 0.178125 0.01953125 0.0453125
2 0.55703125 0.2734375 0.02421875 0.03125
2 0.58359375 0.278125 0.03671875 0.0296875
5 0.5875 0.2640625 0.01796875 0.0140625
5 0.60078125 0.28046875 0.01171875 0.01875
2 0.6203125 0.28125 0.03671875 0.03046875
3 0.72578125 0.34296875 0.02109375 0.046875
3 0.69375 0.334375 0.02265625 0.04375
0 0.68671875 0.37421875 0.02265625 0.03046875
2 0.696875 0.38125 0.02578125 0.0359375
5 0.728125 0.3921875 0.0125 0.015625
2 0.746875 0.403125 0.02890625 0.03671875
3 0.64296875 0.32890625 0.02421875 0.04296875
3 0.58203125 0.30546875 0.02265625 0.0484375
0 0.57109375 0.35625 0.0265625 0.02890625
2 0.58203125 0.36953125 0.04375 0.03515625
5 0.50078125 0.36796875 0.01328125 0.02109375
7 0.50625 0.36796875 0.046875 0.034375
3 0.50390625 0.30546875 0.02578125 0.05
3 0.446875 0.29375 0.0265625 0.059375
0 0.43515625 0.36796875 0.02578125 0.0296875
9 0.4109375 0.28125 0.02578125 0.05859375
3 0.31953125 0.27421875 0.02421875 0.05546875
3 0.265625 0.25546875 0.02578125 0.0515625
3 0.21015625 0.31796875 0.02265625 0.046875
3 0.4859375 0.39375 0.028125 0.0640625
3 0.590625 0.40546875 0.03359375 0.0703125
7 0.5875 0.51796875 0.0515625 0.053125
6 0.64375 0.39765625 0.02890625 0.06953125
6 0.72578125 0.4296875 0.03046875 0.071875
3 0.76953125 0.440625 0.02578125 0.06328125
6 0.78515625 0.60625 0.03359375 0.08046875
3 0.58515625 0.54453125 0.02890625 0.06953125
6 0.4734375 0.53046875 0.0375 0.0796875
3 0.38828125 0.5171875 0.03046875 0.06953125
9 0.30859375 0.59296875 0.0421875 0.07421875
3 0.24609375 0.51796875 0.02890625 0.0640625
3 0.9171875 0.58125 0.02109375 0.05859375
3 0.84375 0.37890625 0.0203125 0.046875
3 0.88671875 0.39140625 0.0203125 0.04453125
0 0.840625 0.44296875 0.0203125 0.02578125
2 0.84453125 0.45625 0.03359375 0.0265625
3 0.85078125 0.3265625 0.02109375 0.040625
3 0.8046875 0.284375 0.02109375 0.04375
5 0.81640625 0.35546875 0.02109375 0.02578125
2 0.81015625 0.36484375 0.03203125 0.02578125
0 0.821875 0.2890625 0.01484375 0.02421875
3 0.82578125 0.240625 0.01875 0.0390625
3 0.7875 0.23125 0.01796875 0.03828125
3 0.78828125 0.19296875 0.01484375 0.03359375
3 0.7625 0.171875 0.01640625 0.03671875
7 0.76171875 0.21796875 0.0171875 0.0203125
3 0.765625 0.1453125 0.0171875 0.02578125
0 0.73828125 0.13125 0.01328125 0.015625
3 0.73828125 0.09921875 0.01328125 0.03046875
3 0.71953125 0.0703125 0.01328125 0.02578125
3 0.6890625 0.0640625 0.01171875 0.025
0 0.69375 0.09296875 0.0109375 0.0140625
0 0.653125 0.10546875 0.01328125 0.015625