3 0.0234375 0.56640625 0.03359375 0.05703125
10 0.0421875 0.603125 0.071875 0.14453125
2 0.1171875 0.30625 0.025 0.0265625
3 0.1546875 0.23046875 0.01796875 0.04453125
10 0.159375 0.25078125 0.0453125 0.08046875
2 0.1984375 0.23125 0.01796875 0.0234375
3 0.18125 0.1984375 0.015625 0.03046875
1 0.1859375 0.20625 0.03359375 0.0546875
5 0.19453125 0.17109375 0.0125 0.01953125
3 0.19765625 0.13046875 0.01328125 0.03125
10 0.196875 0.14453125 0.03671875 0.06484375
5 0.25078125 0.11171875 0.01015625 0.00546875
2 0.2546875 0.115625 0.02734375 0.015625
3 0.25625 0.0765625 0.0171875 0.03046875
10 0.26015625 0.084375 0.03671875 0.05625
10 0.24765625 0.5671875 0.06015625 0.16953125
10 0.309375 0.60625 0.0859375 0.196875
10 0.396875 0.584375 0.0734375 0.15625
10 0.47265625 0.57109375 0.07421875 0.16171875
10 0.58828125 0.60546875 0.09453125 0.19453125
7 0.578125 0.678125 0.0734375 0.06796875
2 0.48125 0.67890625 0.06640625 0.06875
2 0.39375 0.684375 0.06484375 0.06875
7 0.31328125 0.68984375 0.06171875 0.06484375
2 0.23515625 0.66484375 0.05859375 0.06640625
10 0.79609375 0.64375 0.0953125 0.15703125
10 0.76640625 0.48046875 0.05625 0.14453125
10 0.70703125 0.459375 0.071875 0.13125
10 0.6421875 0.44453125 0.06640625 0.175
10 0.571875 0.45078125 0.078125 0.13828125
10 0.4875 0.43125 0.08203125 0.13828125
1 0.215625 0.328125 0.06640625 0.09453125
10 0.27421875 0.29296875 0.0515625 0.125
10 0.325 0.30625 0.06953125 0.12578125
10 0.39375 0.30546875 0.0484375 0.11484375
10 0.44140625 0.31875 0.06171875 0.121875
10 0.50390625 0.321875 0.0625 0.10625
10 0.575 0.321875 0.06015625 0.08046875
10 0.63515625 0.3421875 0.05703125 0.08828125
10 0.684375 0.34296875 0.04765625 0.075
1 0.72890625 0.3546875 0.05078125 0.08515625
10 0.603125 0.20625 0.03984375 0.11171875
10 0.56484375 0.21796875 0.04296875 0.08984375
10 0.453125 0.21640625 0.06171875 0.08125
1 0.3875 0.21875 0.06640625 0.0796875
10 0.30546875 0.221875 0.0578125 0.08046875
10 0.2546875 0.23125 0.05078125 0.084375
10 0.296875 0.14921875 0.046875 0.0796875
10 0.34375 0.153125 0.0484375 0.07578125
1 0.38828125 0.15546875 0.04296875 0.0515625
10 0.4421875 0.1484375 0.05234375 0.06796875
1 0.5109375 0.15625 0.05546875 0.065625
10 0.565625 0.15546875 0.0484375 0.071875
10 0.61015625 0.16796875 0.04140625 0.07109375
10 0.6515625 0.16796875 0.04375 0.06953125
1 0.66640625 0.128125 0.04453125 0.05
1 0.62265625 0.11640625 0.04609375 0.059375
10 0.58203125 0.1046875 0.03828125 0.06875
10 0.53828125 0.096875 0.04140625 0.05625
10 0.5015625 0.09296875 0.03671875 0.06171875
10 0.4609375 0.08828125 0.04140625 0.06875
10 0.378125 0.10234375 0.04453125 0.06015625
1 0.3296875 0.1140625 0.0375 0.046875
10 0.28984375 0.10703125 0.04140625 0.05546875
10 0.31640625 0.06796875 0.034375 0.05078125
10 0.35078125 0.06015625 0.0375 0.05546875
10 0.3875 0.0609375 0.0390625 0.0546875
10 0.32265625 0.04296875 0.03984375 0.04375
10 0.41953125 0.02890625 0.03125 0.05078125
1 0.4296875 0.05546875 0.034375 0.0484375
10 0.46328125 0.05625 0.03828125 0.046875
10 0.45078125 0.0234375 0.028125 0.04453125
10 0.4890625 0.03125 0.02890625 0.04921875
10 0.5015625 0.05546875 0.034375 0.05546875
10 0.52265625 0.03125 0.02578125 0.04140625
10 0.5484375 0.0390625 0.03359375 0.046875
10 0.56953125 0.05703125 0.03828125 0.06171875
10 0.5890625 0.04375 0.01953125 0.0453125
10 0.60859375 0.06796875 0.03359375 0.0640625
10 0.653125 0.08125 0.03515625 0.05078125
10 0.68515625 0.07578125 0.02890625 0.05
10 0.7125 0.08046875 0.02734375 0.04453125
10 0.73203125 0.1109375 0.03203125 0.05546875
1 0.75546875 0.15546875 0.04453125 0.04375
10 0.75859375 0.18828125 0.0421875 0.0640625
10 0.784375 0.19296875 0.02421875 0.0453125
10 0.7765625 0.24296875 0.04140625 0.065625
10 0.815625 0.25546875 0.03984375 0.071875
10 0.80078125 0.31796875 0.05078125 0.084375
1 0.84296875 0.33125 0.04921875 0.0640625
10 0.83203125 0.4015625 0.05 0.0984375
10 0.878125 0.41640625 0.04140625 0.0984375
10 0.9 0.59765625 0.06796875 0.0953125
10 0.946875 0.61796875 0.0453125 0.11953125
10 0.95703125 0.80078125 0.08203125 0.10625
5 0.50390625 0.95390625 0.02578125 0.06171875
10 0.50625 0.21171875 0.0484375 0.08125
7 0.725 0.53125 0.046875 0.053125
7 0.653125 0.53125 0.0546875 0.053125
7 0.48515625 0.49296875 0.05078125 0.05078125
7 0.21328125 0.36875 0.040625 0.03671875
2 0.26328125 0.36875 0.04296875 0.03515625
5 0.3765625 0.3765625 0.0125 0.021875
2 0.378125 0.38125 0.02734375 0.0359375
0 0.31171875 0.36875 0.0234375 0.03359375
2 0.32421875 0.38125 0.04609375 0.0359375
0 0.96328125 0.85625 0.01640625 0.03515625
2 0.96796875 0.85859375 0.02890625 0.0640625
2 0.91875 0.66796875 0.03515625 0.046875
2 0.9546875 0.65546875 0.03046875 0.040625
3 0.9859375 0.7984375 0.02578125 0.05625
3 0.959375 0.590625 0.01796875 0.05078125
2 0.80234375 0.6984375 0.0484375 0.05859375
3 0.321875 0.03203125 0.0140625 0.02578125
3 0.31875 0.059375 0.0140625 0.03125
3 0.29453125 0.09375 0.01484375 0.03046875
3 0.32578125 0.10546875 0.01640625 0.0296875
3 0.3546875 0.0484375 0.01484375 0.03125
7 0.33828125 0.090625 0.01015625 0.015625
0 0.3296875 0.12890625 0.01484375 0.01875
3 0.38203125 0.090625 0.01640625 0.03046875
3 0.3875 0.053125 0.01484375 0.0265625
0 0.37734375 0.12734375 0.0140625 0.015625
3 0.43046875 0.04609375 0.01328125 0.025
3 0.42265625 0.01640625 0.01328125 0.02578125
3 0.45078125 0.0140625 0.01171875 0.02421875
3 0.46484375 0.04609375 0.01328125 0.02578125
3 0.459375 0.071875 0.01484375 0.03046875
9 0.4921875 0.078125 0.01484375 0.0296875
3 0.503125 0.04375 0.0140625 0.0296875
3 0.4953125 0.01796875 0.01484375 0.0265625
2 0.4625 0.12421875 0.02734375 0.01875
3 0.54140625 0.090625 0.01640625 0.03046875
3 0.55390625 0.03046875 0.0125 0.025
3 0.52109375 0.028125 0.01328125 0.02578125
2 0.5234375 0.05546875 0.01484375 0.01328125
2 0.5453125 0.13046875 0.02421875 0.01875
3 0.58203125 0.0859375 0.015625 0.03046875
6 0.57578125 0.04375 0.01328125 0.03125
3 0.58671875 0.040625 0.0109375 0.02890625
3 0.61328125 0.05078125 0.01484375 0.03046875
3 0.628125 0.10625 0.015625 0.0296875
3 0.65078125 0.0703125 0.01328125 0.028125
0 0.65390625 0.10390625 0.01015625 0.01484375
0 0.62578125 0.1421875 0.01015625 0.015625
7 0.59140625 0.1359375 0.01875 0.01953125
3 0.67265625 0.11875 0.01640625 0.0296875
2 0.6796875 0.15625 0.01875 0.01953125
2 0.6359375 0.14296875 0.01484375 0.01796875
3 0.6625 0.15625 0.0171875 0.034375
0 0.6578125 0.19921875 0.01640625 0.01953125
3 0.61328125 0.14921875 0.01640625 0.03125
3 0.5734375 0.14140625 0.01875 0.03828125
3 0.51953125 0.14453125 0.01875 0.04140625
3 0.44453125 0.13984375 0.01875 0.040625
7 0.43671875 0.18125 0.0265625 0.02890625
3 0.3953125 0.15234375 0.01875 0.0359375
3 0.34453125 0.1359375 0.01796875 0.04140625
3 0.296875 0.13046875 0.0171875 0.03515625
2 0.28828125 0.19296875 0.02578125 0.02109375
0 0.33828125 0.18046875 0.01875 0.01875
2 0.346875 0.18828125 0.0328125 0.0234375
0 0.25078125 0.26796875 0.01484375 0.0234375
3 0.259375 0.2078125 0.0203125 0.03984375
3 0.30625 0.2046875 0.02109375 0.040625
3 0.38828125 0.209375 0.021875 0.04453125
3 0.45078125 0.20546875 0.02109375 0.040625
7 0.44765625 0.25546875 0.03828125 0.03359375
3 0.5140625 0.19375 0.01796875 0.04296875
0 0.49453125 0.25390625 0.01640625 0.03046875
2 0.51953125 0.26015625 0.03671875 0.03125
6 0.56953125 0.19375 0.02109375 0.04296875
6 0.6046875 0.17734375 0.01953125 0.0453125
2 0.55625 0.27265625 0.0234375 0.03046875
2 0.58359375 0.27578125 0.03671875 0.03046875
5 0.58828125 0.2640625 0.01796875 0.0140625
5 0.60078125 0.28046875 0.01015625 0.01875
2 0.61953125 0.28125 0.03671875 0.03046875
3 0.72578125 0.34140625 0.02109375 0.046875
3 0.69453125 0.33515625 0.021875 0.04453125
5 0.72734375 0.39140625 0.01171875 0.0140625
2 0.74609375 0.40234375 0.0296875 0.0359375
0 0.6875 0.37421875 0.02109375 0.03046875
2 0.696875 0.38125 0.02421875 0.0359375
3 0.6421875 0.32421875 0.02109375 0.04453125
0 0.57265625 0.35546875 0.02421875 0.028125
2 0.584375 0.37734375 0.0453125 0.03828125
3 0.58046875 0.30546875 0.02265625 0.0484375
3 0.5 0.36796875 0.0140625 0.02109375
3 0.50625 0.30546875 0.0234375 0.0515625
7 0.51640625 0.36796875 0.02578125 0.0359375
0 0.434375 0.36640625 0.0296875 0.03203125
3 0.44453125 0.2890625 0.028125 0.05546875
3 0.4 0.28046875 0.0265625 0.05546875
3 0.31875 0.27421875 0.02421875 0.05625
3 0.26640625 0.25546875 0.02421875 0.05
3 0.21015625 0.3171875 0.02421875 0.0453125
3 0.484375 0.39296875 0.02890625 0.0640625
3 0.5859375 0.415625 0.03515625 0.06640625
6 0.65 0.39375 0.02890625 0.06484375
6 0.72578125 0.42890625 0.02890625 0.065625
3 0.76953125 0.440625 0.02421875 0.059375
7 0.5859375 0.51796875 0.053125 0.05859375
3 0.24453125 0.51640625 0.02734375 0.06171875
9 0.29453125 0.54375 0.03828125 0.06640625
6 0.390625 0.55078125 0.0328125 0.08046875
3 0.471875 0.53125 0.03515625 0.075
3 0.584375 0.54296875 0.03046875 0.07109375
6 0.78515625 0.6046875 0.03203125 0.078125
3 0.92265625 0.5734375 0.02109375 0.053125
5 0.92578125 0.65625 0.01328125 0.034375
0 0.840625 0.44375 0.0203125 0.021875
2 0.84375 0.45859375 0.03203125 0.02578125
6 0.84296875 0.3734375 0.0171875 0.04375
3 0.8890625 0.3890625 0.01796875 0.04453125
3 0.81640625 0.30703125 0.02109375 0.04453125
3 0.85 0.328125 0.01953125 0.040625
0 0.81640625 0.35625 0.01953125 0.02890625
2 0.81015625 0.36484375 0.03359375 0.02578125
3 0.7875 0.23046875 0.0171875 0.03359375
3 0.825 0.24140625 0.01796875 0.03828125
3 0.76484375 0.17265625 0.01484375 0.03046875
7 0.7609375 0.215625 0.01796875 0.0203125
3 0.78828125 0.19296875 0.015625 0.03359375
3 0.76328125 0.15234375 0.01875 0.025
3 0.73828125 0.10078125 0.01171875 0.03046875
0 0.73828125 0.13125 0.0125 0.015625
3 0.71875 0.06953125 0.0125 0.02578125
3 0.68984375 0.0640625 0.01171875 0.025
0 0.6921875 0.09296875 0.01015625 0.01171875