3 0.01875 0.56640625 0.0328125 0.05703125
10 0.03828125 0.5984375 0.071875 0.14453125
2 0.1171875 0.30625 0.025 0.0265625
3 0.1546875 0.23046875 0.01796875 0.04453125
10 0.15703125 0.25546875 0.04453125 0.08125
2 0.19140625 0.23046875 0.03125 0.021875
3 0.1875 0.190625 0.015625 0.03515625
10 0.19375 0.19921875 0.040625 0.05625
3 0.19765625 0.13046875 0.01328125 0.03125
10 0.196875 0.14453125 0.03671875 0.06484375
5 0.25078125 0.1140625 0.01171875 0.01171875
2 0.25390625 0.1140625 0.02734375 0.015625
3 0.25625 0.078125 0.0171875 0.03125
10 0.2609375 0.0875 0.03515625 0.0546875
10 0.25078125 0.56640625 0.06796875 0.16953125
10 0.31953125 0.56875 0.07265625 0.171875
10 0.390625 0.5984375 0.08046875 0.19296875
10 0.478125 0.5984375 0.07265625 0.19453125
10 0.58828125 0.59140625 0.09609375 0.19609375
7 0.57578125 0.678125 0.06953125 0.06796875
7 0.47890625 0.6796875 0.065625 0.0703125
2 0.39375 0.68046875 0.06484375 0.06875
2 0.3140625 0.68671875 0.06171875 0.06953125
2 0.23515625 0.6640625 0.05703125 0.065625
10 0.79609375 0.64375 0.0953125 0.15703125
10 0.7609375 0.48046875 0.065625 0.1453125
10 0.70625 0.44765625 0.0609375 0.16953125
10 0.6421875 0.44296875 0.06640625 0.13125
10 0.57265625 0.45703125 0.07578125 0.13515625
10 0.4875 0.43125 0.08203125 0.13828125
1 0.215625 0.32265625 0.06640625 0.09375
10 0.27421875 0.29296875 0.0515625 0.125
10 0.325 0.30546875 0.06953125 0.12578125
10 0.39140625 0.30546875 0.04921875 0.11484375
10 0.44140625 0.31875 0.06015625 0.12578125
10 0.50234375 0.31796875 0.0640625 0.10625
10 0.575 0.31796875 0.06015625 0.08046875
10 0.634375 0.3390625 0.053125 0.103125
10 0.684375 0.34296875 0.04765625 0.075
1 0.73125 0.35546875 0.05703125 0.08515625
10 0.60625 0.21875 0.04296875 0.09609375
10 0.56484375 0.21875 0.0421875 0.09296875
10 0.453125 0.21640625 0.06171875 0.08125
1 0.38671875 0.21875 0.06640625 0.0796875
10 0.30703125 0.221875 0.05859375 0.08125
10 0.2546875 0.23125 0.05078125 0.084375
10 0.2984375 0.14921875 0.04453125 0.08046875
10 0.34375 0.153125 0.0484375 0.07578125
1 0.38828125 0.15546875 0.04296875 0.0515625
10 0.4421875 0.1484375 0.05390625 0.06875
1 0.51015625 0.15625 0.05546875 0.065625
10 0.565625 0.15546875 0.0484375 0.071875
10 0.609375 0.16796875 0.04140625 0.07109375
10 0.6515625 0.16875 0.04375 0.06953125
1 0.66640625 0.12890625 0.04296875 0.046875
1 0.62265625 0.11640625 0.04609375 0.059375
10 0.58203125 0.1046875 0.03828125 0.06875
10 0.53828125 0.09453125 0.04140625 0.05625
10 0.5015625 0.09296875 0.03671875 0.06171875
10 0.46015625 0.0859375 0.04140625 0.06953125
10 0.378125 0.10234375 0.04453125 0.06015625
1 0.3328125 0.11328125 0.04375 0.04921875
10 0.290625 0.10625 0.03984375 0.05859375
10 0.31640625 0.06796875 0.034375 0.05078125
10 0.35078125 0.05859375 0.0375 0.05546875
10 0.3875 0.05703125 0.0390625 0.053125
10 0.32265625 0.04296875 0.03984375 0.04375
10 0.41953125 0.02890625 0.03125 0.05078125
1 0.4296875 0.05546875 0.03359375 0.05
10 0.46640625 0.0484375 0.03359375 0.06640625
10 0.44921875 0.02734375 0.0234375 0.053125
10 0.4890625 0.03125 0.02890625 0.04921875
10 0.5015625 0.05546875 0.034375 0.05546875
10 0.52265625 0.03125 0.02578125 0.04140625
10 0.5484375 0.0390625 0.03359375 0.046875
10 0.57109375 0.0671875 0.0359375 0.05859375
10 0.584375 0.04375 0.02890625 0.040625
10 0.60859375 0.06796875 0.03359375 0.0640625
10 0.65390625 0.08203125 0.03359375 0.0515625
10 0.684375 0.07578125 0.02890625 0.05
10 0.7125 0.08046875 0.02734375 0.04453125
10 0.73359375 0.1109375 0.0328125 0.05546875
1 0.75546875 0.15546875 0.04453125 0.04375
10 0.75859375 0.18828125 0.0421875 0.0640625
10 0.784375 0.1984375 0.02421875 0.05546875
10 0.7765625 0.24296875 0.04140625 0.065625
10 0.81484375 0.25546875 0.03984375 0.071875
10 0.80078125 0.31796875 0.05078125 0.084375
1 0.84296875 0.33203125 0.04921875 0.0640625
10 0.83203125 0.4015625 0.05 0.0984375
10 0.88125 0.41640625 0.04609375 0.0796875
10 0.9 0.60546875 0.06875 0.090625
10 0.946875 0.61796875 0.0453125 0.11953125
10 0.953125 0.80546875 0.08203125 0.10546875
5 0.50390625 0.95390625 0.02578125 0.06171875
10 0.50625 0.21796875 0.04921875 0.090625
7 0.721875 0.52890625 0.05078125 0.06484375
2 0.653125 0.53125 0.05546875 0.053125
7 0.48515625 0.49296875 0.05078125 0.05078125
7 0.21328125 0.36640625 0.040625 0.03671875
2 0.26484375 0.36953125 0.0421875 0.03515625
5 0.3765625 0.3765625 0.0125 0.021875
2 0.378125 0.38125 0.02734375 0.0359375
0 0.3125 0.371875 0.021875 0.02890625
2 0.3234375 0.38125 0.04609375 0.0359375
0 0.9625 0.85546875 0.0203125 0.04296875
2 0.96640625 0.859375 0.03046875 0.05625
2 0.91875 0.66796875 0.03515625 0.046875
2 0.9546875 0.65546875 0.03046875 0.040625
3 0.98046875 0.81484375 0.02578125 0.059375
3 0.96015625 0.58671875 0.01796875 0.05625
2 0.80078125 0.69609375 0.04921875 0.0609375
3 0.321875 0.03203125 0.01328125 0.02578125
3 0.3140625 0.05546875 0.015625 0.0296875
3 0.29453125 0.09296875 0.01328125 0.03203125
3 0.32578125 0.10546875 0.015625 0.03046875
3 0.35390625 0.04453125 0.01484375 0.0296875
7 0.34375 0.0890625 0.0171875 0.015625
0 0.3296875 0.12890625 0.01328125 0.02109375
7 0.2859375 0.13828125 0.01328125 0.02421875
3 0.38203125 0.090625 0.01796875 0.034375
3 0.38828125 0.0484375 0.01484375 0.03046875
0 0.378125 0.128125 0.01484375 0.01640625
3 0.42265625 0.0171875 0.01484375 0.025
3 0.428125 0.046875 0.0140625 0.03046875
3 0.45078125 0.01328125 0.0125 0.02421875
3 0.46953125 0.03125 0.01484375 0.03046875
3 0.459375 0.06875 0.01640625 0.034375
3 0.496875 0.01796875 0.0140625 0.0265625
3 0.50390625 0.04296875 0.015625 0.03046875
9 0.49609375 0.078125 0.0171875 0.02890625
3 0.5171875 0.02578125 0.0125 0.02578125
3 0.55390625 0.03046875 0.01171875 0.025
3 0.58671875 0.040625 0.0140625 0.02890625
3 0.5421875 0.0921875 0.015625 0.02890625
3 0.61328125 0.05078125 0.01484375 0.03125
3 0.56953125 0.05390625 0.015625 0.0296875
3 0.584375 0.08671875 0.01484375 0.03046875
2 0.5453125 0.13046875 0.02421875 0.01875
3 0.65078125 0.0703125 0.01328125 0.028125
3 0.62890625 0.10625 0.01640625 0.03203125
3 0.6734375 0.11875 0.015625 0.0296875
7 0.590625 0.1359375 0.0203125 0.01953125
0 0.625 0.1421875 0.01171875 0.01796875
2 0.6359375 0.14296875 0.01328125 0.01796875
2 0.6796875 0.15625 0.01875 0.01953125
3 0.66171875 0.15625 0.0171875 0.034375
3 0.6125 0.14921875 0.0171875 0.03359375
3 0.5734375 0.14140625 0.01796875 0.040625
0 0.6578125 0.2 0.01796875 0.01875
3 0.51875 0.14453125 0.01796875 0.04296875
3 0.44375 0.1359375 0.01796875 0.04453125
7 0.43671875 0.18125 0.0265625 0.02890625
3 0.3953125 0.153125 0.01875 0.03671875
0 0.33828125 0.18125 0.01953125 0.01953125
2 0.34609375 0.18671875 0.0328125 0.01953125
3 0.34453125 0.1359375 0.01796875 0.04140625
3 0.29765625 0.13046875 0.01796875 0.03671875
7 0.2875 0.19296875 0.02578125 0.02421875
3 0.25625 0.21015625 0.02109375 0.04296875
3 0.30703125 0.20625 0.02109375 0.04140625
0 0.25 0.26640625 0.0140625 0.02578125
3 0.38828125 0.20703125 0.01953125 0.0453125
3 0.453125 0.20625 0.0203125 0.04140625
7 0.44765625 0.25546875 0.03984375 0.03359375
3 0.51328125 0.19375 0.01953125 0.0453125
0 0.49453125 0.25625 0.015625 0.02890625
2 0.51953125 0.259375 0.0375 0.03046875
6 0.56875 0.19296875 0.0203125 0.0453125
2 0.55625 0.2734375 0.0234375 0.02890625
2 0.58203125 0.27734375 0.0375 0.02890625
5 0.5875 0.26484375 0.01796875 0.01328125
5 0.60078125 0.28125 0.01171875 0.01953125
2 0.61953125 0.27890625 0.03671875 0.02890625
6 0.60703125 0.19375 0.01953125 0.04609375
3 0.73125 0.34375 0.02109375 0.04609375
3 0.69453125 0.33125 0.02109375 0.0484375
0 0.68515625 0.37421875 0.021875 0.03046875
2 0.69609375 0.38046875 0.0234375 0.03515625
2 0.74609375 0.40625 0.0265625 0.03203125
3 0.63359375 0.31015625 0.0234375 0.04453125
7 0.6375 0.3765625 0.04921875 0.03046875
3 0.5859375 0.303125 0.02421875 0.04921875
0 0.5734375 0.35703125 0.02109375 0.02578125
2 0.584375 0.37578125 0.04453125 0.03671875
3 0.503125 0.29765625 0.0265625 0.05625
0 0.49453125 0.36796875 0.02265625 0.02578125
3 0.44453125 0.28671875 0.02734375 0.05625
0 0.43515625 0.365625 0.028125 0.0296875
9 0.39140625 0.278125 0.02578125 0.05625
3 0.31796875 0.275 0.0234375 0.05546875
3 0.26640625 0.25546875 0.02578125 0.0515625
3 0.209375 0.31796875 0.02265625 0.046875
3 0.48203125 0.39375 0.02890625 0.06328125
3 0.5859375 0.43359375 0.03359375 0.06484375
0 0.57265625 0.509375 0.02109375 0.03671875
6 0.64609375 0.4109375 0.02890625 0.06875
6 0.71875 0.39921875 0.02578125 0.06875
3 0.76875 0.4390625 0.02421875 0.06171875
6 0.78515625 0.60546875 0.03046875 0.0796875
6 0.59140625 0.53046875 0.02890625 0.071875
3 0.48125 0.53984375 0.0328125 0.07578125
6 0.3921875 0.546875 0.03046875 0.08125
3 0.3171875 0.53046875 0.028125 0.078125
3 0.24453125 0.51640625 0.02734375 0.06328125
5 0.92578125 0.65625 0.0125 0.02890625
3 0.9234375 0.59609375 0.02109375 0.04921875
3 0.890625 0.4015625 0.01953125 0.04609375
3 0.84375 0.37734375 0.0203125 0.046875
0 0.8421875 0.44296875 0.02109375 0.021875
2 0.84375 0.45703125 0.03203125 0.0265625
3 0.85078125 0.32890625 0.01953125 0.0390625
3 0.81640625 0.30859375 0.02109375 0.04453125
0 0.8171875 0.35625 0.01796875 0.0265625
2 0.81015625 0.36484375 0.03125 0.02578125
3 0.82578125 0.240625 0.01796875 0.03828125
3 0.7875 0.23046875 0.0171875 0.03515625
3 0.78828125 0.1921875 0.01484375 0.034375
3 0.76484375 0.17265625 0.01640625 0.03046875
7 0.7609375 0.21640625 0.01796875 0.02109375
3 0.76484375 0.1515625 0.0171875 0.02421875
3 0.73828125 0.1 0.0125 0.03125
0 0.73828125 0.13125 0.0125 0.01640625
3 0.71875 0.07109375 0.01328125 0.0265625
3 0.68828125 0.0640625 0.01171875 0.02421875
0 0.6921875 0.09375 0.01015625 0.0109375