4 0.7796875 0.29140625 0.09609375 0.19296875
4 0.67734375 0.2609375 0.12890625 0.31796875
4 0.76328125 0.18515625 0.0875 0.19609375
4 0.678125 0.178125 0.09453125 0.21875
4 0.51484375 0.22421875 0.09140625 0.2578125
4 0.54375 0.16640625 0.12109375 0.19296875
4 0.42265625 0.25703125 0.11484375 0.23671875
4 0.34453125 0.18671875 0.1140625 0.2609375
4 0.1828125 0.15703125 0.09609375 0.25546875
4 0.07421875 0.15 0.10625 0.23203125
4 0.1625 0.434375 0.1265625 0.34453125
4 0.5203125 0.6671875 0.14375 0.5703125
4 0.8921875 0.26484375 0.1 0.21953125
4 0.65546875 0.5546875 0.12265625 0.34453125
4 0.3515625 0.40703125 0.18125 0.2453125
4 0.23203125 0.215625 0.13359375 0.2109375