4 0.7359375 0.14375 0.04375 0.175
4 0.74375 0.20234375 0.05859375 0.19921875
4 0.9578125 0.18671875 0.04375 0.25
11 0.40078125 0.54375 0.13984375 0.290625
11 0.265625 0.67890625 0.1375 0.4875
11 0.209375 0.42265625 0.1140625 0.14765625
11 0.2953125 0.3671875 0.08046875 0.13359375
11 0.0703125 0.39453125 0.1234375 0.13359375
11 0.11796875 0.2828125 0.09609375 0.08984375
7 0.8609375 0.284375 0.10703125 0.11875
7 0.94609375 0.4546875 0.10546875 0.375
7 0.77109375 0.28046875 0.08828125 0.103125
7 0.6375 0.19296875 0.071875 0.1140625
11 0.14375 0.25234375 0.046875 0.0765625