4 0.51484375 0.196875 0.115625 0.21484375
4 0.41015625 0.225 0.1453125 0.178125
4 0.57421875 0.41328125 0.19296875 0.25234375
4 0.703125 0.221875 0.11328125 0.2828125
4 0.7265625 0.16953125 0.08046875 0.196875
4 0.80703125 0.196875 0.096875 0.146875
4 0.8984375 0.20390625 0.11953125 0.20234375
4 0.8625 0.3453125 0.1625 0.22265625
4 0.3640625 0.44375 0.1953125 0.26171875
4 0.2484375 0.6671875 0.2984375 0.64140625
4 0.1046875 0.32578125 0.1875 0.35625
4 0.2546875 0.20703125 0.12265625 0.1921875
11 0.71953125 0.72265625 0.271875 0.54765625
7 0.88671875 0.553125 0.22265625 0.33203125