4 0.33515625 0.14921875 0.1109375 0.28046875
4 0.553125 0.32265625 0.1375 0.4171875
4 0.52890625 0.17421875 0.11015625 0.25625
4 0.71484375 0.1953125 0.1140625 0.3125
4 0.7578125 0.65546875 0.3109375 0.62265625
4 0.90703125 0.225 0.08828125 0.1328125
4 0.8703125 0.30625 0.15078125 0.41640625
4 0.5765625 0.26171875 0.15859375 0.22890625
4 0.4 0.465625 0.2109375 0.2796875
4 0.28828125 0.65546875 0.51484375 0.67265625
4 0.0640625 0.22578125 0.1265625 0.3109375
4 0.225 0.2234375 0.12734375 0.203125
7 0.41328125 0.2421875 0.11953125 0.153125
7 0.3046875 0.3328125 0.146875 0.22421875
7 0.0859375 0.40078125 0.16875 0.234375