4 0.940625 0.29921875 0.071875 0.15078125
4 0.63828125 0.29453125 0.1296875 0.18125
4 0.2578125 0.34296875 0.171875 0.3234375
4 0.1765625 0.64765625 0.25859375 0.3859375
4 0.08125 0.2390625 0.1375 0.209375
4 0.1796875 0.19375 0.09765625 0.1453125
7 0.88828125 0.47734375 0.184375 0.39453125
11 0.66640625 0.45546875 0.15234375 0.19140625
11 0.55078125 0.696875 0.26875 0.56953125
11 0.44140625 0.36640625 0.17265625 0.1609375
11 0.828125 0.24375 0.0765625 0.12578125
11 0.075 0.3390625 0.146875 0.19375