4 0.32265625 0.64609375 0.10546875 0.40859375
4 0.4390625 0.51640625 0.09140625 0.2109375
4 0.85859375 0.53203125 0.08125 0.1703125
7 0.553125 0.70703125 0.15703125 0.29609375
7 0.425 0.78828125 0.1734375 0.26875
7 0.22578125 0.84921875 0.12109375 0.29453125
7 0.215625 0.61875 0.1203125 0.19140625
11 0.9109375 0.50625 0.07734375 0.12578125
11 0.58828125 0.4984375 0.08359375 0.34453125
11 0.19921875 0.47578125 0.08984375 0.20625
7 0.41796875 0.28359375 0.046875 0.2046875
11 0.28828125 0.28203125 0.0484375 0.09765625