4 0.69921875 0.57109375 0.1375 0.24921875
4 0.8203125 0.59140625 0.11328125 0.19140625
4 0.2984375 0.421875 0.0765625 0.18359375
4 0.3203125 0.340625 0.05546875 0.14453125
4 0.21640625 0.3375 0.0640625 0.14765625
7 0.90625 0.5765625 0.08828125 0.26171875
7 0.32421875 0.6578125 0.12109375 0.2671875
7 0.17421875 0.8078125 0.1421875 0.38046875
7 0.29765625 0.83671875 0.1546875 0.32109375
11 0.115625 0.64921875 0.096875 0.21484375
11 0.2265625 0.62734375 0.11015625 0.26640625
11 0.0484375 0.784375 0.09609375 0.36328125
11 0.7484375 0.42734375 0.09765625 0.18671875
7 0.621875 0.34140625 0.06171875 0.17265625