4 0.57265625 0.378125 0.1765625 0.51796875
4 0.634375 0.1421875 0.11328125 0.2453125
4 0.1328125 0.3203125 0.13515625 0.23984375
7 0.22578125 0.44921875 0.215625 0.2453125
11 0.34765625 0.6109375 0.21640625 0.28984375
11 0.615625 0.83359375 0.26640625 0.32421875
7 0.90546875 0.5375 0.16875 0.5015625
7 0.75 0.390625 0.16875 0.26171875
7 0.93671875 0.19296875 0.11640625 0.16875
11 0.4265625 0.184375 0.11171875 0.13671875
7 0.165625 0.21171875 0.11171875 0.1671875
7 0.04921875 0.28671875 0.0984375 0.1859375
7 0.2546875 0.10625 0.09765625 0.12265625
7 0.21875 0.26484375 0.10390625 0.16015625