4 0.07734375 0.49375 0.09609375 0.23984375
4 0.1375 0.3859375 0.0921875 0.10703125
4 0.1921875 0.4125 0.096875 0.1265625
4 0.31875 0.43984375 0.1 0.16484375
4 0.65390625 0.29765625 0.059375 0.20078125
4 0.84765625 0.3921875 0.12109375 0.14375
7 0.5609375 0.7359375 0.1515625 0.5078125
7 0.71640625 0.75546875 0.17109375 0.47890625
7 0.4 0.57421875 0.09921875 0.3671875
7 0.81015625 0.5328125 0.1109375 0.1921875
7 0.58046875 0.384375 0.08671875 0.1859375
7 0.2828125 0.68828125 0.134375 0.453125
7 0.240625 0.3515625 0.071875 0.11015625
7 0.2984375 0.3578125 0.059375 0.11171875
7 0.37109375 0.32890625 0.071875 0.12109375
7 0.48984375 0.2703125 0.05390625 0.07890625
7 0.20546875 0.621875 0.11328125 0.4046875
7 0.5046875 0.3984375 0.09453125 0.1421875
7 0.72734375 0.4265625 0.07265625 0.15234375