4 0.43828125 0.646875 0.09921875 0.5171875
11 0.91953125 0.6921875 0.15859375 0.4796875
11 0.5328125 0.67890625 0.115625 0.46171875
7 0.59765625 0.42578125 0.09921875 0.1453125
7 0.953125 0.32109375 0.0765625 0.109375
7 0.215625 0.4953125 0.09609375 0.1796875
7 0.32265625 0.41328125 0.08671875 0.13046875
7 0.27109375 0.4109375 0.059375 0.09609375
7 0.37421875 0.34375 0.06015625 0.10625
7 0.4234375 0.34140625 0.08125 0.11875
7 0.85390625 0.428125 0.096875 0.18125
7 0.90625 0.359375 0.05859375 0.153125