4 0.53828125 0.23984375 0.04921875 0.1515625
7 0.91640625 0.72109375 0.1625 0.51875
11 0.4328125 0.63984375 0.128125 0.41953125
7 0.15 0.5828125 0.10546875 0.34921875
7 0.096875 0.38359375 0.08671875 0.12890625
7 0.20390625 0.33515625 0.059375 0.109375
7 0.32265625 0.30078125 0.05859375 0.10078125
7 0.6140625 0.3078125 0.0421875 0.1046875
7 0.63203125 0.36328125 0.07109375 0.12890625
11 0.5984375 0.534375 0.0953125 0.2953125
11 0.49140625 0.428125 0.0640625 0.153125
7 0.90546875 0.365625 0.05625 0.13671875
7 0.85 0.434375 0.1046875 0.17265625
7 0.42109375 0.33671875 0.07734375 0.115625