4 0.6875 0.38515625 0.15625 0.2390625
4 0.790625 0.42734375 0.24453125 0.253125
4 0.48125 0.3265625 0.14453125 0.2171875
11 0.0640625 0.2453125 0.11484375 0.17890625
11 0.11640625 0.265625 0.15234375 0.16328125
11 0.1859375 0.3078125 0.15078125 0.146875
11 0.31953125 0.3359375 0.1703125 0.153125
11 0.4328125 0.284375 0.10234375 0.1484375
11 0.9390625 0.49140625 0.11640625 0.20234375
11 0.83125 0.73984375 0.334375 0.34375
11 0.3375 0.5015625 0.271875 0.28515625
11 0.19453125 0.4515625 0.20390625 0.2515625
11 0.0953125 0.4375 0.18828125 0.1921875