4 0.64296875 0.36640625 0.04765625 0.0765625
4 0.34296875 0.5515625 0.06796875 0.1453125
7 0.8265625 0.59921875 0.07890625 0.159375
7 0.92421875 0.5609375 0.0765625 0.13515625
11 0.2015625 0.43671875 0.05234375 0.1171875
11 0.25390625 0.42109375 0.04921875 0.11953125
11 0.2890625 0.4765625 0.06484375 0.11484375
11 0.2234375 0.5765625 0.06171875 0.2484375
7 0.55703125 0.6140625 0.0921875 0.14921875
7 0.63125 0.7421875 0.1125 0.23203125
7 0.14296875 0.53828125 0.0828125 0.28515625
7 0.1109375 0.64453125 0.17421875 0.31484375
7 0.1078125 0.91640625 0.1640625 0.1578125