4 0.5171875 0.81796875 0.1109375 0.2046875
7 0.10546875 0.90390625 0.16484375 0.18671875
7 0.12109375 0.8578125 0.13125 0.26484375
7 0.084375 0.53828125 0.10390625 0.1765625
11 0.13671875 0.52890625 0.0640625 0.246875
7 0.2140625 0.5359375 0.07734375 0.3375
7 0.27734375 0.43046875 0.06171875 0.19453125
7 0.33125 0.41484375 0.0546875 0.19453125
7 0.38984375 0.40546875 0.06171875 0.175
7 0.27890625 0.61875 0.08671875 0.1203125
7 0.34375 0.565625 0.0546875 0.13671875
7 0.471875 0.50703125 0.08125 0.13828125
7 0.41171875 0.5375 0.071875 0.140625
7 0.34140625 0.728125 0.1078125 0.190625
7 0.40703125 0.66796875 0.09609375 0.18046875
7 0.61953125 0.76640625 0.08671875 0.253125
7 0.93125 0.58203125 0.0796875 0.13046875
11 0.81171875 0.50078125 0.07421875 0.10859375
7 0.7625 0.50078125 0.06875 0.1328125
7 0.72421875 0.50390625 0.071875 0.1421875
11 0.684375 0.59765625 0.10625 0.2828125
7 0.59921875 0.5046875 0.0640625 0.240625
7 0.51015625 0.340625 0.04375 0.090625
7 0.44375 0.328125 0.0421875 0.090625
7 0.7671875 0.36875 0.05859375 0.128125