4 0.64140625 0.75234375 0.12890625 0.21796875
4 0.515625 0.81328125 0.0875 0.2140625
4 0.43984375 0.84609375 0.0875 0.2265625
4 0.27578125 0.5796875 0.065625 0.12890625
7 0.3734375 0.89921875 0.11328125 0.19609375
7 0.47421875 0.52734375 0.078125 0.11953125
7 0.33828125 0.46953125 0.0609375 0.10078125
7 0.38515625 0.46328125 0.05859375 0.11328125
11 0.28828125 0.49296875 0.0609375 0.11328125
11 0.23125 0.5046875 0.05546875 0.13515625
7 0.25546875 0.42109375 0.05546875 0.125
7 0.31171875 0.4078125 0.05 0.12109375
11 0.79140625 0.734375 0.13125 0.26875
7 0.88984375 0.6 0.0828125 0.16171875
7 0.675 0.61953125 0.08515625 0.3046875
7 0.61015625 0.53671875 0.078125 0.2546875
7 0.6515625 0.4515625 0.05859375 0.10703125
7 0.509375 0.34921875 0.0421875 0.09296875
11 0.87734375 0.428125 0.078125 0.18984375
11 0.68046875 0.43515625 0.0375 0.0953125
11 0.94921875 0.5 0.06796875 0.1921875