4 0.5203125 0.4546875 0.03359375 0.11875
4 0.41328125 0.45390625 0.0515625 0.175
4 0.7578125 0.5484375 0.08515625 0.14296875
4 0.20390625 0.46875 0.08125 0.278125
4 0.54140625 0.56328125 0.07578125 0.28515625
4 0.453125 0.625 0.15703125 0.309375
4 0.0828125 0.70390625 0.08125 0.50078125
4 0.03515625 0.6546875 0.06875 0.43828125
4 0.95546875 0.50390625 0.0640625 0.140625
4 0.959375 0.440625 0.0359375 0.1578125
7 0.64921875 0.39921875 0.0765625 0.10390625
7 0.7234375 0.7390625 0.14609375 0.51640625