4 0.6453125 0.41796875 0.03046875 0.1265625
4 0.284375 0.50234375 0.078125 0.3328125
4 0.4328125 0.52421875 0.071875 0.28671875
4 0.8671875 0.665625 0.06953125 0.41328125
4 0.5890625 0.453125 0.05234375 0.1625
4 0.775 0.42421875 0.053125 0.15546875
4 0.54375 0.540625 0.06484375 0.21171875
4 0.2140625 0.5078125 0.0921875 0.22734375
4 0.5203125 0.4546875 0.04296875 0.1859375
4 0.0875 0.6140625 0.07265625 0.63828125
4 0.32734375 0.71171875 0.16171875 0.56328125
4 0.71484375 0.71484375 0.1140625 0.52890625
4 0.175 0.7 0.121875 0.6
4 0.03203125 0.6578125 0.059375 0.43671875
4 0.5015625 0.43203125 0.05859375 0.13671875
4 0.76015625 0.571875 0.07421875 0.184375
4 0.95 0.50703125 0.05859375 0.1265625
4 0.975 0.46171875 0.04921875 0.18125
7 0.509375 0.6390625 0.184375 0.28125