4 0.20078125 0.5265625 0.11171875 0.16796875
4 0.2875 0.70703125 0.10625 0.46328125
4 0.39375 0.59140625 0.09453125 0.3765625
4 0.2984375 0.3140625 0.08125 0.1046875
4 0.36015625 0.28671875 0.06015625 0.08203125
4 0.42890625 0.2640625 0.05703125 0.08203125
4 0.49140625 0.265625 0.0609375 0.08203125
4 0.5734375 0.353125 0.09453125 0.11171875
4 0.7109375 0.4296875 0.10390625 0.13515625
4 0.8390625 0.44609375 0.1140625 0.171875
4 0.12109375 0.396875 0.10390625 0.10859375
4 0.18125 0.40859375 0.1046875 0.11171875
4 0.64765625 0.3171875 0.07109375 0.11328125
4 0.75703125 0.375 0.07421875 0.13515625
7 0.81171875 0.54140625 0.11171875 0.2015625
7 0.64921875 0.51015625 0.134375 0.18828125
7 0.71640625 0.76015625 0.171875 0.471875
7 0.55390625 0.74140625 0.15390625 0.5046875
4 0.48046875 0.4015625 0.13125 0.13828125
4 0.48359375 0.34296875 0.0984375 0.11640625
4 0.3578125 0.3203125 0.0765625 0.11796875
7 0.27265625 0.36171875 0.07109375 0.11015625
7 0.23671875 0.359375 0.05859375 0.1046875
4 0.06171875 0.5078125 0.10234375 0.196875
4 0.3015625 0.45078125 0.10859375 0.16640625