4 0.29453125 0.3875 0.0359375 0.11171875
11 0.63515625 0.48984375 0.06015625 0.0953125
11 0.75546875 0.49609375 0.05703125 0.08515625
11 0.725 0.51328125 0.05 0.09375
11 0.34296875 0.46484375 0.05390625 0.13984375
11 0.55625 0.528125 0.0609375 0.1078125
11 0.63515625 0.6796875 0.1046875 0.33203125
11 0.1671875 0.490625 0.06015625 0.1328125
11 0.21328125 0.5375 0.08359375 0.1625
11 0.30546875 0.59609375 0.08203125 0.17265625
11 0.521875 0.64296875 0.08984375 0.22421875
11 0.45 0.75859375 0.13515625 0.26015625
11 0.21484375 0.8171875 0.18515625 0.26015625