4 0.08515625 0.56328125 0.0796875 0.33671875
4 0.15390625 0.57734375 0.07578125 0.38359375
4 0.215625 0.62578125 0.09453125 0.44296875
4 0.29140625 0.70078125 0.13828125 0.521875
4 0.59765625 0.71953125 0.1796875 0.5609375
4 0.79765625 0.7015625 0.196875 0.43515625
4 0.85859375 0.4125 0.06328125 0.13671875
11 0.92734375 0.753125 0.13984375 0.48671875
11 0.478125 0.503125 0.1125 0.1671875
11 0.278125 0.475 0.0671875 0.11875
11 0.3859375 0.7578125 0.17109375 0.48125
11 0.04921875 0.53671875 0.07109375 0.27578125
11 0.57265625 0.421875 0.0703125 0.10234375
11 0.78203125 0.465625 0.0734375 0.1109375
7 0.37734375 0.4671875 0.059375 0.16015625
11 0.4890625 0.45859375 0.07109375 0.11875