4 0.73671875 0.346875 0.0859375 0.10078125
4 0.8453125 0.4375 0.05703125 0.1453125
4 0.32734375 0.3890625 0.0875 0.1421875
4 0.209375 0.7390625 0.14765625 0.46328125
4 0.078125 0.33515625 0.07265625 0.121875
4 0.26875 0.2984375 0.07578125 0.10078125
4 0.7734375 0.24765625 0.0640625 0.10703125
11 0.309375 0.25234375 0.05703125 0.08046875
4 0.346875 0.28515625 0.0625 0.10703125
11 0.4375 0.409375 0.10234375 0.13046875
11 0.1859375 0.4484375 0.1125 0.13046875
11 0.0703125 0.4765625 0.12734375 0.13671875
11 0.06875 0.740625 0.1359375 0.415625
11 0.38984375 0.678125 0.1328125 0.359375
4 0.5109375 0.63671875 0.10390625 0.3890625
7 0.4875 0.23125 0.05546875 0.0890625
11 0.7109375 0.2703125 0.06875 0.08046875
7 0.93984375 0.5546875 0.07421875 0.39765625
7 0.98203125 0.4375 0.03515625 0.1515625
11 0.7703125 0.5953125 0.1359375 0.346875