4 0.078125 0.340625 0.08359375 0.11953125
4 0.45 0.3859375 0.08671875 0.12265625
4 0.87265625 0.31875 0.06796875 0.1171875
4 0.503125 0.6578125 0.10703125 0.4265625
4 0.77109375 0.5875 0.11796875 0.3921875
4 0.33671875 0.40078125 0.103125 0.12890625
4 0.21640625 0.7296875 0.1296875 0.46171875
4 0.37890625 0.6765625 0.11640625 0.37421875
4 0.240625 0.2515625 0.04140625 0.07578125
11 0.1515625 0.25703125 0.10703125 0.12578125
4 0.3140625 0.2453125 0.05 0.08515625
4 0.48984375 0.23359375 0.0515625 0.090625
4 0.35859375 0.2953125 0.078125 0.10546875
11 0.06328125 0.4546875 0.1046875 0.14296875
4 0.859375 0.540625 0.06796875 0.32734375
11 0.9515625 0.45 0.09140625 0.134375
11 0.66640625 0.37734375 0.09296875 0.14921875
7 0.740625 0.37109375 0.053125 0.12265625
7 0.81796875 0.34921875 0.0546875 0.10234375
11 0.76328125 0.2734375 0.06640625 0.1078125
4 0.69609375 0.275 0.0515625 0.10546875
4 0.55859375 0.28828125 0.06484375 0.10234375