4 0.484375 0.3328125 0.1484375 0.221875
7 0.7359375 0.33203125 0.0984375 0.1546875
7 0.84296875 0.43203125 0.159375 0.275
11 0.90703125 0.54765625 0.184375 0.30234375
7 0.578125 0.32578125 0.103125 0.1109375
7 0.6203125 0.371875 0.1390625 0.21015625
7 0.48359375 0.4234375 0.14296875 0.2078125
7 0.25625 0.484375 0.2109375 0.25078125
7 0.16015625 0.46328125 0.1390625 0.225
7 0.07265625 0.56640625 0.140625 0.32109375
7 0.6890625 0.50546875 0.1671875 0.2734375
11 0.4671875 0.64296875 0.17109375 0.3625
11 0.76796875 0.7265625 0.3 0.39375
11 0.5359375 0.78203125 0.38671875 0.43203125
11 0.16875 0.8015625 0.3375 0.3875
7 0.4140625 0.30859375 0.1125 0.13828125
7 0.30078125 0.32578125 0.09140625 0.11796875
7 0.05859375 0.403125 0.115625 0.21953125