4 0.60703125 0.3109375 0.07265625 0.13671875
4 0.4734375 0.3484375 0.05078125 0.190625
4 0.596875 0.54609375 0.18359375 0.31640625
4 0.66875 0.378125 0.11953125 0.209375
7 0.340625 0.396875 0.10234375 0.19921875
11 0.52734375 0.35390625 0.071875 0.10703125
11 0.1328125 0.42890625 0.11171875 0.20078125
11 0.18828125 0.4328125 0.1734375 0.275
7 0.89453125 0.5390625 0.18046875 0.26640625
7 0.75078125 0.62109375 0.17421875 0.42734375
11 0.65703125 0.8203125 0.31484375 0.353125
7 0.359375 0.74140625 0.290625 0.50703125
11 0.20625 0.6390625 0.27109375 0.42578125