4 0.53203125 0.30546875 0.09375 0.16328125
4 0.50859375 0.57109375 0.22578125 0.59140625
11 0.1171875 0.4140625 0.134375 0.1578125
7 0.225 0.4421875 0.1484375 0.203125
11 0.3921875 0.41875 0.11640625 0.27890625
7 0.45625 0.32890625 0.06328125 0.11640625
11 0.63828125 0.29375 0.08671875 0.11796875
11 0.69921875 0.421875 0.1453125 0.190625
11 0.83828125 0.45078125 0.115625 0.22734375
11 0.7359375 0.71328125 0.18515625 0.56171875
11 0.5625 0.53046875 0.16953125 0.228125
11 0.2453125 0.62109375 0.2625 0.284375