4 0.66171875 0.2953125 0.1125 0.3609375
4 0.234375 0.48359375 0.16171875 0.41171875
11 0.3875 0.671875 0.20703125 0.35703125
11 0.24765625 0.1578125 0.08359375 0.16171875
11 0.31171875 0.2234375 0.09453125 0.2125
11 0.4375 0.11875 0.07265625 0.1484375
7 0.559375 0.0921875 0.08828125 0.15078125
11 0.49453125 0.171875 0.0953125 0.15625
7 0.753125 0.18125 0.0765625 0.171875
11 0.54921875 0.22265625 0.12890625 0.1875
11 0.47421875 0.39609375 0.1515625 0.34140625
11 0.37734375 0.28671875 0.10703125 0.18359375
11 0.65390625 0.52109375 0.18125 0.2734375
11 0.7921875 0.65625 0.1171875 0.33828125
11 0.5296875 0.78671875 0.25234375 0.4265625
11 0.165625 0.365625 0.12890625 0.1953125