4 0.54453125 0.28984375 0.115625 0.2375
4 0.69375 0.29296875 0.1296875 0.26484375
4 0.76875 0.1046875 0.06953125 0.203125
4 0.7265625 0.1765625 0.14375 0.22578125
7 0.41640625 0.07734375 0.06015625 0.15390625
7 0.5203125 0.0875 0.08828125 0.1703125
11 0.3515625 0.14296875 0.10703125 0.2328125
7 0.26953125 0.23671875 0.128125 0.253125
7 0.17109375 0.2640625 0.22109375 0.40234375
11 0.39609375 0.27265625 0.14140625 0.259375
7 0.1765625 0.38203125 0.16328125 0.27890625
7 0.30546875 0.44921875 0.13515625 0.25
7 0.490625 0.47734375 0.15625 0.2765625
7 0.66171875 0.4859375 0.15234375 0.2421875
7 0.06640625 0.62265625 0.1296875 0.35
11 0.19921875 0.65 0.2265625 0.4296875
11 0.4078125 0.66875 0.19453125 0.365625
7 0.621875 0.72890625 0.2359375 0.43828125