4 0.646875 0.76796875 0.14453125 0.4640625
4 0.32265625 0.50703125 0.08125 0.36875
4 0.56640625 0.7328125 0.10234375 0.47578125
4 0.45390625 0.7140625 0.1265625 0.4890625
7 0.87265625 0.4328125 0.05703125 0.11171875
11 0.64453125 0.45546875 0.0828125 0.11328125
11 0.72890625 0.48125 0.090625 0.11875
11 0.91015625 0.60703125 0.140625 0.1421875
7 0.54921875 0.5078125 0.08671875 0.16328125
11 0.8703125 0.83046875 0.18046875 0.3109375
11 0.4859375 0.3375 0.0421875 0.0671875
7 0.5140625 0.40234375 0.07578125 0.16875
7 0.41953125 0.44375 0.06640625 0.18671875
11 0.1890625 0.628125 0.1203125 0.33203125
4 0.128125 0.58125 0.09375 0.35390625