4 0.64921875 0.52734375 0.07421875 0.1828125
4 0.53671875 0.48828125 0.090625 0.15234375
4 0.134375 0.584375 0.08828125 0.36953125
4 0.44296875 0.71953125 0.13125 0.503125
4 0.5515625 0.746875 0.109375 0.48828125
7 0.45390625 0.35625 0.04765625 0.10703125
11 0.5109375 0.36953125 0.0828125 0.109375
7 0.3375 0.35703125 0.0453125 0.06875
7 0.390625 0.36328125 0.040625 0.08203125
11 0.3671875 0.403125 0.06484375 0.07890625
11 0.4109375 0.40546875 0.06796875 0.1125
11 0.20859375 0.5984375 0.1125 0.340625
11 0.70703125 0.415625 0.05703125 0.0875
11 0.73359375 0.4640625 0.1046875 0.12421875
11 0.83671875 0.4984375 0.08359375 0.115625
11 0.91640625 0.60546875 0.1359375 0.15625
11 0.7796875 0.58046875 0.1375 0.1359375
11 0.66171875 0.7703125 0.13203125 0.45
11 0.8640625 0.83828125 0.1765625 0.3171875
7 0.2625 0.44375 0.08046875 0.1140625