4 0.71015625 0.36796875 0.0734375 0.1390625
4 0.9328125 0.86640625 0.134375 0.2609375
4 0.4140625 0.0796875 0.06171875 0.11796875
4 0.9359375 0.54296875 0.128125 0.1984375
4 0.31328125 0.51953125 0.1203125 0.328125
7 0.50703125 0.1078125 0.071875 0.12421875
7 0.35390625 0.18359375 0.09140625 0.12734375
11 0.2703125 0.28984375 0.096875 0.15390625
11 0.3734375 0.3296875 0.103125 0.11796875
7 0.06796875 0.6109375 0.128125 0.1890625
11 0.5015625 0.521875 0.14140625 0.17421875
11 0.5828125 0.2484375 0.1046875 0.10625
11 0.61640625 0.1390625 0.1015625 0.1125
4 0.665625 0.059375 0.06484375 0.109375
11 0.7203125 0.1609375 0.08515625 0.09453125
11 0.6984375 0.26484375 0.1203125 0.1421875
11 0.9125 0.1078125 0.08671875 0.10078125
11 0.9265625 0.20546875 0.10859375 0.09453125
7 0.9421875 0.2984375 0.11171875 0.11796875
11 0.93046875 0.4375 0.13203125 0.15703125
11 0.74453125 0.034375 0.078125 0.06484375