4 0.446875 0.6828125 0.09296875 0.14609375
11 0.0484375 0.88671875 0.09453125 0.2203125
11 0.03515625 0.73203125 0.06328125 0.11640625
11 0.1171875 0.7484375 0.1078125 0.1578125
11 0.084375 0.6609375 0.08125 0.128125
11 0.1671875 0.66953125 0.09140625 0.13359375
11 0.3296875 0.6578125 0.08671875 0.125
11 0.31640625 0.7546875 0.09609375 0.1484375
11 0.43359375 0.7875 0.12109375 0.1515625
11 0.2671875 0.8765625 0.11328125 0.19921875
7 0.41171875 0.88671875 0.1265625 0.18125
7 0.66796875 0.89296875 0.1328125 0.18125