4 0.45390625 0.446875 0.096875 0.17265625
7 0.0515625 0.27109375 0.06953125 0.09375
11 0.0765625 0.35625 0.08984375 0.096875
11 0.18515625 0.3125 0.08515625 0.11171875
7 0.26484375 0.35078125 0.0796875 0.1234375
11 0.021875 0.4765625 0.03984375 0.12578125
11 0.05703125 0.55546875 0.11328125 0.17890625
11 0.14609375 0.671875 0.14140625 0.20234375
11 0.36015625 0.53359375 0.14296875 0.15234375
11 0.371875 0.39609375 0.1 0.15546875
7 0.53359375 0.61171875 0.16640625 0.240625
11 0.25703125 0.22578125 0.06953125 0.08828125
7 0.33359375 0.2890625 0.071875 0.1640625
11 0.484375 0.24375 0.071875 0.10546875
7 0.51875 0.3546875 0.103125 0.20859375
7 0.5875 0.26953125 0.06953125 0.13515625
7 0.6171875 0.4265625 0.09140625 0.284375
7 0.69140625 0.31640625 0.1 0.13203125
11 0.75546875 0.50625 0.12109375 0.375
11 0.840625 0.36328125 0.0984375 0.140625
7 0.5375 0.15859375 0.0453125 0.090625
11 0.57421875 0.2125 0.078125 0.1234375
7 0.6375 0.184375 0.06484375 0.09375
7 0.690625 0.24921875 0.0734375 0.12890625
7 0.79140625 0.26796875 0.0765625 0.11171875
7 0.8296875 0.2359375 0.06484375 0.10859375
11 0.90625 0.3125 0.08515625 0.1171875
11 0.94921875 0.28125 0.078125 0.1234375
11 0.3109375 0.79609375 0.1796875 0.2578125
7 0.3953125 0.20859375 0.0796875 0.1171875