7 0.9578125 0.246875 0.05859375 0.1140625
7 0.828125 0.2265625 0.10390625 0.1140625
7 0.36953125 0.165625 0.08359375 0.10078125
4 0.30859375 0.1421875 0.04609375 0.10546875
7 0.2796875 0.22890625 0.0953125 0.171875
7 0.21953125 0.19375 0.059375 0.11171875
7 0.1609375 0.25078125 0.09609375 0.115625
7 0.09140625 0.25546875 0.08671875 0.0921875
7 0.0375 0.3203125 0.07421875 0.1375
11 0.06328125 0.46796875 0.12578125 0.19921875
11 0.13671875 0.67109375 0.209375 0.55078125
7 0.20078125 0.36875 0.1375 0.1546875
7 0.3125 0.54140625 0.14765625 0.44921875
7 0.3375 0.2890625 0.1234375 0.1765625
7 0.5421875 0.26484375 0.115625 0.11171875
7 0.4390625 0.39765625 0.1265625 0.29921875
7 0.92109375 0.30546875 0.09375 0.14375
11 0.8390625 0.378125 0.13203125 0.17265625
7 0.71484375 0.3546875 0.13828125 0.14453125
7 0.59375 0.46171875 0.17890625 0.2515625
7 0.76328125 0.52578125 0.1734375 0.21328125
7 0.41640625 0.6015625 0.221875 0.253125
7 0.61484375 0.71328125 0.20390625 0.31484375