11 0.584375 0.31640625 0.08203125 0.16640625
7 0.184375 0.39375 0.109375 0.19765625
7 0.79140625 0.4046875 0.08828125 0.16328125
7 0.40625 0.38828125 0.0984375 0.20390625
11 0.6609375 0.31953125 0.0703125 0.15625
7 0.603125 0.5 0.15703125 0.27109375
7 0.2421875 0.31484375 0.06796875 0.153125
7 0.43125 0.30234375 0.06171875 0.17734375
7 0.3609375 0.25 0.053125 0.15390625
7 0.7328125 0.52890625 0.11640625 0.21171875
11 0.06171875 0.765625 0.12265625 0.46875
7 0.74375 0.2765625 0.0875 0.12421875
7 0.38203125 0.5203125 0.1015625 0.2203125
7 0.3359375 0.678125 0.16953125 0.328125
7 0.928125 0.70703125 0.14375 0.3265625
7 0.85703125 0.4984375 0.1359375 0.2578125
7 0.6296875 0.715625 0.1796875 0.31171875
11 0.7875 0.696875 0.1578125 0.33125
7 0.1828125 0.74609375 0.13671875 0.5078125
11 0.68203125 0.396875 0.09375 0.18046875
4 0.12109375 0.52421875 0.09453125 0.21796875