4 0.73125 0.359375 0.06328125 0.1359375
11 0.0390625 0.29921875 0.06796875 0.140625
7 0.12578125 0.34296875 0.04765625 0.1390625
7 0.79140625 0.44375 0.115625 0.1890625
7 0.403125 0.47265625 0.10390625 0.2765625
7 0.6109375 0.3265625 0.07890625 0.134375
7 0.8625 0.434375 0.1 0.1640625
7 0.13671875 0.384375 0.06796875 0.17578125
7 0.928125 0.6515625 0.14375 0.4484375
7 0.44296875 0.36171875 0.07421875 0.1359375
4 0.3453125 0.39921875 0.06640625 0.25859375
11 0.509375 0.64453125 0.13671875 0.528125
7 0.17265625 0.4359375 0.08671875 0.22109375
7 0.64140625 0.71484375 0.19609375 0.4390625
11 0.53203125 0.31328125 0.08203125 0.0953125
7 0.22421875 0.5765625 0.11875 0.253125
11 0.759375 0.7359375 0.18359375 0.4296875
7 0.2078125 0.25234375 0.04765625 0.16640625
7 0.08046875 0.5734375 0.1578125 0.31875
7 0.6265625 0.484375 0.128125 0.21796875