7 0.125 0.34375 0.04609375 0.13671875
11 0.8015625 0.44375 0.1328125 0.1890625
7 0.40234375 0.471875 0.103125 0.26640625
4 0.73203125 0.35859375 0.0640625 0.13359375
7 0.61015625 0.325 0.078125 0.13671875
7 0.13671875 0.3890625 0.06484375 0.17109375
7 0.3453125 0.415625 0.06796875 0.275
7 0.928125 0.6453125 0.14375 0.43125
7 0.509375 0.64453125 0.13828125 0.5296875
7 0.8625 0.434375 0.10078125 0.16015625
11 0.44296875 0.36015625 0.06953125 0.13671875
7 0.63984375 0.7390625 0.190625 0.49140625
7 0.39765625 0.2125 0.05078125 0.103125
7 0.165625 0.43515625 0.0765625 0.21875
11 0.53203125 0.31328125 0.08125 0.103125
7 0.7578125 0.75546875 0.1828125 0.4734375
7 0.0390625 0.3078125 0.06640625 0.13046875
7 0.15390625 0.79609375 0.20859375 0.40625
7 0.33515625 0.72578125 0.21015625 0.3984375
7 0.6140625 0.484375 0.13515625 0.21875
7 0.2078125 0.26484375 0.05078125 0.19453125