11 0.52109375 0.390625 0.08828125 0.1546875
11 0.425 0.4578125 0.11796875 0.14921875
11 0.23671875 0.63828125 0.19296875 0.42890625
7 0.18203125 0.4734375 0.10234375 0.18125
7 0.8765625 0.48046875 0.05859375 0.20078125
7 0.25 0.390625 0.059375 0.11015625
7 0.71015625 0.32890625 0.0671875 0.109375
11 0.79375 0.39375 0.10234375 0.14609375
11 0.73671875 0.446875 0.10546875 0.1421875
11 0.70625 0.74921875 0.309375 0.321875
4 0.43671875 0.34375 0.05390625 0.08125
4 0.34609375 0.3515625 0.0578125 0.09609375
11 0.34296875 0.42734375 0.09921875 0.128125
7 0.184375 0.378125 0.06328125 0.0953125
4 0.2953125 0.3421875 0.05703125 0.11015625
7 0.3890625 0.33671875 0.04453125 0.09765625