7 0.8453125 0.30078125 0.09375 0.33046875
11 0.2796875 0.75546875 0.1625 0.4828125
11 0.67578125 0.3234375 0.10390625 0.1484375
11 0.96015625 0.59140625 0.0796875 0.5109375
7 0.10546875 0.32109375 0.10078125 0.3125
7 0.94296875 0.22109375 0.09140625 0.15390625
7 0.3671875 0.3171875 0.10234375 0.2
11 0.3265625 0.44609375 0.15859375 0.18828125
11 0.725 0.43125 0.12109375 0.2453125
11 0.24765625 0.32109375 0.11640625 0.20703125
7 0.12578125 0.7453125 0.153125 0.49453125
11 0.58125 0.425 0.1453125 0.2484375
7 0.90625 0.465625 0.11484375 0.42265625
7 0.18515625 0.46484375 0.12265625 0.1984375
11 0.7765625 0.72734375 0.18984375 0.509375
11 0.6 0.75 0.16171875 0.46953125
7 0.7953125 0.2640625 0.06875 0.34375
7 0.8984375 0.17109375 0.06328125 0.15
7 0.15703125 0.2296875 0.0671875 0.265625
4 0.07265625 0.14375 0.0765625 0.17734375