7 0.37578125 0.34921875 0.0921875 0.196875
11 0.90859375 0.4140625 0.14453125 0.2734375
11 0.259375 0.38671875 0.08828125 0.18984375
11 0.909375 0.41484375 0.14375 0.271875
4 0.31875 0.31015625 0.0671875 0.1640625
4 0.60546875 0.33828125 0.1125 0.2484375
4 0.475 0.26953125 0.06171875 0.14140625
4 0.96015625 0.271875 0.0703125 0.15859375
11 0.23984375 0.77578125 0.3515625 0.43359375
4 0.74296875 0.34765625 0.1046875 0.2140625
4 0.61328125 0.46328125 0.1421875 0.246875
11 0.825 0.58828125 0.26484375 0.36875
11 0.57421875 0.6484375 0.275 0.4515625
11 0.31015625 0.44296875 0.1375 0.2125
4 0.18828125 0.50859375 0.1734375 0.3671875
11 0.41640625 0.51640625 0.21640625 0.2828125
7 0.77578125 0.27421875 0.059375 0.11484375
7 0.1046875 0.4765625 0.121875 0.2484375
7 0.53046875 0.29296875 0.06875 0.146875