7 0.1296875 0.45390625 0.16796875 0.23203125
7 0.9484375 0.40390625 0.1015625 0.171875
7 0.05 0.38671875 0.09765625 0.1390625
7 0.4859375 0.37421875 0.0953125 0.16484375
7 0.64296875 0.696875 0.2328125 0.5859375
11 0.665625 0.3984375 0.11875 0.18046875
7 0.28359375 0.421875 0.10078125 0.18984375
11 0.36015625 0.521875 0.16171875 0.2265625
7 0.91640625 0.46484375 0.146875 0.2421875
7 0.7859375 0.525 0.20546875 0.28203125
7 0.1671875 0.39453125 0.10078125 0.16484375
7 0.340625 0.3734375 0.05390625 0.125
4 0.73828125 0.39609375 0.10859375 0.13203125