7 0.09765625 0.3359375 0.07265625 0.18515625
7 0.559375 0.7625 0.1734375 0.309375
4 0.14453125 0.53203125 0.15 0.48125
7 0.19765625 0.38671875 0.07578125 0.271875
11 0.95703125 0.51328125 0.0859375 0.20390625
4 0.08828125 0.82109375 0.1765625 0.3515625
11 0.37890625 0.8015625 0.18203125 0.37734375
7 0.42265625 0.346875 0.11484375 0.23984375
7 0.1625 0.23828125 0.07265625 0.178125
7 0.68515625 0.15078125 0.04609375 0.09765625
7 0.784375 0.20390625 0.0421875 0.1125
7 0.7109375 0.22109375 0.06640625 0.178125
7 0.740625 0.3203125 0.08359375 0.271875
7 0.6296875 0.38515625 0.078125 0.16796875
11 0.66484375 0.50078125 0.13203125 0.28046875