4 0.50859375 0.16171875 0.06328125 0.22890625
7 0.79921875 0.21484375 0.13984375 0.22890625
4 0.1109375 0.22890625 0.1359375 0.284375
11 0.90234375 0.67265625 0.1953125 0.5734375
7 0.58828125 0.3796875 0.284375 0.421875
11 0.76875 0.3484375 0.2546875 0.33515625
4 0.28125 0.29140625 0.128125 0.2796875
4 0.29765625 0.09765625 0.02890625 0.14453125
7 0.3875 0.12734375 0.07734375 0.18515625
7 0.3234375 0.153125 0.05859375 0.115625
7 0.56796875 0.2 0.13203125 0.2046875
7 0.68046875 0.1671875 0.10625 0.18515625
7 0.86328125 0.20859375 0.1265625 0.1640625
7 0.45078125 0.25625 0.13046875 0.29609375