7 0.265625 0.2984375 0.04921875 0.11796875
7 0.0609375 0.74453125 0.1203125 0.35390625
7 0.671875 0.228125 0.065625 0.10859375
4 0.77421875 0.26328125 0.046875 0.18203125
7 0.03828125 0.56171875 0.07578125 0.22734375
4 0.1015625 0.515625 0.13046875 0.28984375
7 0.45859375 0.32890625 0.05703125 0.14921875
7 0.68203125 0.46640625 0.11171875 0.18671875
7 0.321875 0.765625 0.1234375 0.26015625
4 0.26875 0.8328125 0.2046875 0.33359375
7 0.60625 0.771875 0.125 0.30234375
7 0.46171875 0.77890625 0.14921875 0.3
4 0.7890625 0.8328125 0.165625 0.325
7 0.934375 0.6984375 0.1296875 0.42109375
4 0.88125 0.31640625 0.04296875 0.14375
7 0.58984375 0.49921875 0.08046875 0.1515625
7 0.4234375 0.3 0.04140625 0.08515625
11 0.3296875 0.3515625 0.08046875 0.26015625
7 0.24453125 0.359375 0.0546875 0.12109375
7 0.4671875 0.615625 0.128125 0.2140625
7 0.70078125 0.5921875 0.10625 0.246875
7 0.60234375 0.60078125 0.1265625 0.2296875
4 0.19609375 0.68984375 0.08046875 0.61796875