7 0.3375 0.678125 0.3765625 0.58125
7 0.66796875 0.3265625 0.11640625 0.16953125
7 0.78046875 0.32578125 0.10625 0.134375
4 0.46171875 0.3078125 0.09765625 0.16640625
7 0.546875 0.340625 0.1453125 0.26015625
7 0.25703125 0.37734375 0.11171875 0.17890625
11 0.79375 0.4734375 0.16640625 0.19765625
11 0.61640625 0.55625 0.19609375 0.2671875
11 0.12265625 0.525 0.203125 0.4796875
11 0.06484375 0.42734375 0.11640625 0.24375
11 0.58203125 0.85546875 0.31875 0.284375
7 0.3734375 0.38984375 0.14375 0.27890625