11 0.87265625 0.32421875 0.07578125 0.11015625
11 0.91015625 0.5125 0.16328125 0.25625
11 0.7921875 0.29765625 0.06015625 0.096875
11 0.75078125 0.34453125 0.0953125 0.12421875
7 0.0359375 0.40625 0.06640625 0.2453125
11 0.19921875 0.325 0.08046875 0.15546875
11 0.49921875 0.515625 0.178125 0.3390625
4 0.109375 0.278125 0.08671875 0.1390625
11 0.3296875 0.71875 0.33515625 0.45625
11 0.63515625 0.42421875 0.1234375 0.20703125
11 0.925 0.38125 0.1 0.146875
11 0.78203125 0.7015625 0.2578125 0.58984375
11 0.125 0.4984375 0.22578125 0.32578125
11 0.94375 0.33046875 0.06796875 0.0953125